Project Name,Package Name,Type Name,Code Smell
eclipse.pde.ui-20120509-1450,org.eclipse.pde.api.tools.generator,EEDescriptionGenerator,Unutilized Abstraction
eclipse.pde.ui-20120509-1450,org.eclipse.pde.api.tools.generator,EEGenerator,Deficient Encapsulation
eclipse.pde.ui-20120509-1450,org.eclipse.pde.api.tools.generator,EEGenerator,Insufficient Modularization
eclipse.pde.ui-20120509-1450,org.eclipse.pde.api.tools.generator,AbstractNode,Unutilized Abstraction
eclipse.pde.ui-20120509-1450,org.eclipse.pde.api.tools.generator,Field,Unutilized Abstraction
eclipse.pde.ui-20120509-1450,org.eclipse.pde.api.tools.generator,Field,Broken Hierarchy
eclipse.pde.ui-20120509-1450,org.eclipse.pde.api.tools.generator,Method,Unutilized Abstraction
eclipse.pde.ui-20120509-1450,org.eclipse.pde.api.tools.generator,Method,Deficient Encapsulation
eclipse.pde.ui-20120509-1450,org.eclipse.pde.api.tools.generator,Method,Broken Hierarchy
eclipse.pde.ui-20120509-1450,org.eclipse.pde.api.tools.generator,Package,Unutilized Abstraction
eclipse.pde.ui-20120509-1450,org.eclipse.pde.api.tools.generator,Package,Broken Hierarchy
eclipse.pde.ui-20120509-1450,org.eclipse.pde.api.tools.generator,Package,Cyclic-Dependent Modularization
eclipse.pde.ui-20120509-1450,org.eclipse.pde.api.tools.generator,ProfileInfo,Cyclic-Dependent Modularization
eclipse.pde.ui-20120509-1450,org.eclipse.pde.api.tools.generator,ProfileInfo,Insufficient Modularization
eclipse.pde.ui-20120509-1450,org.eclipse.pde.api.tools.generator,StubClassAdapter,Cyclic-Dependent Modularization
eclipse.pde.ui-20120509-1450,org.eclipse.pde.api.tools.generator,StubField,Unutilized Abstraction
eclipse.pde.ui-20120509-1450,org.eclipse.pde.api.tools.generator,Type,Unutilized Abstraction
eclipse.pde.ui-20120509-1450,org.eclipse.pde.api.tools.generator,Type,Broken Hierarchy
eclipse.pde.ui-20120509-1450,org.eclipse.pde.api.tools.generator,Type,Cyclic-Dependent Modularization
eclipse.pde.ui-20120509-1450,org.eclipse.pde.api.tools.generator.util,Util,Deficient Encapsulation
eclipse.pde.ui-20120509-1450,org.eclipse.pde.api.tools.anttasks.tests,AntRunnerTestCase,Unutilized Abstraction
eclipse.pde.ui-20120509-1450,org.eclipse.pde.api.tools.anttasks.tests,AntRunnerTestCase,Deficient Encapsulation
eclipse.pde.ui-20120509-1450,org.eclipse.pde.api.tools.anttasks.tests,ApiToolingAnalysisAntTaskTests,Unutilized Abstraction
eclipse.pde.ui-20120509-1450,org.eclipse.pde.api.tools.anttasks.tests,ApiToolingApiFreezeAntTaskTests,Unutilized Abstraction
eclipse.pde.ui-20120509-1450,org.eclipse.pde.api.tools.anttasks.tests,ApiToolingApiuseAntTaskTests,Unutilized Abstraction
eclipse.pde.ui-20120509-1450,org.eclipse.pde.api.tools.anttasks.tests,ApiToolingCompareAntTaskTests,Unutilized Abstraction
eclipse.pde.ui-20120509-1450,org.eclipse.pde.api.tools.apiusescan.tests,ExternalDependencyProblemMarkerTests,Unutilized Abstraction
eclipse.pde.ui-20120509-1450,org.eclipse.pde.api.tools.apiusescan.tests,ExternalDependencyTestSuite,Unutilized Abstraction
eclipse.pde.ui-20120509-1450,org.eclipse.pde.api.tools.apiusescan.tests,ExternalDependencyTestUtils,Deficient Encapsulation
eclipse.pde.ui-20120509-1450,org.eclipse.pde.api.tools.apiusescan.tests,ReferenceCountTests,Unutilized Abstraction
eclipse.pde.ui-20120509-1450,org.eclipse.pde.api.tools.builder.tests,ApiBuilderTest,Deficient Encapsulation
eclipse.pde.ui-20120509-1450,org.eclipse.pde.api.tools.builder.tests,ApiBuilderTest,Insufficient Modularization
eclipse.pde.ui-20120509-1450,org.eclipse.pde.api.tools.builder.tests,ApiTestingEnvironment,Insufficient Modularization
eclipse.pde.ui-20120509-1450,org.eclipse.pde.api.tools.builder.tests,OSGiLessAnalysisTests,Unutilized Abstraction
eclipse.pde.ui-20120509-1450,org.eclipse.pde.api.tools.builder.tests.compatibility,AnnotationCompatibilityTests,Insufficient Modularization
eclipse.pde.ui-20120509-1450,org.eclipse.pde.api.tools.builder.tests.compatibility,BundleMergeSplitTests,Deficient Encapsulation
eclipse.pde.ui-20120509-1450,org.eclipse.pde.api.tools.builder.tests.compatibility,BundleVersionTests,Deficient Encapsulation
eclipse.pde.ui-20120509-1450,org.eclipse.pde.api.tools.builder.tests.compatibility,ClassCompatibilityConstructorTests,Insufficient Modularization
eclipse.pde.ui-20120509-1450,org.eclipse.pde.api.tools.builder.tests.compatibility,ClassCompatibilityFieldTests,Insufficient Modularization
eclipse.pde.ui-20120509-1450,org.eclipse.pde.api.tools.builder.tests.compatibility,ClassCompatibilityHierarchyTests,Insufficient Modularization
eclipse.pde.ui-20120509-1450,org.eclipse.pde.api.tools.builder.tests.compatibility,ClassCompatibilityMemberTypeTests,Insufficient Modularization
eclipse.pde.ui-20120509-1450,org.eclipse.pde.api.tools.builder.tests.compatibility,ClassCompatibilityMethodTests,Insufficient Modularization
eclipse.pde.ui-20120509-1450,org.eclipse.pde.api.tools.builder.tests.compatibility,ClassCompatibilityModifierTests,Insufficient Modularization
eclipse.pde.ui-20120509-1450,org.eclipse.pde.api.tools.builder.tests.compatibility,ClassCompatibilityTypeParameterTests,Insufficient Modularization
eclipse.pde.ui-20120509-1450,org.eclipse.pde.api.tools.builder.tests.compatibility,CompatibilityTest,Wide Hierarchy
eclipse.pde.ui-20120509-1450,org.eclipse.pde.api.tools.builder.tests.compatibility,ConstructorCompatibilityTests,Insufficient Modularization
eclipse.pde.ui-20120509-1450,org.eclipse.pde.api.tools.builder.tests.compatibility,FieldCompatibilityModifierTests,Insufficient Modularization
eclipse.pde.ui-20120509-1450,org.eclipse.pde.api.tools.builder.tests.compatibility,InterfaceCompatibilityMemberTests,Insufficient Modularization
eclipse.pde.ui-20120509-1450,org.eclipse.pde.api.tools.builder.tests.compatibility,InterfaceCompatibilityTypeParameterTests,Insufficient Modularization
eclipse.pde.ui-20120509-1450,org.eclipse.pde.api.tools.builder.tests.compatibility,MethodCompatibilityModifierTests,Insufficient Modularization
eclipse.pde.ui-20120509-1450,org.eclipse.pde.api.tools.builder.tests.compatibility,MissingSinceTagTests,Insufficient Modularization
eclipse.pde.ui-20120509-1450,org.eclipse.pde.api.tools.builder.tests.leak,ClassExtendsLeak,Insufficient Modularization
eclipse.pde.ui-20120509-1450,org.eclipse.pde.api.tools.builder.tests.leak,ClassImplementsLeak,Insufficient Modularization
eclipse.pde.ui-20120509-1450,org.eclipse.pde.api.tools.builder.tests.leak,ConstructorParameterLeak,Insufficient Modularization
eclipse.pde.ui-20120509-1450,org.eclipse.pde.api.tools.builder.tests.leak,InterfaceExtendsLeak,Insufficient Modularization
eclipse.pde.ui-20120509-1450,org.eclipse.pde.api.tools.builder.tests.leak,MethodParameterLeak,Insufficient Modularization
eclipse.pde.ui-20120509-1450,org.eclipse.pde.api.tools.builder.tests.leak,MethodReturnTypeLeak,Insufficient Modularization
eclipse.pde.ui-20120509-1450,org.eclipse.pde.api.tools.builder.tests.tags,InvalidAnnotationFieldTagTests,Insufficient Modularization
eclipse.pde.ui-20120509-1450,org.eclipse.pde.api.tools.builder.tests.tags,InvalidAnnotationMethodTagTests,Insufficient Modularization
eclipse.pde.ui-20120509-1450,org.eclipse.pde.api.tools.builder.tests.tags,InvalidAnnotationTagTests,Insufficient Modularization
eclipse.pde.ui-20120509-1450,org.eclipse.pde.api.tools.builder.tests.tags,InvalidClassConstructorTagTests,Insufficient Modularization
eclipse.pde.ui-20120509-1450,org.eclipse.pde.api.tools.builder.tests.tags,InvalidClassFieldTagTests,Insufficient Modularization
eclipse.pde.ui-20120509-1450,org.eclipse.pde.api.tools.builder.tests.tags,InvalidClassMethodTagTests,Insufficient Modularization
eclipse.pde.ui-20120509-1450,org.eclipse.pde.api.tools.builder.tests.tags,InvalidDuplicateTagsTests,Insufficient Modularization
eclipse.pde.ui-20120509-1450,org.eclipse.pde.api.tools.builder.tests.tags,InvalidEnumConstantTagTests,Insufficient Modularization
eclipse.pde.ui-20120509-1450,org.eclipse.pde.api.tools.builder.tests.tags,InvalidEnumFieldTagTests,Insufficient Modularization
eclipse.pde.ui-20120509-1450,org.eclipse.pde.api.tools.builder.tests.tags,InvalidEnumMethodTagTests,Insufficient Modularization
eclipse.pde.ui-20120509-1450,org.eclipse.pde.api.tools.builder.tests.tags,InvalidEnumTagTests,Insufficient Modularization
eclipse.pde.ui-20120509-1450,org.eclipse.pde.api.tools.builder.tests.tags,InvalidInterfaceFieldTagTests,Insufficient Modularization
eclipse.pde.ui-20120509-1450,org.eclipse.pde.api.tools.builder.tests.tags,ValidClassMethodTagTests,Insufficient Modularization
eclipse.pde.ui-20120509-1450,org.eclipse.pde.api.tools.builder.tests.usage,ClassUsageTests,Insufficient Modularization
eclipse.pde.ui-20120509-1450,org.eclipse.pde.api.tools.builder.tests.usage,DependentUsageTests,Insufficient Modularization
eclipse.pde.ui-20120509-1450,org.eclipse.pde.api.tools.builder.tests.usage,Java5ClassUsageTests,Insufficient Modularization
eclipse.pde.ui-20120509-1450,org.eclipse.pde.api.tools.comparator.tests,AllDeltaTests,Unutilized Abstraction
eclipse.pde.ui-20120509-1450,org.eclipse.pde.api.tools.comparator.tests,AnnotationDeltaTests,Unutilized Abstraction
eclipse.pde.ui-20120509-1450,org.eclipse.pde.api.tools.comparator.tests,ApiScopeDeltaTests,Unutilized Abstraction
eclipse.pde.ui-20120509-1450,org.eclipse.pde.api.tools.comparator.tests,BundlesDeltaTests,Unutilized Abstraction
eclipse.pde.ui-20120509-1450,org.eclipse.pde.api.tools.comparator.tests,ClassDeltaTests,Unutilized Abstraction
eclipse.pde.ui-20120509-1450,org.eclipse.pde.api.tools.comparator.tests,ClassDeltaTests,Insufficient Modularization
eclipse.pde.ui-20120509-1450,org.eclipse.pde.api.tools.comparator.tests,MyDeltaVisitor,Unutilized Abstraction
eclipse.pde.ui-20120509-1450,org.eclipse.pde.api.tools.comparator.tests,DeltaTestSetup,Unutilized Abstraction
eclipse.pde.ui-20120509-1450,org.eclipse.pde.api.tools.comparator.tests,EnumDeltaTests,Unutilized Abstraction
eclipse.pde.ui-20120509-1450,org.eclipse.pde.api.tools.comparator.tests,FieldDeltaTests,Unutilized Abstraction
eclipse.pde.ui-20120509-1450,org.eclipse.pde.api.tools.comparator.tests,FieldDeltaTests,Insufficient Modularization
eclipse.pde.ui-20120509-1450,org.eclipse.pde.api.tools.comparator.tests,InterfaceDeltaTests,Unutilized Abstraction
eclipse.pde.ui-20120509-1450,org.eclipse.pde.api.tools.comparator.tests,InterfaceDeltaTests,Insufficient Modularization
eclipse.pde.ui-20120509-1450,org.eclipse.pde.api.tools.comparator.tests,MethodDeltaTests,Unutilized Abstraction
eclipse.pde.ui-20120509-1450,org.eclipse.pde.api.tools.comparator.tests,MethodDeltaTests,Insufficient Modularization
eclipse.pde.ui-20120509-1450,org.eclipse.pde.api.tools.comparator.tests,MixedTypesDeltaTests,Unutilized Abstraction
eclipse.pde.ui-20120509-1450,org.eclipse.pde.api.tools.comparator.tests,RestrictionsDeltaTests,Unutilized Abstraction
eclipse.pde.ui-20120509-1450,org.eclipse.pde.api.tools.model.tests,ApiBaselineTests,Unutilized Abstraction
eclipse.pde.ui-20120509-1450,org.eclipse.pde.api.tools.model.tests,ApiDescriptionTests,Unutilized Abstraction
eclipse.pde.ui-20120509-1450,org.eclipse.pde.api.tools.model.tests,ApiDescriptionTests,Deficient Encapsulation
eclipse.pde.ui-20120509-1450,org.eclipse.pde.api.tools.model.tests,ApiDescriptionTests,Insufficient Modularization
eclipse.pde.ui-20120509-1450,org.eclipse.pde.api.tools.model.tests,ElementDescription,Unutilized Abstraction
eclipse.pde.ui-20120509-1450,org.eclipse.pde.api.tools.model.tests,ElementDescription,Deficient Encapsulation
eclipse.pde.ui-20120509-1450,org.eclipse.pde.api.tools.model.tests,ApiFilterStoreTests,Unutilized Abstraction
eclipse.pde.ui-20120509-1450,org.eclipse.pde.api.tools.model.tests,ApiModelCacheTests,Unutilized Abstraction
eclipse.pde.ui-20120509-1450,org.eclipse.pde.api.tools.model.tests,ApiTypeContainerTests,Unutilized Abstraction
eclipse.pde.ui-20120509-1450,org.eclipse.pde.api.tools.model.tests,BadClassfileTests,Unutilized Abstraction
eclipse.pde.ui-20120509-1450,org.eclipse.pde.api.tools.model.tests,BadClassfileTests,Insufficient Modularization
eclipse.pde.ui-20120509-1450,org.eclipse.pde.api.tools.model.tests,CRCTests,Unutilized Abstraction
eclipse.pde.ui-20120509-1450,org.eclipse.pde.api.tools.model.tests,ClassFileScannerTests,Insufficient Modularization
eclipse.pde.ui-20120509-1450,org.eclipse.pde.api.tools.model.tests,ComponentManifestTests,Unutilized Abstraction
eclipse.pde.ui-20120509-1450,org.eclipse.pde.api.tools.model.tests,ElementDescriptorTests,Unutilized Abstraction
eclipse.pde.ui-20120509-1450,org.eclipse.pde.api.tools.model.tests,ElementDescriptorTests,Insufficient Modularization
eclipse.pde.ui-20120509-1450,org.eclipse.pde.api.tools.model.tests,TagScannerTests,Unutilized Abstraction
eclipse.pde.ui-20120509-1450,org.eclipse.pde.api.tools.model.tests,TagScannerTests,Insufficient Modularization
eclipse.pde.ui-20120509-1450,org.eclipse.pde.api.tools.model.tests,TestSuiteHelper,Deficient Encapsulation
eclipse.pde.ui-20120509-1450,org.eclipse.pde.api.tools.model.tests,TestSuiteHelper,Insufficient Modularization
eclipse.pde.ui-20120509-1450,org.eclipse.pde.api.tools.problems.tests,ApiFilterTests,Unutilized Abstraction
eclipse.pde.ui-20120509-1450,org.eclipse.pde.api.tools.problems.tests,ApiProblemFactoryTests,Unutilized Abstraction
eclipse.pde.ui-20120509-1450,org.eclipse.pde.api.tools.problems.tests,ApiProblemTests,Unutilized Abstraction
eclipse.pde.ui-20120509-1450,org.eclipse.pde.api.tools.problems.tests,ApiProblemTests,Insufficient Modularization
eclipse.pde.ui-20120509-1450,org.eclipse.pde.api.tools.reference.tests,SearchScopeTests,Unutilized Abstraction
eclipse.pde.ui-20120509-1450,org.eclipse.pde.api.tools.search.tests,SearchEngineTests,Unutilized Abstraction
eclipse.pde.ui-20120509-1450,org.eclipse.pde.api.tools.search.tests,SearchEngineTests,Broken Hierarchy
eclipse.pde.ui-20120509-1450,org.eclipse.pde.api.tools.search.tests,SearchTest,Cyclic-Dependent Modularization
eclipse.pde.ui-20120509-1450,org.eclipse.pde.api.tools.search.tests,SkippedComponentTests,Unutilized Abstraction
eclipse.pde.ui-20120509-1450,org.eclipse.pde.api.tools.search.tests,SkippedComponentTests,Broken Hierarchy
eclipse.pde.ui-20120509-1450,org.eclipse.pde.api.tools.search.tests,TestCompositeSearchReporter,Unutilized Abstraction
eclipse.pde.ui-20120509-1450,org.eclipse.pde.api.tools.search.tests,TestReporter,Cyclic-Dependent Modularization
eclipse.pde.ui-20120509-1450,org.eclipse.pde.api.tools.search.tests,TestRequestor,Cyclic-Dependent Modularization
eclipse.pde.ui-20120509-1450,org.eclipse.pde.api.tools.search.tests,UseSearchTests,Unutilized Abstraction
eclipse.pde.ui-20120509-1450,org.eclipse.pde.api.tools.tests,AbstractApiTest,Cyclic-Dependent Modularization
eclipse.pde.ui-20120509-1450,org.eclipse.pde.api.tools.tests,ApiTestsPlugin,Deficient Encapsulation
eclipse.pde.ui-20120509-1450,org.eclipse.pde.api.tools.tests,ApiToolsPerformanceTestSuite,Unutilized Abstraction
eclipse.pde.ui-20120509-1450,org.eclipse.pde.api.tools.tests,ApiToolsPluginTestSuite,Unutilized Abstraction
eclipse.pde.ui-20120509-1450,org.eclipse.pde.api.tools.tests,ApiToolsTestSuite,Unutilized Abstraction
eclipse.pde.ui-20120509-1450,org.eclipse.pde.api.tools.tests.util,FileUtils,Deficient Encapsulation
eclipse.pde.ui-20120509-1450,org.eclipse.pde.api.tools.tests.util,ProjectUtils,Deficient Encapsulation
eclipse.pde.ui-20120509-1450,org.eclipse.pde.api.tools.tests.util,ProjectUtils,Cyclic-Dependent Modularization
eclipse.pde.ui-20120509-1450,org.eclipse.pde.api.tools.util.tests,AbstractApiEventWaiter,Unutilized Abstraction
eclipse.pde.ui-20120509-1450,org.eclipse.pde.api.tools.util.tests,ApiBaselineManagerTests,Unutilized Abstraction
eclipse.pde.ui-20120509-1450,org.eclipse.pde.api.tools.util.tests,ApiBaselineManagerTests,Insufficient Modularization
eclipse.pde.ui-20120509-1450,org.eclipse.pde.api.tools.util.tests,SourceChangeVisitor,Unutilized Abstraction
eclipse.pde.ui-20120509-1450,org.eclipse.pde.api.tools.util.tests,ApiDescriptionProcessorTests,Unutilized Abstraction
eclipse.pde.ui-20120509-1450,org.eclipse.pde.api.tools.util.tests,ChangeVisitor,Unutilized Abstraction
eclipse.pde.ui-20120509-1450,org.eclipse.pde.api.tools.util.tests,HeadlessApiBaselineManagerTests,Unutilized Abstraction
eclipse.pde.ui-20120509-1450,org.eclipse.pde.api.tools.util.tests,JavaModelEventWaiter,Unutilized Abstraction
eclipse.pde.ui-20120509-1450,org.eclipse.pde.api.tools.util.tests,PluginModelEventWaiter,Unutilized Abstraction
eclipse.pde.ui-20120509-1450,org.eclipse.pde.api.tools.util.tests,PluginModelEventWaiter,Broken Hierarchy
eclipse.pde.ui-20120509-1450,org.eclipse.pde.api.tools.util.tests,PreferencesTests,Unutilized Abstraction
eclipse.pde.ui-20120509-1450,org.eclipse.pde.api.tools.util.tests,ProjectCreationTests,Unutilized Abstraction
eclipse.pde.ui-20120509-1450,org.eclipse.pde.api.tools.util.tests,ResourceEventWaiter,Unutilized Abstraction
eclipse.pde.ui-20120509-1450,org.eclipse.pde.api.tools.util.tests,ResourceEventWaiter,Broken Hierarchy
eclipse.pde.ui-20120509-1450,org.eclipse.pde.api.tools.util.tests,SignaturesTests,Unutilized Abstraction
eclipse.pde.ui-20120509-1450,org.eclipse.pde.api.tools.util.tests,SignaturesTests,Insufficient Modularization
eclipse.pde.ui-20120509-1450,org.eclipse.pde.api.tools.util.tests,TarEntryTests,Unutilized Abstraction
eclipse.pde.ui-20120509-1450,org.eclipse.pde.api.tools.util.tests,TarExceptionTests,Unutilized Abstraction
eclipse.pde.ui-20120509-1450,org.eclipse.pde.api.tools.util.tests,UtilTests,Unutilized Abstraction
eclipse.pde.ui-20120509-1450,org.eclipse.pde.api.tools.util.tests,UtilTests,Insufficient Modularization
eclipse.pde.ui-20120509-1450,org.eclipse.pde.api.tools.util.tests,LocalApiComponent,Unutilized Abstraction
eclipse.pde.ui-20120509-1450,org.eclipse.pde.api.tools.util.tests,LocalApiComponent,Insufficient Modularization
eclipse.pde.ui-20120509-1450,a.annotations,MemberType,Unnecessary Abstraction
eclipse.pde.ui-20120509-1450,a.annotations,MemberType,Unutilized Abstraction
eclipse.pde.ui-20120509-1450,a.annotations,ToClass,Unnecessary Abstraction
eclipse.pde.ui-20120509-1450,a.annotations,ToClass,Unutilized Abstraction
eclipse.pde.ui-20120509-1450,a.annotations,ToInterface,Unnecessary Abstraction
eclipse.pde.ui-20120509-1450,a.annotations,ToInterface,Unutilized Abstraction
eclipse.pde.ui-20120509-1450,a.bundles,DeleteAndReplace,Unnecessary Abstraction
eclipse.pde.ui-20120509-1450,a.bundles,DeleteAndReplace,Unutilized Abstraction
eclipse.pde.ui-20120509-1450,a.bundles,PublicToPackageVisibility,Unnecessary Abstraction
eclipse.pde.ui-20120509-1450,a.bundles,PublicToPackageVisibility,Unutilized Abstraction
eclipse.pde.ui-20120509-1450,a.bundles,RemovePublicClass,Unnecessary Abstraction
eclipse.pde.ui-20120509-1450,a.bundles,RemovePublicClass,Unutilized Abstraction
eclipse.pde.ui-20120509-1450,a.bundles,DeleteAndReplace,Unnecessary Abstraction
eclipse.pde.ui-20120509-1450,a.bundles,DeleteAndReplace,Unutilized Abstraction
eclipse.pde.ui-20120509-1450,a.bundles,PublicToPackageVisibility,Unnecessary Abstraction
eclipse.pde.ui-20120509-1450,a.bundles,PublicToPackageVisibility,Unutilized Abstraction
eclipse.pde.ui-20120509-1450,a.bundles.internal,RemovePrivateClass,Unnecessary Abstraction
eclipse.pde.ui-20120509-1450,a.bundles.internal,RemovePrivateClass,Unutilized Abstraction
eclipse.pde.ui-20120509-1450,a.classes.constructors,AddPrivateConstructor,Unutilized Abstraction
eclipse.pde.ui-20120509-1450,a.classes.constructors,AddProtectedConstructor,Unutilized Abstraction
eclipse.pde.ui-20120509-1450,a.classes.constructors,AddPublicConstructor,Unutilized Abstraction
eclipse.pde.ui-20120509-1450,a.classes.constructors,AddSinglePrivateConstructor,Unutilized Abstraction
eclipse.pde.ui-20120509-1450,a.classes.constructors,AddSingleProtectedConstructor,Unutilized Abstraction
eclipse.pde.ui-20120509-1450,a.classes.constructors,AddSinglePublicConstructor,Unutilized Abstraction
eclipse.pde.ui-20120509-1450,a.classes.constructors,RemovePackageConstructor,Unutilized Abstraction
eclipse.pde.ui-20120509-1450,a.classes.constructors,RemovePrivateConstructor,Unutilized Abstraction
eclipse.pde.ui-20120509-1450,a.classes.constructors,RemoveProtectedConstructor,Unutilized Abstraction
eclipse.pde.ui-20120509-1450,a.classes.constructors,RemoveProtectedConstructorNoExtend,Unutilized Abstraction
eclipse.pde.ui-20120509-1450,a.classes.constructors,RemoveProtectedConstructorNoExtendNoInstantiate,Unutilized Abstraction
eclipse.pde.ui-20120509-1450,a.classes.constructors,RemoveProtectedConstructorNoInstantiate,Unutilized Abstraction
eclipse.pde.ui-20120509-1450,a.classes.constructors,RemoveProtectedConstructorNoOverride,Unutilized Abstraction
eclipse.pde.ui-20120509-1450,a.classes.constructors,RemoveProtectedConstructorNoReference,Unutilized Abstraction
eclipse.pde.ui-20120509-1450,a.classes.constructors,RemovePublicConstructor,Unutilized Abstraction
eclipse.pde.ui-20120509-1450,a.classes.constructors,RemovePublicConstructorNoExtend,Unutilized Abstraction
eclipse.pde.ui-20120509-1450,a.classes.constructors,RemovePublicConstructorNoExtendNoInstantiate,Unutilized Abstraction
eclipse.pde.ui-20120509-1450,a.classes.constructors,RemovePublicConstructorNoInstantiate,Unutilized Abstraction
eclipse.pde.ui-20120509-1450,a.classes.constructors,RemovePublicConstructorNoOverride,Unutilized Abstraction
eclipse.pde.ui-20120509-1450,a.classes.constructors,RemovePublicConstructorNoReference,Unutilized Abstraction
eclipse.pde.ui-20120509-1450,a.classes.constructors,RemoveTwoPublicConstructors,Unutilized Abstraction
eclipse.pde.ui-20120509-1450,a.classes.constructors,AddPrivateConstructor,Unutilized Abstraction
eclipse.pde.ui-20120509-1450,a.classes.constructors,AddProtectedConstructor,Unutilized Abstraction
eclipse.pde.ui-20120509-1450,a.classes.constructors,AddPublicConstructor,Unutilized Abstraction
eclipse.pde.ui-20120509-1450,a.classes.constructors,AddSinglePrivateConstructor,Unutilized Abstraction
eclipse.pde.ui-20120509-1450,a.classes.constructors,AddSingleProtectedConstructor,Unutilized Abstraction
eclipse.pde.ui-20120509-1450,a.classes.constructors,AddSinglePublicConstructor,Unutilized Abstraction
eclipse.pde.ui-20120509-1450,a.classes.constructors,RemovePackageConstructor,Unutilized Abstraction
eclipse.pde.ui-20120509-1450,a.classes.constructors,RemovePrivateConstructor,Unutilized Abstraction
eclipse.pde.ui-20120509-1450,a.classes.constructors,RemoveProtectedConstructor,Unutilized Abstraction
eclipse.pde.ui-20120509-1450,a.classes.constructors,RemoveProtectedConstructorNoExtend,Unutilized Abstraction
eclipse.pde.ui-20120509-1450,a.classes.constructors,RemoveProtectedConstructorNoExtendNoInstantiate,Unutilized Abstraction
eclipse.pde.ui-20120509-1450,a.classes.constructors,RemoveProtectedConstructorNoInstantiate,Unutilized Abstraction
eclipse.pde.ui-20120509-1450,a.classes.constructors,RemoveProtectedConstructorNoOverride,Unutilized Abstraction
eclipse.pde.ui-20120509-1450,a.classes.constructors,RemoveProtectedConstructorNoReference,Unutilized Abstraction
eclipse.pde.ui-20120509-1450,a.classes.constructors,RemovePublicConstructor,Unutilized Abstraction
eclipse.pde.ui-20120509-1450,a.classes.constructors,RemovePublicConstructorNoExtend,Unutilized Abstraction
eclipse.pde.ui-20120509-1450,a.classes.constructors,RemovePublicConstructorNoExtendNoInstantiate,Unutilized Abstraction
eclipse.pde.ui-20120509-1450,a.classes.constructors,RemovePublicConstructorNoInstantiate,Unutilized Abstraction
eclipse.pde.ui-20120509-1450,a.classes.constructors,RemovePublicConstructorNoOverride,Unutilized Abstraction
eclipse.pde.ui-20120509-1450,a.classes.constructors,RemovePublicConstructorNoReference,Unutilized Abstraction
eclipse.pde.ui-20120509-1450,a.classes.constructors,RemoveTwoPublicConstructors,Unnecessary Abstraction
eclipse.pde.ui-20120509-1450,a.classes.constructors,RemoveTwoPublicConstructors,Unutilized Abstraction
eclipse.pde.ui-20120509-1450,a.classes.fields,AddPrivateField,Unnecessary Abstraction
eclipse.pde.ui-20120509-1450,a.classes.fields,AddPrivateField,Unutilized Abstraction
eclipse.pde.ui-20120509-1450,a.classes.fields,AddProtectedField,Unnecessary Abstraction
eclipse.pde.ui-20120509-1450,a.classes.fields,AddProtectedField,Unutilized Abstraction
eclipse.pde.ui-20120509-1450,a.classes.fields,AddPublicField,Unnecessary Abstraction
eclipse.pde.ui-20120509-1450,a.classes.fields,AddPublicField,Unutilized Abstraction
eclipse.pde.ui-20120509-1450,a.classes.fields,RemovePackageField,Unnecessary Abstraction
eclipse.pde.ui-20120509-1450,a.classes.fields,RemovePackageField,Unutilized Abstraction
eclipse.pde.ui-20120509-1450,a.classes.fields,RemovePrivateField,Unutilized Abstraction
eclipse.pde.ui-20120509-1450,a.classes.fields,RemoveProtectedField,Unnecessary Abstraction
eclipse.pde.ui-20120509-1450,a.classes.fields,RemoveProtectedField,Unutilized Abstraction
eclipse.pde.ui-20120509-1450,a.classes.fields,RemoveProtectedFieldNoExtend,Unnecessary Abstraction
eclipse.pde.ui-20120509-1450,a.classes.fields,RemoveProtectedFieldNoExtend,Unutilized Abstraction
eclipse.pde.ui-20120509-1450,a.classes.fields,RemoveProtectedFieldNoExtendNoInstantiate,Unnecessary Abstraction
eclipse.pde.ui-20120509-1450,a.classes.fields,RemoveProtectedFieldNoExtendNoInstantiate,Unutilized Abstraction
eclipse.pde.ui-20120509-1450,a.classes.fields,RemoveProtectedFieldNoInstantiate,Unnecessary Abstraction
eclipse.pde.ui-20120509-1450,a.classes.fields,RemoveProtectedFieldNoInstantiate,Unutilized Abstraction
eclipse.pde.ui-20120509-1450,a.classes.fields,RemoveProtectedFieldNoReference,Unnecessary Abstraction
eclipse.pde.ui-20120509-1450,a.classes.fields,RemoveProtectedFieldNoReference,Unutilized Abstraction
eclipse.pde.ui-20120509-1450,a.classes.fields,RemovePublicField,Unnecessary Abstraction
eclipse.pde.ui-20120509-1450,a.classes.fields,RemovePublicField,Unutilized Abstraction
eclipse.pde.ui-20120509-1450,a.classes.fields,RemovePublicField,Deficient Encapsulation
eclipse.pde.ui-20120509-1450,a.classes.fields,RemovePublicFieldNoExtend,Unnecessary Abstraction
eclipse.pde.ui-20120509-1450,a.classes.fields,RemovePublicFieldNoExtend,Unutilized Abstraction
eclipse.pde.ui-20120509-1450,a.classes.fields,RemovePublicFieldNoExtend,Deficient Encapsulation
eclipse.pde.ui-20120509-1450,a.classes.fields,RemovePublicFieldNoExtendNoInstantiate,Unnecessary Abstraction
eclipse.pde.ui-20120509-1450,a.classes.fields,RemovePublicFieldNoExtendNoInstantiate,Unutilized Abstraction
eclipse.pde.ui-20120509-1450,a.classes.fields,RemovePublicFieldNoExtendNoInstantiate,Deficient Encapsulation
eclipse.pde.ui-20120509-1450,a.classes.fields,RemovePublicFieldNoInstantiate,Unnecessary Abstraction
eclipse.pde.ui-20120509-1450,a.classes.fields,RemovePublicFieldNoInstantiate,Unutilized Abstraction
eclipse.pde.ui-20120509-1450,a.classes.fields,RemovePublicFieldNoInstantiate,Deficient Encapsulation
eclipse.pde.ui-20120509-1450,a.classes.fields,RemovePublicFieldNoReference,Unnecessary Abstraction
eclipse.pde.ui-20120509-1450,a.classes.fields,RemovePublicFieldNoReference,Unutilized Abstraction
eclipse.pde.ui-20120509-1450,a.classes.fields,RemovePublicFieldNoReference,Deficient Encapsulation
eclipse.pde.ui-20120509-1450,a.classes.fields,RemoveTwoPublicFields,Unnecessary Abstraction
eclipse.pde.ui-20120509-1450,a.classes.fields,RemoveTwoPublicFields,Unutilized Abstraction
eclipse.pde.ui-20120509-1450,a.classes.fields,RemoveTwoPublicFields,Deficient Encapsulation
eclipse.pde.ui-20120509-1450,a.classes.fields,AddPrivateField,Unnecessary Abstraction
eclipse.pde.ui-20120509-1450,a.classes.fields,AddPrivateField,Unutilized Abstraction
eclipse.pde.ui-20120509-1450,a.classes.fields,AddProtectedField,Unnecessary Abstraction
eclipse.pde.ui-20120509-1450,a.classes.fields,AddProtectedField,Unutilized Abstraction
eclipse.pde.ui-20120509-1450,a.classes.fields,AddPublicField,Unnecessary Abstraction
eclipse.pde.ui-20120509-1450,a.classes.fields,AddPublicField,Unutilized Abstraction
eclipse.pde.ui-20120509-1450,a.classes.fields,AddPublicField,Deficient Encapsulation
eclipse.pde.ui-20120509-1450,a.classes.fields,RemovePackageField,Unnecessary Abstraction
eclipse.pde.ui-20120509-1450,a.classes.fields,RemovePackageField,Unutilized Abstraction
eclipse.pde.ui-20120509-1450,a.classes.fields,RemovePrivateField,Unutilized Abstraction
eclipse.pde.ui-20120509-1450,a.classes.fields,RemoveProtectedField,Unnecessary Abstraction
eclipse.pde.ui-20120509-1450,a.classes.fields,RemoveProtectedField,Unutilized Abstraction
eclipse.pde.ui-20120509-1450,a.classes.fields,RemoveProtectedFieldNoExtend,Unnecessary Abstraction
eclipse.pde.ui-20120509-1450,a.classes.fields,RemoveProtectedFieldNoExtend,Unutilized Abstraction
eclipse.pde.ui-20120509-1450,a.classes.fields,RemoveProtectedFieldNoExtendNoInstantiate,Unnecessary Abstraction
eclipse.pde.ui-20120509-1450,a.classes.fields,RemoveProtectedFieldNoExtendNoInstantiate,Unutilized Abstraction
eclipse.pde.ui-20120509-1450,a.classes.fields,RemoveProtectedFieldNoInstantiate,Unnecessary Abstraction
eclipse.pde.ui-20120509-1450,a.classes.fields,RemoveProtectedFieldNoInstantiate,Unutilized Abstraction
eclipse.pde.ui-20120509-1450,a.classes.fields,RemoveProtectedFieldNoReference,Unnecessary Abstraction
eclipse.pde.ui-20120509-1450,a.classes.fields,RemoveProtectedFieldNoReference,Unutilized Abstraction
eclipse.pde.ui-20120509-1450,a.classes.fields,RemovePublicField,Unnecessary Abstraction
eclipse.pde.ui-20120509-1450,a.classes.fields,RemovePublicField,Unutilized Abstraction
eclipse.pde.ui-20120509-1450,a.classes.fields,RemovePublicFieldNoExtend,Unnecessary Abstraction
eclipse.pde.ui-20120509-1450,a.classes.fields,RemovePublicFieldNoExtend,Unutilized Abstraction
eclipse.pde.ui-20120509-1450,a.classes.fields,RemovePublicFieldNoExtendNoInstantiate,Unnecessary Abstraction
eclipse.pde.ui-20120509-1450,a.classes.fields,RemovePublicFieldNoExtendNoInstantiate,Unutilized Abstraction
eclipse.pde.ui-20120509-1450,a.classes.fields,RemovePublicFieldNoInstantiate,Unnecessary Abstraction
eclipse.pde.ui-20120509-1450,a.classes.fields,RemovePublicFieldNoInstantiate,Unutilized Abstraction
eclipse.pde.ui-20120509-1450,a.classes.fields,RemovePublicFieldNoReference,Unnecessary Abstraction
eclipse.pde.ui-20120509-1450,a.classes.fields,RemovePublicFieldNoReference,Unutilized Abstraction
eclipse.pde.ui-20120509-1450,a.classes.fields,RemoveTwoPublicFields,Unnecessary Abstraction
eclipse.pde.ui-20120509-1450,a.classes.fields,RemoveTwoPublicFields,Unutilized Abstraction
eclipse.pde.ui-20120509-1450,a.classes.hierarchy,AddInterfaceA,Unutilized Abstraction
eclipse.pde.ui-20120509-1450,a.classes.hierarchy,ChangeInterfaceFromAtoB,Unutilized Abstraction
eclipse.pde.ui-20120509-1450,a.classes.hierarchy,ChangedFromAtoD,Unnecessary Abstraction
eclipse.pde.ui-20120509-1450,a.classes.hierarchy,ChangedFromAtoD,Unutilized Abstraction
eclipse.pde.ui-20120509-1450,a.classes.hierarchy,ClassA,Unnecessary Abstraction
eclipse.pde.ui-20120509-1450,a.classes.hierarchy,ClassA,Unutilized Abstraction
eclipse.pde.ui-20120509-1450,a.classes.hierarchy,ClassB,Unnecessary Abstraction
eclipse.pde.ui-20120509-1450,a.classes.hierarchy,ClassB,Unutilized Abstraction
eclipse.pde.ui-20120509-1450,a.classes.hierarchy,ClassC,Unnecessary Abstraction
eclipse.pde.ui-20120509-1450,a.classes.hierarchy,ClassC,Unutilized Abstraction
eclipse.pde.ui-20120509-1450,a.classes.hierarchy,ClassD,Unnecessary Abstraction
eclipse.pde.ui-20120509-1450,a.classes.hierarchy,ClassD,Unutilized Abstraction
eclipse.pde.ui-20120509-1450,a.classes.hierarchy,InterfaceA,Unutilized Abstraction
eclipse.pde.ui-20120509-1450,a.classes.hierarchy,InterfaceB,Unutilized Abstraction
eclipse.pde.ui-20120509-1450,a.classes.hierarchy,ReduceFromCtoA,Unnecessary Abstraction
eclipse.pde.ui-20120509-1450,a.classes.hierarchy,ReduceFromCtoA,Unutilized Abstraction
eclipse.pde.ui-20120509-1450,a.classes.hierarchy,ReduceFromCtoB,Unnecessary Abstraction
eclipse.pde.ui-20120509-1450,a.classes.hierarchy,ReduceFromCtoB,Unutilized Abstraction
eclipse.pde.ui-20120509-1450,a.classes.hierarchy,ReduceFromCtoObject,Unnecessary Abstraction
eclipse.pde.ui-20120509-1450,a.classes.hierarchy,ReduceFromCtoObject,Unutilized Abstraction
eclipse.pde.ui-20120509-1450,a.classes.hierarchy,ReduceInterfaceFromABtoA,Unutilized Abstraction
eclipse.pde.ui-20120509-1450,a.classes.hierarchy,ReduceInterfaceFromABtoEmpty,Unutilized Abstraction
eclipse.pde.ui-20120509-1450,a.classes.hierarchy,RemoveConstructorFromInternalSuperclass,Unnecessary Abstraction
eclipse.pde.ui-20120509-1450,a.classes.hierarchy,RemoveConstructorFromInternalSuperclass,Unutilized Abstraction
eclipse.pde.ui-20120509-1450,a.classes.hierarchy,RemoveInternalSuperClass,Unnecessary Abstraction
eclipse.pde.ui-20120509-1450,a.classes.hierarchy,RemoveInternalSuperClass,Unutilized Abstraction
eclipse.pde.ui-20120509-1450,a.classes.hierarchy,SubClazz,Unutilized Abstraction
eclipse.pde.ui-20120509-1450,a.classes.hierarchy,SubClazz,Broken Hierarchy
eclipse.pde.ui-20120509-1450,a.classes.hierarchy,SuperClazz,Unnecessary Abstraction
eclipse.pde.ui-20120509-1450,a.classes.hierarchy,SuperClazz,Unutilized Abstraction
eclipse.pde.ui-20120509-1450,a.classes.hierarchy,AddInterfaceA,Unutilized Abstraction
eclipse.pde.ui-20120509-1450,a.classes.hierarchy,ChangeInterfaceFromAtoB,Unutilized Abstraction
eclipse.pde.ui-20120509-1450,a.classes.hierarchy,ChangedFromAtoD,Unnecessary Abstraction
eclipse.pde.ui-20120509-1450,a.classes.hierarchy,ChangedFromAtoD,Unutilized Abstraction
eclipse.pde.ui-20120509-1450,a.classes.hierarchy,ReduceFromCtoA,Unnecessary Abstraction
eclipse.pde.ui-20120509-1450,a.classes.hierarchy,ReduceFromCtoA,Unutilized Abstraction
eclipse.pde.ui-20120509-1450,a.classes.hierarchy,ReduceFromCtoB,Unnecessary Abstraction
eclipse.pde.ui-20120509-1450,a.classes.hierarchy,ReduceFromCtoB,Unutilized Abstraction
eclipse.pde.ui-20120509-1450,a.classes.hierarchy,ReduceFromCtoObject,Unnecessary Abstraction
eclipse.pde.ui-20120509-1450,a.classes.hierarchy,ReduceFromCtoObject,Unutilized Abstraction
eclipse.pde.ui-20120509-1450,a.classes.hierarchy,ReduceInterfaceFromABtoA,Unutilized Abstraction
eclipse.pde.ui-20120509-1450,a.classes.hierarchy,ReduceInterfaceFromABtoEmpty,Unutilized Abstraction
eclipse.pde.ui-20120509-1450,a.classes.hierarchy,RemoveConstructorFromInternalSuperclass,Unnecessary Abstraction
eclipse.pde.ui-20120509-1450,a.classes.hierarchy,RemoveConstructorFromInternalSuperclass,Unutilized Abstraction
eclipse.pde.ui-20120509-1450,a.classes.hierarchy,RemoveInternalSuperClass,Unnecessary Abstraction
eclipse.pde.ui-20120509-1450,a.classes.hierarchy,RemoveInternalSuperClass,Unutilized Abstraction
eclipse.pde.ui-20120509-1450,a.classes.hierarchy,SubClazz,Unnecessary Abstraction
eclipse.pde.ui-20120509-1450,a.classes.hierarchy,SubClazz,Unutilized Abstraction
eclipse.pde.ui-20120509-1450,a.classes.hierarchy,SuperClazz,Unutilized Abstraction
eclipse.pde.ui-20120509-1450,a.classes.internal,InternalClass,Unnecessary Abstraction
eclipse.pde.ui-20120509-1450,a.classes.internal,InternalClass,Unutilized Abstraction
eclipse.pde.ui-20120509-1450,a.classes.internal,InternalClassWithConstructor,Unutilized Abstraction
eclipse.pde.ui-20120509-1450,a.classes.internal,InternalClassWithMethod,Unutilized Abstraction
eclipse.pde.ui-20120509-1450,a.classes.membertypes,PackageToPrivateVisibility,Unnecessary Abstraction
eclipse.pde.ui-20120509-1450,a.classes.membertypes,PackageToPrivateVisibility,Unutilized Abstraction
eclipse.pde.ui-20120509-1450,a.classes.membertypes,PackageToPrivate,Unnecessary Abstraction
eclipse.pde.ui-20120509-1450,a.classes.membertypes,PackageToPrivate,Unutilized Abstraction
eclipse.pde.ui-20120509-1450,a.classes.membertypes,ProtectedToPackageVisibility,Unnecessary Abstraction
eclipse.pde.ui-20120509-1450,a.classes.membertypes,ProtectedToPackageVisibility,Unutilized Abstraction
eclipse.pde.ui-20120509-1450,a.classes.membertypes,ProtectedToPackage,Unnecessary Abstraction
eclipse.pde.ui-20120509-1450,a.classes.membertypes,ProtectedToPackage,Unutilized Abstraction
eclipse.pde.ui-20120509-1450,a.classes.membertypes,ProtectedToPackageVisibilityNoExtend,Unnecessary Abstraction
eclipse.pde.ui-20120509-1450,a.classes.membertypes,ProtectedToPackageVisibilityNoExtend,Unutilized Abstraction
eclipse.pde.ui-20120509-1450,a.classes.membertypes,ProtectedToPackage,Unnecessary Abstraction
eclipse.pde.ui-20120509-1450,a.classes.membertypes,ProtectedToPackage,Unutilized Abstraction
eclipse.pde.ui-20120509-1450,a.classes.membertypes,ProtectedToPrivateVisibility,Unnecessary Abstraction
eclipse.pde.ui-20120509-1450,a.classes.membertypes,ProtectedToPrivateVisibility,Unutilized Abstraction
eclipse.pde.ui-20120509-1450,a.classes.membertypes,ProtectedToPrivate,Unnecessary Abstraction
eclipse.pde.ui-20120509-1450,a.classes.membertypes,ProtectedToPrivate,Unutilized Abstraction
eclipse.pde.ui-20120509-1450,a.classes.membertypes,ProtectedToPrivateVisibilityNoExtend,Unnecessary Abstraction
eclipse.pde.ui-20120509-1450,a.classes.membertypes,ProtectedToPrivateVisibilityNoExtend,Unutilized Abstraction
eclipse.pde.ui-20120509-1450,a.classes.membertypes,ProtectedToPrivate,Unnecessary Abstraction
eclipse.pde.ui-20120509-1450,a.classes.membertypes,ProtectedToPrivate,Unutilized Abstraction
eclipse.pde.ui-20120509-1450,a.classes.membertypes,PublicToPackageVisibility,Unnecessary Abstraction
eclipse.pde.ui-20120509-1450,a.classes.membertypes,PublicToPackageVisibility,Unutilized Abstraction
eclipse.pde.ui-20120509-1450,a.classes.membertypes,PublicToPackage,Unnecessary Abstraction
eclipse.pde.ui-20120509-1450,a.classes.membertypes,PublicToPackage,Unutilized Abstraction
eclipse.pde.ui-20120509-1450,a.classes.membertypes,PublicToPrivateVisibility,Unnecessary Abstraction
eclipse.pde.ui-20120509-1450,a.classes.membertypes,PublicToPrivateVisibility,Unutilized Abstraction
eclipse.pde.ui-20120509-1450,a.classes.membertypes,PublicToPrivate,Unnecessary Abstraction
eclipse.pde.ui-20120509-1450,a.classes.membertypes,PublicToPrivate,Unutilized Abstraction
eclipse.pde.ui-20120509-1450,a.classes.membertypes,PublicToProtectedVisibility,Unnecessary Abstraction
eclipse.pde.ui-20120509-1450,a.classes.membertypes,PublicToProtectedVisibility,Unutilized Abstraction
eclipse.pde.ui-20120509-1450,a.classes.membertypes,PublicToProtected,Unnecessary Abstraction
eclipse.pde.ui-20120509-1450,a.classes.membertypes,PublicToProtected,Unutilized Abstraction
eclipse.pde.ui-20120509-1450,a.classes.membertypes,RemovePackageMemberType,Unnecessary Abstraction
eclipse.pde.ui-20120509-1450,a.classes.membertypes,RemovePackageMemberType,Unutilized Abstraction
eclipse.pde.ui-20120509-1450,a.classes.membertypes,PacakgeType,Unnecessary Abstraction
eclipse.pde.ui-20120509-1450,a.classes.membertypes,PacakgeType,Unutilized Abstraction
eclipse.pde.ui-20120509-1450,a.classes.membertypes,RemovePrivateMemberType,Unutilized Abstraction
eclipse.pde.ui-20120509-1450,a.classes.membertypes,PrivateType,Unnecessary Abstraction
eclipse.pde.ui-20120509-1450,a.classes.membertypes,PrivateType,Unutilized Abstraction
eclipse.pde.ui-20120509-1450,a.classes.membertypes,RemoveProtectedMemberType,Unnecessary Abstraction
eclipse.pde.ui-20120509-1450,a.classes.membertypes,RemoveProtectedMemberType,Unutilized Abstraction
eclipse.pde.ui-20120509-1450,a.classes.membertypes,ProtectedType,Unnecessary Abstraction
eclipse.pde.ui-20120509-1450,a.classes.membertypes,ProtectedType,Unutilized Abstraction
eclipse.pde.ui-20120509-1450,a.classes.membertypes,RemoveProtectedMemberTypeNoExtend,Unnecessary Abstraction
eclipse.pde.ui-20120509-1450,a.classes.membertypes,RemoveProtectedMemberTypeNoExtend,Unutilized Abstraction
eclipse.pde.ui-20120509-1450,a.classes.membertypes,ProtectedType,Unnecessary Abstraction
eclipse.pde.ui-20120509-1450,a.classes.membertypes,ProtectedType,Unutilized Abstraction
eclipse.pde.ui-20120509-1450,a.classes.membertypes,RemovePublicMemberType,Unnecessary Abstraction
eclipse.pde.ui-20120509-1450,a.classes.membertypes,RemovePublicMemberType,Unutilized Abstraction
eclipse.pde.ui-20120509-1450,a.classes.membertypes,PublicType,Unnecessary Abstraction
eclipse.pde.ui-20120509-1450,a.classes.membertypes,PublicType,Unutilized Abstraction
eclipse.pde.ui-20120509-1450,a.classes.membertypes,PackageToPrivateVisibility,Unnecessary Abstraction
eclipse.pde.ui-20120509-1450,a.classes.membertypes,PackageToPrivateVisibility,Unutilized Abstraction
eclipse.pde.ui-20120509-1450,a.classes.membertypes,PackageToPrivate,Unnecessary Abstraction
eclipse.pde.ui-20120509-1450,a.classes.membertypes,PackageToPrivate,Unutilized Abstraction
eclipse.pde.ui-20120509-1450,a.classes.membertypes,ProtectedToPackageVisibility,Unnecessary Abstraction
eclipse.pde.ui-20120509-1450,a.classes.membertypes,ProtectedToPackageVisibility,Unutilized Abstraction
eclipse.pde.ui-20120509-1450,a.classes.membertypes,ProtectedToPackage,Unnecessary Abstraction
eclipse.pde.ui-20120509-1450,a.classes.membertypes,ProtectedToPackage,Unutilized Abstraction
eclipse.pde.ui-20120509-1450,a.classes.membertypes,ProtectedToPackageVisibilityNoExtend,Unnecessary Abstraction
eclipse.pde.ui-20120509-1450,a.classes.membertypes,ProtectedToPackageVisibilityNoExtend,Unutilized Abstraction
eclipse.pde.ui-20120509-1450,a.classes.membertypes,ProtectedToPackage,Unnecessary Abstraction
eclipse.pde.ui-20120509-1450,a.classes.membertypes,ProtectedToPackage,Unutilized Abstraction
eclipse.pde.ui-20120509-1450,a.classes.membertypes,ProtectedToPrivateVisibility,Unnecessary Abstraction
eclipse.pde.ui-20120509-1450,a.classes.membertypes,ProtectedToPrivateVisibility,Unutilized Abstraction
eclipse.pde.ui-20120509-1450,a.classes.membertypes,ProtectedToPrivate,Unnecessary Abstraction
eclipse.pde.ui-20120509-1450,a.classes.membertypes,ProtectedToPrivate,Unutilized Abstraction
eclipse.pde.ui-20120509-1450,a.classes.membertypes,ProtectedToPrivateVisibilityNoExtend,Unnecessary Abstraction
eclipse.pde.ui-20120509-1450,a.classes.membertypes,ProtectedToPrivateVisibilityNoExtend,Unutilized Abstraction
eclipse.pde.ui-20120509-1450,a.classes.membertypes,ProtectedToPrivate,Unnecessary Abstraction
eclipse.pde.ui-20120509-1450,a.classes.membertypes,ProtectedToPrivate,Unutilized Abstraction
eclipse.pde.ui-20120509-1450,a.classes.membertypes,PublicToPackageVisibility,Unnecessary Abstraction
eclipse.pde.ui-20120509-1450,a.classes.membertypes,PublicToPackageVisibility,Unutilized Abstraction
eclipse.pde.ui-20120509-1450,a.classes.membertypes,PublicToPackage,Unnecessary Abstraction
eclipse.pde.ui-20120509-1450,a.classes.membertypes,PublicToPackage,Unutilized Abstraction
eclipse.pde.ui-20120509-1450,a.classes.membertypes,PublicToPrivateVisibility,Unnecessary Abstraction
eclipse.pde.ui-20120509-1450,a.classes.membertypes,PublicToPrivateVisibility,Unutilized Abstraction
eclipse.pde.ui-20120509-1450,a.classes.membertypes,PublicToPrivate,Unnecessary Abstraction
eclipse.pde.ui-20120509-1450,a.classes.membertypes,PublicToPrivate,Unutilized Abstraction
eclipse.pde.ui-20120509-1450,a.classes.membertypes,PublicToProtectedVisibility,Unnecessary Abstraction
eclipse.pde.ui-20120509-1450,a.classes.membertypes,PublicToProtectedVisibility,Unutilized Abstraction
eclipse.pde.ui-20120509-1450,a.classes.membertypes,PublicToProtected,Unnecessary Abstraction
eclipse.pde.ui-20120509-1450,a.classes.membertypes,PublicToProtected,Unutilized Abstraction
eclipse.pde.ui-20120509-1450,a.classes.membertypes,RemovePackageMemberType,Unnecessary Abstraction
eclipse.pde.ui-20120509-1450,a.classes.membertypes,RemovePackageMemberType,Unutilized Abstraction
eclipse.pde.ui-20120509-1450,a.classes.membertypes,RemovePrivateMemberType,Unnecessary Abstraction
eclipse.pde.ui-20120509-1450,a.classes.membertypes,RemovePrivateMemberType,Unutilized Abstraction
eclipse.pde.ui-20120509-1450,a.classes.membertypes,RemoveProtectedMemberType,Unnecessary Abstraction
eclipse.pde.ui-20120509-1450,a.classes.membertypes,RemoveProtectedMemberType,Unutilized Abstraction
eclipse.pde.ui-20120509-1450,a.classes.membertypes,RemoveProtectedMemberTypeNoExtend,Unnecessary Abstraction
eclipse.pde.ui-20120509-1450,a.classes.membertypes,RemoveProtectedMemberTypeNoExtend,Unutilized Abstraction
eclipse.pde.ui-20120509-1450,a.classes.membertypes,RemovePublicMemberType,Unnecessary Abstraction
eclipse.pde.ui-20120509-1450,a.classes.membertypes,RemovePublicMemberType,Unutilized Abstraction
eclipse.pde.ui-20120509-1450,a.classes.methods,AddAbstractMethod,Unnecessary Abstraction
eclipse.pde.ui-20120509-1450,a.classes.methods,AddAbstractMethod,Unutilized Abstraction
eclipse.pde.ui-20120509-1450,a.classes.methods,AddAbstractMethodNoExtend,Unnecessary Abstraction
eclipse.pde.ui-20120509-1450,a.classes.methods,AddAbstractMethodNoExtend,Unutilized Abstraction
eclipse.pde.ui-20120509-1450,a.classes.methods,AddNooverrideRemoveNoextend,Unutilized Abstraction
eclipse.pde.ui-20120509-1450,a.classes.methods,AddPrivateMethod,Unutilized Abstraction
eclipse.pde.ui-20120509-1450,a.classes.methods,AddProtectedMethod,Unutilized Abstraction
eclipse.pde.ui-20120509-1450,a.classes.methods,AddPublicMethod,Unutilized Abstraction
eclipse.pde.ui-20120509-1450,a.classes.methods,RemovePackageMethod,Unutilized Abstraction
eclipse.pde.ui-20120509-1450,a.classes.methods,RemovePrivateMethod,Unutilized Abstraction
eclipse.pde.ui-20120509-1450,a.classes.methods,RemoveProtectedMethod,Unutilized Abstraction
eclipse.pde.ui-20120509-1450,a.classes.methods,RemoveProtectedMethodNoExtend,Unutilized Abstraction
eclipse.pde.ui-20120509-1450,a.classes.methods,RemoveProtectedMethodNoExtend2,Unutilized Abstraction
eclipse.pde.ui-20120509-1450,a.classes.methods,RemoveProtectedMethodNoExtendNoInstantiate,Unutilized Abstraction
eclipse.pde.ui-20120509-1450,a.classes.methods,RemoveProtectedMethodNoInstantiate,Unutilized Abstraction
eclipse.pde.ui-20120509-1450,a.classes.methods,RemoveProtectedMethodNoOverride,Unutilized Abstraction
eclipse.pde.ui-20120509-1450,a.classes.methods,RemoveProtectedMethodNoReference,Unutilized Abstraction
eclipse.pde.ui-20120509-1450,a.classes.methods,RemovePublicMethod,Unutilized Abstraction
eclipse.pde.ui-20120509-1450,a.classes.methods,RemovePublicMethodNoExtend,Unutilized Abstraction
eclipse.pde.ui-20120509-1450,a.classes.methods,RemovePublicMethodNoExtendNoInstantiate,Unutilized Abstraction
eclipse.pde.ui-20120509-1450,a.classes.methods,RemovePublicMethodNoInstantiate,Unutilized Abstraction
eclipse.pde.ui-20120509-1450,a.classes.methods,RemovePublicMethodNoOverride,Unutilized Abstraction
eclipse.pde.ui-20120509-1450,a.classes.methods,RemovePublicMethodNoReference,Unutilized Abstraction
eclipse.pde.ui-20120509-1450,a.classes.methods,RemoveTwoPublicMethods,Unutilized Abstraction
eclipse.pde.ui-20120509-1450,a.classes.methods,AddAbstractMethod,Unutilized Abstraction
eclipse.pde.ui-20120509-1450,a.classes.methods,AddAbstractMethodNoExtend,Unutilized Abstraction
eclipse.pde.ui-20120509-1450,a.classes.methods,AddNooverrideRemoveNoextend,Unutilized Abstraction
eclipse.pde.ui-20120509-1450,a.classes.methods,AddPrivateMethod,Unutilized Abstraction
eclipse.pde.ui-20120509-1450,a.classes.methods,AddProtectedMethod,Unutilized Abstraction
eclipse.pde.ui-20120509-1450,a.classes.methods,AddPublicMethod,Unutilized Abstraction
eclipse.pde.ui-20120509-1450,a.classes.methods,RemovePackageMethod,Unnecessary Abstraction
eclipse.pde.ui-20120509-1450,a.classes.methods,RemovePackageMethod,Unutilized Abstraction
eclipse.pde.ui-20120509-1450,a.classes.methods,RemovePrivateMethod,Unutilized Abstraction
eclipse.pde.ui-20120509-1450,a.classes.methods,RemoveProtectedMethod,Unnecessary Abstraction
eclipse.pde.ui-20120509-1450,a.classes.methods,RemoveProtectedMethod,Unutilized Abstraction
eclipse.pde.ui-20120509-1450,a.classes.methods,RemoveProtectedMethodNoExtend,Unnecessary Abstraction
eclipse.pde.ui-20120509-1450,a.classes.methods,RemoveProtectedMethodNoExtend,Unutilized Abstraction
eclipse.pde.ui-20120509-1450,a.classes.methods,RemoveProtectedMethodNoExtend2,Unutilized Abstraction
eclipse.pde.ui-20120509-1450,a.classes.methods,RemoveProtectedMethodNoExtendNoInstantiate,Unnecessary Abstraction
eclipse.pde.ui-20120509-1450,a.classes.methods,RemoveProtectedMethodNoExtendNoInstantiate,Unutilized Abstraction
eclipse.pde.ui-20120509-1450,a.classes.methods,RemoveProtectedMethodNoInstantiate,Unnecessary Abstraction
eclipse.pde.ui-20120509-1450,a.classes.methods,RemoveProtectedMethodNoInstantiate,Unutilized Abstraction
eclipse.pde.ui-20120509-1450,a.classes.methods,RemoveProtectedMethodNoOverride,Unnecessary Abstraction
eclipse.pde.ui-20120509-1450,a.classes.methods,RemoveProtectedMethodNoOverride,Unutilized Abstraction
eclipse.pde.ui-20120509-1450,a.classes.methods,RemoveProtectedMethodNoReference,Unnecessary Abstraction
eclipse.pde.ui-20120509-1450,a.classes.methods,RemoveProtectedMethodNoReference,Unutilized Abstraction
eclipse.pde.ui-20120509-1450,a.classes.methods,RemovePublicMethod,Unnecessary Abstraction
eclipse.pde.ui-20120509-1450,a.classes.methods,RemovePublicMethod,Unutilized Abstraction
eclipse.pde.ui-20120509-1450,a.classes.methods,RemovePublicMethodNoExtend,Unnecessary Abstraction
eclipse.pde.ui-20120509-1450,a.classes.methods,RemovePublicMethodNoExtend,Unutilized Abstraction
eclipse.pde.ui-20120509-1450,a.classes.methods,RemovePublicMethodNoExtendNoInstantiate,Unnecessary Abstraction
eclipse.pde.ui-20120509-1450,a.classes.methods,RemovePublicMethodNoExtendNoInstantiate,Unutilized Abstraction
eclipse.pde.ui-20120509-1450,a.classes.methods,RemovePublicMethodNoInstantiate,Unnecessary Abstraction
eclipse.pde.ui-20120509-1450,a.classes.methods,RemovePublicMethodNoInstantiate,Unutilized Abstraction
eclipse.pde.ui-20120509-1450,a.classes.methods,RemovePublicMethodNoOverride,Unnecessary Abstraction
eclipse.pde.ui-20120509-1450,a.classes.methods,RemovePublicMethodNoOverride,Unutilized Abstraction
eclipse.pde.ui-20120509-1450,a.classes.methods,RemovePublicMethodNoReference,Unnecessary Abstraction
eclipse.pde.ui-20120509-1450,a.classes.methods,RemovePublicMethodNoReference,Unutilized Abstraction
eclipse.pde.ui-20120509-1450,a.classes.methods,RemoveTwoPublicMethods,Unnecessary Abstraction
eclipse.pde.ui-20120509-1450,a.classes.methods,RemoveTwoPublicMethods,Unutilized Abstraction
eclipse.pde.ui-20120509-1450,a.classes.modifiers,AddAbstract,Unnecessary Abstraction
eclipse.pde.ui-20120509-1450,a.classes.modifiers,AddAbstract,Unutilized Abstraction
eclipse.pde.ui-20120509-1450,a.classes.modifiers,AddAbstractNoExtend,Unnecessary Abstraction
eclipse.pde.ui-20120509-1450,a.classes.modifiers,AddAbstractNoExtend,Unutilized Abstraction
eclipse.pde.ui-20120509-1450,a.classes.modifiers,AddAbstractNoExtendNoInstantiate,Unnecessary Abstraction
eclipse.pde.ui-20120509-1450,a.classes.modifiers,AddAbstractNoExtendNoInstantiate,Unutilized Abstraction
eclipse.pde.ui-20120509-1450,a.classes.modifiers,AddAbstractNoInstantiate,Unnecessary Abstraction
eclipse.pde.ui-20120509-1450,a.classes.modifiers,AddAbstractNoInstantiate,Unutilized Abstraction
eclipse.pde.ui-20120509-1450,a.classes.modifiers,AddFinal,Unnecessary Abstraction
eclipse.pde.ui-20120509-1450,a.classes.modifiers,AddFinal,Unutilized Abstraction
eclipse.pde.ui-20120509-1450,a.classes.modifiers,AddFinalNoExtend,Unnecessary Abstraction
eclipse.pde.ui-20120509-1450,a.classes.modifiers,AddFinalNoExtend,Unutilized Abstraction
eclipse.pde.ui-20120509-1450,a.classes.modifiers,AddFinalNoExtendNoInstantiate,Unnecessary Abstraction
eclipse.pde.ui-20120509-1450,a.classes.modifiers,AddFinalNoExtendNoInstantiate,Unutilized Abstraction
eclipse.pde.ui-20120509-1450,a.classes.modifiers,AddFinalNoInstantiate,Unnecessary Abstraction
eclipse.pde.ui-20120509-1450,a.classes.modifiers,AddFinalNoInstantiate,Unutilized Abstraction
eclipse.pde.ui-20120509-1450,a.classes.modifiers,AddFinalRemoveNoExtend,Unnecessary Abstraction
eclipse.pde.ui-20120509-1450,a.classes.modifiers,AddFinalRemoveNoExtend,Unutilized Abstraction
eclipse.pde.ui-20120509-1450,a.classes.modifiers,PublicToPackageVisibility,Unnecessary Abstraction
eclipse.pde.ui-20120509-1450,a.classes.modifiers,PublicToPackageVisibility,Unutilized Abstraction
eclipse.pde.ui-20120509-1450,a.classes.modifiers,RemoveFinal,Unnecessary Abstraction
eclipse.pde.ui-20120509-1450,a.classes.modifiers,RemoveFinal,Unutilized Abstraction
eclipse.pde.ui-20120509-1450,a.classes.modifiers,RemoveFinalAddNoExtend,Unutilized Abstraction
eclipse.pde.ui-20120509-1450,a.classes.modifiers,AddAbstract,Unnecessary Abstraction
eclipse.pde.ui-20120509-1450,a.classes.modifiers,AddAbstract,Unutilized Abstraction
eclipse.pde.ui-20120509-1450,a.classes.modifiers,AddAbstractNoExtend,Unnecessary Abstraction
eclipse.pde.ui-20120509-1450,a.classes.modifiers,AddAbstractNoExtend,Unutilized Abstraction
eclipse.pde.ui-20120509-1450,a.classes.modifiers,AddAbstractNoExtendNoInstantiate,Unnecessary Abstraction
eclipse.pde.ui-20120509-1450,a.classes.modifiers,AddAbstractNoExtendNoInstantiate,Unutilized Abstraction
eclipse.pde.ui-20120509-1450,a.classes.modifiers,AddAbstractNoInstantiate,Unnecessary Abstraction
eclipse.pde.ui-20120509-1450,a.classes.modifiers,AddAbstractNoInstantiate,Unutilized Abstraction
eclipse.pde.ui-20120509-1450,a.classes.modifiers,AddFinal,Unnecessary Abstraction
eclipse.pde.ui-20120509-1450,a.classes.modifiers,AddFinal,Unutilized Abstraction
eclipse.pde.ui-20120509-1450,a.classes.modifiers,AddFinalNoExtend,Unnecessary Abstraction
eclipse.pde.ui-20120509-1450,a.classes.modifiers,AddFinalNoExtend,Unutilized Abstraction
eclipse.pde.ui-20120509-1450,a.classes.modifiers,AddFinalNoExtendNoInstantiate,Unnecessary Abstraction
eclipse.pde.ui-20120509-1450,a.classes.modifiers,AddFinalNoExtendNoInstantiate,Unutilized Abstraction
eclipse.pde.ui-20120509-1450,a.classes.modifiers,AddFinalNoInstantiate,Unnecessary Abstraction
eclipse.pde.ui-20120509-1450,a.classes.modifiers,AddFinalNoInstantiate,Unutilized Abstraction
eclipse.pde.ui-20120509-1450,a.classes.modifiers,AddFinalRemoveNoExtend,Unnecessary Abstraction
eclipse.pde.ui-20120509-1450,a.classes.modifiers,AddFinalRemoveNoExtend,Unutilized Abstraction
eclipse.pde.ui-20120509-1450,a.classes.modifiers,PublicToPackageVisibility,Unnecessary Abstraction
eclipse.pde.ui-20120509-1450,a.classes.modifiers,PublicToPackageVisibility,Unutilized Abstraction
eclipse.pde.ui-20120509-1450,a.classes.modifiers,RemoveFinal,Unnecessary Abstraction
eclipse.pde.ui-20120509-1450,a.classes.modifiers,RemoveFinal,Unutilized Abstraction
eclipse.pde.ui-20120509-1450,a.classes.modifiers,RemoveFinalAddNoExtend,Unutilized Abstraction
eclipse.pde.ui-20120509-1450,a.classes.restrictions,AbstractAddNoInstantiate,Unnecessary Abstraction
eclipse.pde.ui-20120509-1450,a.classes.restrictions,AbstractAddNoInstantiate,Unutilized Abstraction
eclipse.pde.ui-20120509-1450,a.classes.restrictions,AbstractRemoveNoInstantiate,Unnecessary Abstraction
eclipse.pde.ui-20120509-1450,a.classes.restrictions,AbstractRemoveNoInstantiate,Unutilized Abstraction
eclipse.pde.ui-20120509-1450,a.classes.restrictions,AddNoExtend,Unnecessary Abstraction
eclipse.pde.ui-20120509-1450,a.classes.restrictions,AddNoExtend,Unutilized Abstraction
eclipse.pde.ui-20120509-1450,a.classes.restrictions,AddNoInstantiate,Unnecessary Abstraction
eclipse.pde.ui-20120509-1450,a.classes.restrictions,AddNoInstantiate,Unutilized Abstraction
eclipse.pde.ui-20120509-1450,a.classes.restrictions,FinalAddNoExtend,Unnecessary Abstraction
eclipse.pde.ui-20120509-1450,a.classes.restrictions,FinalAddNoExtend,Unutilized Abstraction
eclipse.pde.ui-20120509-1450,a.classes.restrictions,FinalRemoveNoExtend,Unnecessary Abstraction
eclipse.pde.ui-20120509-1450,a.classes.restrictions,FinalRemoveNoExtend,Unutilized Abstraction
eclipse.pde.ui-20120509-1450,a.classes.restrictions,NoInstantiateAddAbstract,Unnecessary Abstraction
eclipse.pde.ui-20120509-1450,a.classes.restrictions,NoInstantiateAddAbstract,Unutilized Abstraction
eclipse.pde.ui-20120509-1450,a.classes.restrictions,RemoveNoExtend,Unnecessary Abstraction
eclipse.pde.ui-20120509-1450,a.classes.restrictions,RemoveNoExtend,Unutilized Abstraction
eclipse.pde.ui-20120509-1450,a.classes.restrictions,AbstractAddNoInstantiate,Unnecessary Abstraction
eclipse.pde.ui-20120509-1450,a.classes.restrictions,AbstractAddNoInstantiate,Unutilized Abstraction
eclipse.pde.ui-20120509-1450,a.classes.restrictions,AbstractRemoveNoInstantiate,Unnecessary Abstraction
eclipse.pde.ui-20120509-1450,a.classes.restrictions,AbstractRemoveNoInstantiate,Unutilized Abstraction
eclipse.pde.ui-20120509-1450,a.classes.restrictions,AddNoExtend,Unnecessary Abstraction
eclipse.pde.ui-20120509-1450,a.classes.restrictions,AddNoExtend,Unutilized Abstraction
eclipse.pde.ui-20120509-1450,a.classes.restrictions,AddNoInstantiate,Unnecessary Abstraction
eclipse.pde.ui-20120509-1450,a.classes.restrictions,AddNoInstantiate,Unutilized Abstraction
eclipse.pde.ui-20120509-1450,a.classes.restrictions,FinalAddNoExtend,Unnecessary Abstraction
eclipse.pde.ui-20120509-1450,a.classes.restrictions,FinalAddNoExtend,Unutilized Abstraction
eclipse.pde.ui-20120509-1450,a.classes.restrictions,FinalRemoveNoExtend,Unnecessary Abstraction
eclipse.pde.ui-20120509-1450,a.classes.restrictions,FinalRemoveNoExtend,Unutilized Abstraction
eclipse.pde.ui-20120509-1450,a.classes.restrictions,NoInstantiateAddAbstract,Unnecessary Abstraction
eclipse.pde.ui-20120509-1450,a.classes.restrictions,NoInstantiateAddAbstract,Unutilized Abstraction
eclipse.pde.ui-20120509-1450,a.classes.restrictions,RemoveNoExtend,Unnecessary Abstraction
eclipse.pde.ui-20120509-1450,a.classes.restrictions,RemoveNoExtend,Unutilized Abstraction
eclipse.pde.ui-20120509-1450,a.classes.typeparameters,AddClassBound,Unnecessary Abstraction
eclipse.pde.ui-20120509-1450,a.classes.typeparameters,AddClassBound,Unutilized Abstraction
eclipse.pde.ui-20120509-1450,a.classes.typeparameters,AddFirstTypeParameter,Unnecessary Abstraction
eclipse.pde.ui-20120509-1450,a.classes.typeparameters,AddFirstTypeParameter,Unutilized Abstraction
eclipse.pde.ui-20120509-1450,a.classes.typeparameters,AddInterfaceBound,Unnecessary Abstraction
eclipse.pde.ui-20120509-1450,a.classes.typeparameters,AddInterfaceBound,Unutilized Abstraction
eclipse.pde.ui-20120509-1450,a.classes.typeparameters,AddTypeParameter,Unnecessary Abstraction
eclipse.pde.ui-20120509-1450,a.classes.typeparameters,AddTypeParameter,Unutilized Abstraction
eclipse.pde.ui-20120509-1450,a.classes.typeparameters,Bound,Unnecessary Abstraction
eclipse.pde.ui-20120509-1450,a.classes.typeparameters,Bound,Unutilized Abstraction
eclipse.pde.ui-20120509-1450,a.classes.typeparameters,BoundTwo,Unnecessary Abstraction
eclipse.pde.ui-20120509-1450,a.classes.typeparameters,BoundTwo,Unutilized Abstraction
eclipse.pde.ui-20120509-1450,a.classes.typeparameters,ChangeClassBound,Unnecessary Abstraction
eclipse.pde.ui-20120509-1450,a.classes.typeparameters,ChangeClassBound,Unutilized Abstraction
eclipse.pde.ui-20120509-1450,a.classes.typeparameters,ChangeInterfaceBound,Unnecessary Abstraction
eclipse.pde.ui-20120509-1450,a.classes.typeparameters,ChangeInterfaceBound,Unutilized Abstraction
eclipse.pde.ui-20120509-1450,a.classes.typeparameters,ConvertToAnnotation,Unnecessary Abstraction
eclipse.pde.ui-20120509-1450,a.classes.typeparameters,ConvertToAnnotation,Unutilized Abstraction
eclipse.pde.ui-20120509-1450,a.classes.typeparameters,ConvertToEnum,Unnecessary Abstraction
eclipse.pde.ui-20120509-1450,a.classes.typeparameters,ConvertToEnum,Unutilized Abstraction
eclipse.pde.ui-20120509-1450,a.classes.typeparameters,ConvertToInterface,Unnecessary Abstraction
eclipse.pde.ui-20120509-1450,a.classes.typeparameters,ConvertToInterface,Unutilized Abstraction
eclipse.pde.ui-20120509-1450,a.classes.typeparameters,IBound,Unnecessary Abstraction
eclipse.pde.ui-20120509-1450,a.classes.typeparameters,IBound,Unutilized Abstraction
eclipse.pde.ui-20120509-1450,a.classes.typeparameters,IBoundTwo,Unnecessary Abstraction
eclipse.pde.ui-20120509-1450,a.classes.typeparameters,IBoundTwo,Unutilized Abstraction
eclipse.pde.ui-20120509-1450,a.classes.typeparameters,RemoveClassBound,Unnecessary Abstraction
eclipse.pde.ui-20120509-1450,a.classes.typeparameters,RemoveClassBound,Unutilized Abstraction
eclipse.pde.ui-20120509-1450,a.classes.typeparameters,RemoveInterfaceBound,Unnecessary Abstraction
eclipse.pde.ui-20120509-1450,a.classes.typeparameters,RemoveInterfaceBound,Unutilized Abstraction
eclipse.pde.ui-20120509-1450,a.classes.typeparameters,RemoveSecondInterfaceBound,Unnecessary Abstraction
eclipse.pde.ui-20120509-1450,a.classes.typeparameters,RemoveSecondInterfaceBound,Unutilized Abstraction
eclipse.pde.ui-20120509-1450,a.classes.typeparameters,RemoveTypeParameter,Unutilized Abstraction
eclipse.pde.ui-20120509-1450,a.classes.typeparameters,AddClassBound,Unnecessary Abstraction
eclipse.pde.ui-20120509-1450,a.classes.typeparameters,AddClassBound,Unutilized Abstraction
eclipse.pde.ui-20120509-1450,a.classes.typeparameters,AddFirstTypeParameter,Unnecessary Abstraction
eclipse.pde.ui-20120509-1450,a.classes.typeparameters,AddFirstTypeParameter,Unutilized Abstraction
eclipse.pde.ui-20120509-1450,a.classes.typeparameters,AddInterfaceBound,Unnecessary Abstraction
eclipse.pde.ui-20120509-1450,a.classes.typeparameters,AddInterfaceBound,Unutilized Abstraction
eclipse.pde.ui-20120509-1450,a.classes.typeparameters,AddTypeParameter,Unnecessary Abstraction
eclipse.pde.ui-20120509-1450,a.classes.typeparameters,AddTypeParameter,Unutilized Abstraction
eclipse.pde.ui-20120509-1450,a.classes.typeparameters,ChangeClassBound,Unnecessary Abstraction
eclipse.pde.ui-20120509-1450,a.classes.typeparameters,ChangeClassBound,Unutilized Abstraction
eclipse.pde.ui-20120509-1450,a.classes.typeparameters,ChangeInterfaceBound,Unnecessary Abstraction
eclipse.pde.ui-20120509-1450,a.classes.typeparameters,ChangeInterfaceBound,Unutilized Abstraction
eclipse.pde.ui-20120509-1450,a.classes.typeparameters,ConvertToInterface,Unnecessary Abstraction
eclipse.pde.ui-20120509-1450,a.classes.typeparameters,ConvertToInterface,Unutilized Abstraction
eclipse.pde.ui-20120509-1450,a.classes.typeparameters,RemoveClassBound,Unnecessary Abstraction
eclipse.pde.ui-20120509-1450,a.classes.typeparameters,RemoveClassBound,Unutilized Abstraction
eclipse.pde.ui-20120509-1450,a.classes.typeparameters,RemoveInterfaceBound,Unnecessary Abstraction
eclipse.pde.ui-20120509-1450,a.classes.typeparameters,RemoveInterfaceBound,Unutilized Abstraction
eclipse.pde.ui-20120509-1450,a.classes.typeparameters,RemoveSecondInterfaceBound,Unnecessary Abstraction
eclipse.pde.ui-20120509-1450,a.classes.typeparameters,RemoveSecondInterfaceBound,Unutilized Abstraction
eclipse.pde.ui-20120509-1450,a.classes.typeparameters,RemoveTypeParameter,Unutilized Abstraction
eclipse.pde.ui-20120509-1450,a.constructors,AddTypeParameter,Unutilized Abstraction
eclipse.pde.ui-20120509-1450,a.constructors,ArrayToVarArgs,Unutilized Abstraction
eclipse.pde.ui-20120509-1450,a.constructors,ProtectedToPackage,Unutilized Abstraction
eclipse.pde.ui-20120509-1450,a.constructors,ProtectedToPackageNoReference,Unutilized Abstraction
eclipse.pde.ui-20120509-1450,a.constructors,ProtectedToPrivate,Unutilized Abstraction
eclipse.pde.ui-20120509-1450,a.constructors,ProtectedToPrivateNoExtend,Unutilized Abstraction
eclipse.pde.ui-20120509-1450,a.constructors,PublicToPackage,Unutilized Abstraction
eclipse.pde.ui-20120509-1450,a.constructors,PublicToPrivate,Unutilized Abstraction
eclipse.pde.ui-20120509-1450,a.constructors,PublicToPrivateNoReference,Unutilized Abstraction
eclipse.pde.ui-20120509-1450,a.constructors,PublicToProtected,Unutilized Abstraction
eclipse.pde.ui-20120509-1450,a.constructors,RemoveTypeParameter,Unutilized Abstraction
eclipse.pde.ui-20120509-1450,a.constructors,VarArgsToArray,Unutilized Abstraction
eclipse.pde.ui-20120509-1450,a.constructors,AddTypeParameter,Unutilized Abstraction
eclipse.pde.ui-20120509-1450,a.constructors,ArrayToVarArgs,Unutilized Abstraction
eclipse.pde.ui-20120509-1450,a.constructors,ProtectedToPackage,Unutilized Abstraction
eclipse.pde.ui-20120509-1450,a.constructors,ProtectedToPackageNoReference,Unutilized Abstraction
eclipse.pde.ui-20120509-1450,a.constructors,ProtectedToPrivate,Unutilized Abstraction
eclipse.pde.ui-20120509-1450,a.constructors,ProtectedToPrivateNoExtend,Unutilized Abstraction
eclipse.pde.ui-20120509-1450,a.constructors,PublicToPackage,Unutilized Abstraction
eclipse.pde.ui-20120509-1450,a.constructors,PublicToPrivate,Unutilized Abstraction
eclipse.pde.ui-20120509-1450,a.constructors,PublicToPrivateNoReference,Unutilized Abstraction
eclipse.pde.ui-20120509-1450,a.constructors,PublicToProtected,Unutilized Abstraction
eclipse.pde.ui-20120509-1450,a.constructors,RemoveTypeParameter,Unutilized Abstraction
eclipse.pde.ui-20120509-1450,a.constructors,VarArgsToArray,Unutilized Abstraction
eclipse.pde.ui-20120509-1450,a.enums,MemberType,Unnecessary Abstraction
eclipse.pde.ui-20120509-1450,a.enums,MemberType,Unutilized Abstraction
eclipse.pde.ui-20120509-1450,a.enums,ToClass,Unnecessary Abstraction
eclipse.pde.ui-20120509-1450,a.enums,ToClass,Unutilized Abstraction
eclipse.pde.ui-20120509-1450,a.enums,ToInterface,Unnecessary Abstraction
eclipse.pde.ui-20120509-1450,a.enums,ToInterface,Unutilized Abstraction
eclipse.pde.ui-20120509-1450,a.fields.modifiers,AddFinal,Unnecessary Abstraction
eclipse.pde.ui-20120509-1450,a.fields.modifiers,AddFinal,Unutilized Abstraction
eclipse.pde.ui-20120509-1450,a.fields.modifiers,AddFinal,Deficient Encapsulation
eclipse.pde.ui-20120509-1450,a.fields.modifiers,AddFinalNoReference,Unnecessary Abstraction
eclipse.pde.ui-20120509-1450,a.fields.modifiers,AddFinalNoReference,Unutilized Abstraction
eclipse.pde.ui-20120509-1450,a.fields.modifiers,AddFinalNoReference,Deficient Encapsulation
eclipse.pde.ui-20120509-1450,a.fields.modifiers,AddFinalOnStatic,Unnecessary Abstraction
eclipse.pde.ui-20120509-1450,a.fields.modifiers,AddFinalOnStatic,Unutilized Abstraction
eclipse.pde.ui-20120509-1450,a.fields.modifiers,AddFinalOnStatic,Deficient Encapsulation
eclipse.pde.ui-20120509-1450,a.fields.modifiers,AddFinalOnStaticNoReference,Unnecessary Abstraction
eclipse.pde.ui-20120509-1450,a.fields.modifiers,AddFinalOnStaticNoReference,Unutilized Abstraction
eclipse.pde.ui-20120509-1450,a.fields.modifiers,AddFinalOnStaticNoReference,Deficient Encapsulation
eclipse.pde.ui-20120509-1450,a.fields.modifiers,AddNoReference,Unnecessary Abstraction
eclipse.pde.ui-20120509-1450,a.fields.modifiers,AddNoReference,Unutilized Abstraction
eclipse.pde.ui-20120509-1450,a.fields.modifiers,AddNoReference,Deficient Encapsulation
eclipse.pde.ui-20120509-1450,a.fields.modifiers,AddStatic,Unnecessary Abstraction
eclipse.pde.ui-20120509-1450,a.fields.modifiers,AddStatic,Unutilized Abstraction
eclipse.pde.ui-20120509-1450,a.fields.modifiers,AddStatic,Deficient Encapsulation
eclipse.pde.ui-20120509-1450,a.fields.modifiers,AddStaticNoReference,Unnecessary Abstraction
eclipse.pde.ui-20120509-1450,a.fields.modifiers,AddStaticNoReference,Unutilized Abstraction
eclipse.pde.ui-20120509-1450,a.fields.modifiers,AddStaticNoReference,Deficient Encapsulation
eclipse.pde.ui-20120509-1450,a.fields.modifiers,AddTypeArguments,Unnecessary Abstraction
eclipse.pde.ui-20120509-1450,a.fields.modifiers,AddTypeArguments,Unutilized Abstraction
eclipse.pde.ui-20120509-1450,a.fields.modifiers,AddTypeArguments,Deficient Encapsulation
eclipse.pde.ui-20120509-1450,a.fields.modifiers,ChangeType,Unnecessary Abstraction
eclipse.pde.ui-20120509-1450,a.fields.modifiers,ChangeType,Unutilized Abstraction
eclipse.pde.ui-20120509-1450,a.fields.modifiers,ChangeType,Deficient Encapsulation
eclipse.pde.ui-20120509-1450,a.fields.modifiers,ChangeTypeNoExtend,Unnecessary Abstraction
eclipse.pde.ui-20120509-1450,a.fields.modifiers,ChangeTypeNoExtend,Unutilized Abstraction
eclipse.pde.ui-20120509-1450,a.fields.modifiers,ChangeTypeNoReference,Unnecessary Abstraction
eclipse.pde.ui-20120509-1450,a.fields.modifiers,ChangeTypeNoReference,Unutilized Abstraction
eclipse.pde.ui-20120509-1450,a.fields.modifiers,ChangeTypeNoReference,Deficient Encapsulation
eclipse.pde.ui-20120509-1450,a.fields.modifiers,GeneralizeType,Unnecessary Abstraction
eclipse.pde.ui-20120509-1450,a.fields.modifiers,GeneralizeType,Unutilized Abstraction
eclipse.pde.ui-20120509-1450,a.fields.modifiers,GeneralizeType,Deficient Encapsulation
eclipse.pde.ui-20120509-1450,a.fields.modifiers,GeneralizeTypeNoExtend,Unnecessary Abstraction
eclipse.pde.ui-20120509-1450,a.fields.modifiers,GeneralizeTypeNoExtend,Unutilized Abstraction
eclipse.pde.ui-20120509-1450,a.fields.modifiers,GeneralizeTypeNoReference,Unnecessary Abstraction
eclipse.pde.ui-20120509-1450,a.fields.modifiers,GeneralizeTypeNoReference,Unutilized Abstraction
eclipse.pde.ui-20120509-1450,a.fields.modifiers,GeneralizeTypeNoReference,Deficient Encapsulation
eclipse.pde.ui-20120509-1450,a.fields.modifiers,ModifyValue,Unnecessary Abstraction
eclipse.pde.ui-20120509-1450,a.fields.modifiers,ModifyValue,Unutilized Abstraction
eclipse.pde.ui-20120509-1450,a.fields.modifiers,ModifyValue,Deficient Encapsulation
eclipse.pde.ui-20120509-1450,a.fields.modifiers,ProtectedToPackage,Unnecessary Abstraction
eclipse.pde.ui-20120509-1450,a.fields.modifiers,ProtectedToPackage,Unutilized Abstraction
eclipse.pde.ui-20120509-1450,a.fields.modifiers,ProtectedToPackageNoReference,Unnecessary Abstraction
eclipse.pde.ui-20120509-1450,a.fields.modifiers,ProtectedToPackageNoReference,Unutilized Abstraction
eclipse.pde.ui-20120509-1450,a.fields.modifiers,ProtectedToPackageRemoveNoReference,Unnecessary Abstraction
eclipse.pde.ui-20120509-1450,a.fields.modifiers,ProtectedToPackageRemoveNoReference,Unutilized Abstraction
eclipse.pde.ui-20120509-1450,a.fields.modifiers,ProtectedToPrivate,Unnecessary Abstraction
eclipse.pde.ui-20120509-1450,a.fields.modifiers,ProtectedToPrivate,Unutilized Abstraction
eclipse.pde.ui-20120509-1450,a.fields.modifiers,ProtectedToPrivateNoExtend,Unnecessary Abstraction
eclipse.pde.ui-20120509-1450,a.fields.modifiers,ProtectedToPrivateNoExtend,Unutilized Abstraction
eclipse.pde.ui-20120509-1450,a.fields.modifiers,PublicToPackage,Unnecessary Abstraction
eclipse.pde.ui-20120509-1450,a.fields.modifiers,PublicToPackage,Unutilized Abstraction
eclipse.pde.ui-20120509-1450,a.fields.modifiers,PublicToPackage,Deficient Encapsulation
eclipse.pde.ui-20120509-1450,a.fields.modifiers,PublicToPrivate,Unnecessary Abstraction
eclipse.pde.ui-20120509-1450,a.fields.modifiers,PublicToPrivate,Unutilized Abstraction
eclipse.pde.ui-20120509-1450,a.fields.modifiers,PublicToPrivate,Deficient Encapsulation
eclipse.pde.ui-20120509-1450,a.fields.modifiers,PublicToPrivateNoReference,Unnecessary Abstraction
eclipse.pde.ui-20120509-1450,a.fields.modifiers,PublicToPrivateNoReference,Unutilized Abstraction
eclipse.pde.ui-20120509-1450,a.fields.modifiers,PublicToPrivateNoReference,Deficient Encapsulation
eclipse.pde.ui-20120509-1450,a.fields.modifiers,PublicToProtected,Unnecessary Abstraction
eclipse.pde.ui-20120509-1450,a.fields.modifiers,PublicToProtected,Unutilized Abstraction
eclipse.pde.ui-20120509-1450,a.fields.modifiers,PublicToProtected,Deficient Encapsulation
eclipse.pde.ui-20120509-1450,a.fields.modifiers,RemoveFinalOnConstant,Unnecessary Abstraction
eclipse.pde.ui-20120509-1450,a.fields.modifiers,RemoveFinalOnConstant,Unutilized Abstraction
eclipse.pde.ui-20120509-1450,a.fields.modifiers,RemoveFinalOnConstant,Deficient Encapsulation
eclipse.pde.ui-20120509-1450,a.fields.modifiers,RemoveStatic,Unnecessary Abstraction
eclipse.pde.ui-20120509-1450,a.fields.modifiers,RemoveStatic,Unutilized Abstraction
eclipse.pde.ui-20120509-1450,a.fields.modifiers,RemoveStatic,Deficient Encapsulation
eclipse.pde.ui-20120509-1450,a.fields.modifiers,RemoveStaticNoReference,Unnecessary Abstraction
eclipse.pde.ui-20120509-1450,a.fields.modifiers,RemoveStaticNoReference,Unutilized Abstraction
eclipse.pde.ui-20120509-1450,a.fields.modifiers,RemoveStaticNoReference,Deficient Encapsulation
eclipse.pde.ui-20120509-1450,a.fields.modifiers,RemoveTypeArguments,Unnecessary Abstraction
eclipse.pde.ui-20120509-1450,a.fields.modifiers,RemoveTypeArguments,Unutilized Abstraction
eclipse.pde.ui-20120509-1450,a.fields.modifiers,RemoveTypeArguments,Deficient Encapsulation
eclipse.pde.ui-20120509-1450,a.fields.modifiers,SpecializeType,Unnecessary Abstraction
eclipse.pde.ui-20120509-1450,a.fields.modifiers,SpecializeType,Unutilized Abstraction
eclipse.pde.ui-20120509-1450,a.fields.modifiers,SpecializeType,Deficient Encapsulation
eclipse.pde.ui-20120509-1450,a.fields.modifiers,AddFinal,Unnecessary Abstraction
eclipse.pde.ui-20120509-1450,a.fields.modifiers,AddFinal,Unutilized Abstraction
eclipse.pde.ui-20120509-1450,a.fields.modifiers,AddFinal,Deficient Encapsulation
eclipse.pde.ui-20120509-1450,a.fields.modifiers,AddFinalNoReference,Unnecessary Abstraction
eclipse.pde.ui-20120509-1450,a.fields.modifiers,AddFinalNoReference,Unutilized Abstraction
eclipse.pde.ui-20120509-1450,a.fields.modifiers,AddFinalNoReference,Deficient Encapsulation
eclipse.pde.ui-20120509-1450,a.fields.modifiers,AddFinalOnStatic,Unnecessary Abstraction
eclipse.pde.ui-20120509-1450,a.fields.modifiers,AddFinalOnStatic,Unutilized Abstraction
eclipse.pde.ui-20120509-1450,a.fields.modifiers,AddFinalOnStatic,Deficient Encapsulation
eclipse.pde.ui-20120509-1450,a.fields.modifiers,AddFinalOnStaticNoReference,Unnecessary Abstraction
eclipse.pde.ui-20120509-1450,a.fields.modifiers,AddFinalOnStaticNoReference,Unutilized Abstraction
eclipse.pde.ui-20120509-1450,a.fields.modifiers,AddFinalOnStaticNoReference,Deficient Encapsulation
eclipse.pde.ui-20120509-1450,a.fields.modifiers,AddNoReference,Unnecessary Abstraction
eclipse.pde.ui-20120509-1450,a.fields.modifiers,AddNoReference,Unutilized Abstraction
eclipse.pde.ui-20120509-1450,a.fields.modifiers,AddNoReference,Deficient Encapsulation
eclipse.pde.ui-20120509-1450,a.fields.modifiers,AddStatic,Unnecessary Abstraction
eclipse.pde.ui-20120509-1450,a.fields.modifiers,AddStatic,Unutilized Abstraction
eclipse.pde.ui-20120509-1450,a.fields.modifiers,AddStatic,Deficient Encapsulation
eclipse.pde.ui-20120509-1450,a.fields.modifiers,AddStaticNoReference,Unnecessary Abstraction
eclipse.pde.ui-20120509-1450,a.fields.modifiers,AddStaticNoReference,Unutilized Abstraction
eclipse.pde.ui-20120509-1450,a.fields.modifiers,AddStaticNoReference,Deficient Encapsulation
eclipse.pde.ui-20120509-1450,a.fields.modifiers,AddTypeArguments,Unnecessary Abstraction
eclipse.pde.ui-20120509-1450,a.fields.modifiers,AddTypeArguments,Unutilized Abstraction
eclipse.pde.ui-20120509-1450,a.fields.modifiers,AddTypeArguments,Deficient Encapsulation
eclipse.pde.ui-20120509-1450,a.fields.modifiers,ChangeType,Unnecessary Abstraction
eclipse.pde.ui-20120509-1450,a.fields.modifiers,ChangeType,Unutilized Abstraction
eclipse.pde.ui-20120509-1450,a.fields.modifiers,ChangeType,Deficient Encapsulation
eclipse.pde.ui-20120509-1450,a.fields.modifiers,ChangeTypeNoExtend,Unnecessary Abstraction
eclipse.pde.ui-20120509-1450,a.fields.modifiers,ChangeTypeNoExtend,Unutilized Abstraction
eclipse.pde.ui-20120509-1450,a.fields.modifiers,ChangeTypeNoReference,Unnecessary Abstraction
eclipse.pde.ui-20120509-1450,a.fields.modifiers,ChangeTypeNoReference,Unutilized Abstraction
eclipse.pde.ui-20120509-1450,a.fields.modifiers,ChangeTypeNoReference,Deficient Encapsulation
eclipse.pde.ui-20120509-1450,a.fields.modifiers,GeneralizeType,Unnecessary Abstraction
eclipse.pde.ui-20120509-1450,a.fields.modifiers,GeneralizeType,Unutilized Abstraction
eclipse.pde.ui-20120509-1450,a.fields.modifiers,GeneralizeType,Deficient Encapsulation
eclipse.pde.ui-20120509-1450,a.fields.modifiers,GeneralizeTypeNoExtend,Unnecessary Abstraction
eclipse.pde.ui-20120509-1450,a.fields.modifiers,GeneralizeTypeNoExtend,Unutilized Abstraction
eclipse.pde.ui-20120509-1450,a.fields.modifiers,GeneralizeTypeNoReference,Unnecessary Abstraction
eclipse.pde.ui-20120509-1450,a.fields.modifiers,GeneralizeTypeNoReference,Unutilized Abstraction
eclipse.pde.ui-20120509-1450,a.fields.modifiers,GeneralizeTypeNoReference,Deficient Encapsulation
eclipse.pde.ui-20120509-1450,a.fields.modifiers,ModifyValue,Unnecessary Abstraction
eclipse.pde.ui-20120509-1450,a.fields.modifiers,ModifyValue,Unutilized Abstraction
eclipse.pde.ui-20120509-1450,a.fields.modifiers,ModifyValue,Deficient Encapsulation
eclipse.pde.ui-20120509-1450,a.fields.modifiers,ProtectedToPackage,Unnecessary Abstraction
eclipse.pde.ui-20120509-1450,a.fields.modifiers,ProtectedToPackage,Unutilized Abstraction
eclipse.pde.ui-20120509-1450,a.fields.modifiers,ProtectedToPackageNoReference,Unnecessary Abstraction
eclipse.pde.ui-20120509-1450,a.fields.modifiers,ProtectedToPackageNoReference,Unutilized Abstraction
eclipse.pde.ui-20120509-1450,a.fields.modifiers,ProtectedToPackageRemoveNoReference,Unnecessary Abstraction
eclipse.pde.ui-20120509-1450,a.fields.modifiers,ProtectedToPackageRemoveNoReference,Unutilized Abstraction
eclipse.pde.ui-20120509-1450,a.fields.modifiers,ProtectedToPrivate,Unnecessary Abstraction
eclipse.pde.ui-20120509-1450,a.fields.modifiers,ProtectedToPrivate,Unutilized Abstraction
eclipse.pde.ui-20120509-1450,a.fields.modifiers,ProtectedToPrivateNoExtend,Unnecessary Abstraction
eclipse.pde.ui-20120509-1450,a.fields.modifiers,ProtectedToPrivateNoExtend,Unutilized Abstraction
eclipse.pde.ui-20120509-1450,a.fields.modifiers,PublicToPackage,Unnecessary Abstraction
eclipse.pde.ui-20120509-1450,a.fields.modifiers,PublicToPackage,Unutilized Abstraction
eclipse.pde.ui-20120509-1450,a.fields.modifiers,PublicToPrivate,Unnecessary Abstraction
eclipse.pde.ui-20120509-1450,a.fields.modifiers,PublicToPrivate,Unutilized Abstraction
eclipse.pde.ui-20120509-1450,a.fields.modifiers,PublicToPrivateNoReference,Unnecessary Abstraction
eclipse.pde.ui-20120509-1450,a.fields.modifiers,PublicToPrivateNoReference,Unutilized Abstraction
eclipse.pde.ui-20120509-1450,a.fields.modifiers,PublicToProtected,Unnecessary Abstraction
eclipse.pde.ui-20120509-1450,a.fields.modifiers,PublicToProtected,Unutilized Abstraction
eclipse.pde.ui-20120509-1450,a.fields.modifiers,RemoveFinalOnConstant,Unnecessary Abstraction
eclipse.pde.ui-20120509-1450,a.fields.modifiers,RemoveFinalOnConstant,Unutilized Abstraction
eclipse.pde.ui-20120509-1450,a.fields.modifiers,RemoveFinalOnConstant,Deficient Encapsulation
eclipse.pde.ui-20120509-1450,a.fields.modifiers,RemoveStatic,Unnecessary Abstraction
eclipse.pde.ui-20120509-1450,a.fields.modifiers,RemoveStatic,Unutilized Abstraction
eclipse.pde.ui-20120509-1450,a.fields.modifiers,RemoveStatic,Deficient Encapsulation
eclipse.pde.ui-20120509-1450,a.fields.modifiers,RemoveStaticNoReference,Unnecessary Abstraction
eclipse.pde.ui-20120509-1450,a.fields.modifiers,RemoveStaticNoReference,Unutilized Abstraction
eclipse.pde.ui-20120509-1450,a.fields.modifiers,RemoveStaticNoReference,Deficient Encapsulation
eclipse.pde.ui-20120509-1450,a.fields.modifiers,RemoveTypeArguments,Unnecessary Abstraction
eclipse.pde.ui-20120509-1450,a.fields.modifiers,RemoveTypeArguments,Unutilized Abstraction
eclipse.pde.ui-20120509-1450,a.fields.modifiers,RemoveTypeArguments,Deficient Encapsulation
eclipse.pde.ui-20120509-1450,a.fields.modifiers,SpecializeType,Unnecessary Abstraction
eclipse.pde.ui-20120509-1450,a.fields.modifiers,SpecializeType,Unutilized Abstraction
eclipse.pde.ui-20120509-1450,a.fields.modifiers,SpecializeType,Deficient Encapsulation
eclipse.pde.ui-20120509-1450,a.interfaces.members,AddField,Unnecessary Abstraction
eclipse.pde.ui-20120509-1450,a.interfaces.members,AddField,Unutilized Abstraction
eclipse.pde.ui-20120509-1450,a.interfaces.members,AddFieldNoExtend,Unnecessary Abstraction
eclipse.pde.ui-20120509-1450,a.interfaces.members,AddFieldNoExtend,Unutilized Abstraction
eclipse.pde.ui-20120509-1450,a.interfaces.members,AddFieldNoExtendNoImplement,Unnecessary Abstraction
eclipse.pde.ui-20120509-1450,a.interfaces.members,AddFieldNoExtendNoImplement,Unutilized Abstraction
eclipse.pde.ui-20120509-1450,a.interfaces.members,AddFieldNoImplement,Unnecessary Abstraction
eclipse.pde.ui-20120509-1450,a.interfaces.members,AddFieldNoImplement,Unutilized Abstraction
eclipse.pde.ui-20120509-1450,a.interfaces.members,AddInterfaceA,Unnecessary Abstraction
eclipse.pde.ui-20120509-1450,a.interfaces.members,AddInterfaceA,Unutilized Abstraction
eclipse.pde.ui-20120509-1450,a.interfaces.members,AddInterfaceANoExtend,Unnecessary Abstraction
eclipse.pde.ui-20120509-1450,a.interfaces.members,AddInterfaceANoExtend,Unutilized Abstraction
eclipse.pde.ui-20120509-1450,a.interfaces.members,AddInterfaceANoExtendNoImplement,Unnecessary Abstraction
eclipse.pde.ui-20120509-1450,a.interfaces.members,AddInterfaceANoExtendNoImplement,Unutilized Abstraction
eclipse.pde.ui-20120509-1450,a.interfaces.members,AddInterfaceANoImplement,Unnecessary Abstraction
eclipse.pde.ui-20120509-1450,a.interfaces.members,AddInterfaceANoImplement,Unutilized Abstraction
eclipse.pde.ui-20120509-1450,a.interfaces.members,AddMemberType,Unnecessary Abstraction
eclipse.pde.ui-20120509-1450,a.interfaces.members,AddMemberType,Unutilized Abstraction
eclipse.pde.ui-20120509-1450,a.interfaces.members,AddMemberTypeNoImplement,Unnecessary Abstraction
eclipse.pde.ui-20120509-1450,a.interfaces.members,AddMemberTypeNoImplement,Unutilized Abstraction
eclipse.pde.ui-20120509-1450,a.interfaces.members,AddMethod,Unnecessary Abstraction
eclipse.pde.ui-20120509-1450,a.interfaces.members,AddMethod,Unutilized Abstraction
eclipse.pde.ui-20120509-1450,a.interfaces.members,AddMethodNoExtend,Unnecessary Abstraction
eclipse.pde.ui-20120509-1450,a.interfaces.members,AddMethodNoExtend,Unutilized Abstraction
eclipse.pde.ui-20120509-1450,a.interfaces.members,AddMethodNoExtendNoImplement,Unnecessary Abstraction
eclipse.pde.ui-20120509-1450,a.interfaces.members,AddMethodNoExtendNoImplement,Unutilized Abstraction
eclipse.pde.ui-20120509-1450,a.interfaces.members,AddMethodNoImplement,Unnecessary Abstraction
eclipse.pde.ui-20120509-1450,a.interfaces.members,AddMethodNoImplement,Unutilized Abstraction
eclipse.pde.ui-20120509-1450,a.interfaces.members,AddMethodNoImplement2,Unnecessary Abstraction
eclipse.pde.ui-20120509-1450,a.interfaces.members,AddMethodNoImplement2,Unutilized Abstraction
eclipse.pde.ui-20120509-1450,a.interfaces.members,K,Unnecessary Abstraction
eclipse.pde.ui-20120509-1450,a.interfaces.members,K,Unutilized Abstraction
eclipse.pde.ui-20120509-1450,a.interfaces.members,ReduceFromABtoA,Unnecessary Abstraction
eclipse.pde.ui-20120509-1450,a.interfaces.members,ReduceFromABtoA,Unutilized Abstraction
eclipse.pde.ui-20120509-1450,a.interfaces.members,ReduceFromABtoEmpty,Unnecessary Abstraction
eclipse.pde.ui-20120509-1450,a.interfaces.members,ReduceFromABtoEmpty,Unutilized Abstraction
eclipse.pde.ui-20120509-1450,a.interfaces.members,RemoveField,Unnecessary Abstraction
eclipse.pde.ui-20120509-1450,a.interfaces.members,RemoveField,Unutilized Abstraction
eclipse.pde.ui-20120509-1450,a.interfaces.members,RemoveField,Deficient Encapsulation
eclipse.pde.ui-20120509-1450,a.interfaces.members,RemoveMemberType,Unnecessary Abstraction
eclipse.pde.ui-20120509-1450,a.interfaces.members,RemoveMemberType,Unutilized Abstraction
eclipse.pde.ui-20120509-1450,a.interfaces.members,MemberType,Unnecessary Abstraction
eclipse.pde.ui-20120509-1450,a.interfaces.members,MemberType,Unutilized Abstraction
eclipse.pde.ui-20120509-1450,a.interfaces.members,RemoveMethod,Unutilized Abstraction
eclipse.pde.ui-20120509-1450,a.interfaces.members,RemoveMethodNoReference,Unutilized Abstraction
eclipse.pde.ui-20120509-1450,a.interfaces.members,AddField,Unnecessary Abstraction
eclipse.pde.ui-20120509-1450,a.interfaces.members,AddField,Unutilized Abstraction
eclipse.pde.ui-20120509-1450,a.interfaces.members,AddField,Deficient Encapsulation
eclipse.pde.ui-20120509-1450,a.interfaces.members,AddFieldNoExtend,Unnecessary Abstraction
eclipse.pde.ui-20120509-1450,a.interfaces.members,AddFieldNoExtend,Unutilized Abstraction
eclipse.pde.ui-20120509-1450,a.interfaces.members,AddFieldNoExtend,Deficient Encapsulation
eclipse.pde.ui-20120509-1450,a.interfaces.members,AddFieldNoExtendNoImplement,Unnecessary Abstraction
eclipse.pde.ui-20120509-1450,a.interfaces.members,AddFieldNoExtendNoImplement,Unutilized Abstraction
eclipse.pde.ui-20120509-1450,a.interfaces.members,AddFieldNoExtendNoImplement,Deficient Encapsulation
eclipse.pde.ui-20120509-1450,a.interfaces.members,AddFieldNoImplement,Unnecessary Abstraction
eclipse.pde.ui-20120509-1450,a.interfaces.members,AddFieldNoImplement,Unutilized Abstraction
eclipse.pde.ui-20120509-1450,a.interfaces.members,AddFieldNoImplement,Deficient Encapsulation
eclipse.pde.ui-20120509-1450,a.interfaces.members,AddInterfaceA,Unnecessary Abstraction
eclipse.pde.ui-20120509-1450,a.interfaces.members,AddInterfaceA,Unutilized Abstraction
eclipse.pde.ui-20120509-1450,a.interfaces.members,AddInterfaceANoExtend,Unnecessary Abstraction
eclipse.pde.ui-20120509-1450,a.interfaces.members,AddInterfaceANoExtend,Unutilized Abstraction
eclipse.pde.ui-20120509-1450,a.interfaces.members,AddInterfaceANoExtendNoImplement,Unnecessary Abstraction
eclipse.pde.ui-20120509-1450,a.interfaces.members,AddInterfaceANoExtendNoImplement,Unutilized Abstraction
eclipse.pde.ui-20120509-1450,a.interfaces.members,AddInterfaceANoImplement,Unnecessary Abstraction
eclipse.pde.ui-20120509-1450,a.interfaces.members,AddInterfaceANoImplement,Unutilized Abstraction
eclipse.pde.ui-20120509-1450,a.interfaces.members,AddMemberType,Unnecessary Abstraction
eclipse.pde.ui-20120509-1450,a.interfaces.members,AddMemberType,Unutilized Abstraction
eclipse.pde.ui-20120509-1450,a.interfaces.members,MemberType,Unnecessary Abstraction
eclipse.pde.ui-20120509-1450,a.interfaces.members,MemberType,Unutilized Abstraction
eclipse.pde.ui-20120509-1450,a.interfaces.members,AddMemberTypeNoImplement,Unnecessary Abstraction
eclipse.pde.ui-20120509-1450,a.interfaces.members,AddMemberTypeNoImplement,Unutilized Abstraction
eclipse.pde.ui-20120509-1450,a.interfaces.members,MemberType,Unnecessary Abstraction
eclipse.pde.ui-20120509-1450,a.interfaces.members,MemberType,Unutilized Abstraction
eclipse.pde.ui-20120509-1450,a.interfaces.members,AddMethod,Unutilized Abstraction
eclipse.pde.ui-20120509-1450,a.interfaces.members,AddMethodNoExtend,Unutilized Abstraction
eclipse.pde.ui-20120509-1450,a.interfaces.members,AddMethodNoExtendNoImplement,Unutilized Abstraction
eclipse.pde.ui-20120509-1450,a.interfaces.members,AddMethodNoImplement,Unutilized Abstraction
eclipse.pde.ui-20120509-1450,a.interfaces.members,AddMethodNoImplement2,Unnecessary Abstraction
eclipse.pde.ui-20120509-1450,a.interfaces.members,AddMethodNoImplement2,Unutilized Abstraction
eclipse.pde.ui-20120509-1450,a.interfaces.members,I,Unnecessary Abstraction
eclipse.pde.ui-20120509-1450,a.interfaces.members,I,Unutilized Abstraction
eclipse.pde.ui-20120509-1450,a.interfaces.members,J,Unutilized Abstraction
eclipse.pde.ui-20120509-1450,a.interfaces.members,K,Unnecessary Abstraction
eclipse.pde.ui-20120509-1450,a.interfaces.members,K,Unutilized Abstraction
eclipse.pde.ui-20120509-1450,a.interfaces.members,ReduceFromABtoA,Unnecessary Abstraction
eclipse.pde.ui-20120509-1450,a.interfaces.members,ReduceFromABtoA,Unutilized Abstraction
eclipse.pde.ui-20120509-1450,a.interfaces.members,ReduceFromABtoEmpty,Unnecessary Abstraction
eclipse.pde.ui-20120509-1450,a.interfaces.members,ReduceFromABtoEmpty,Unutilized Abstraction
eclipse.pde.ui-20120509-1450,a.interfaces.members,RemoveField,Unnecessary Abstraction
eclipse.pde.ui-20120509-1450,a.interfaces.members,RemoveField,Unutilized Abstraction
eclipse.pde.ui-20120509-1450,a.interfaces.members,RemoveMemberType,Unnecessary Abstraction
eclipse.pde.ui-20120509-1450,a.interfaces.members,RemoveMemberType,Unutilized Abstraction
eclipse.pde.ui-20120509-1450,a.interfaces.members,RemoveMethod,Unnecessary Abstraction
eclipse.pde.ui-20120509-1450,a.interfaces.members,RemoveMethod,Unutilized Abstraction
eclipse.pde.ui-20120509-1450,a.interfaces.members,RemoveMethodNoReference,Unnecessary Abstraction
eclipse.pde.ui-20120509-1450,a.interfaces.members,RemoveMethodNoReference,Unutilized Abstraction
eclipse.pde.ui-20120509-1450,a.interfaces.restrictions,AddNoExtend,Unnecessary Abstraction
eclipse.pde.ui-20120509-1450,a.interfaces.restrictions,AddNoExtend,Unutilized Abstraction
eclipse.pde.ui-20120509-1450,a.interfaces.restrictions,AddNoExtendNoImplement,Unnecessary Abstraction
eclipse.pde.ui-20120509-1450,a.interfaces.restrictions,AddNoExtendNoImplement,Unutilized Abstraction
eclipse.pde.ui-20120509-1450,a.interfaces.restrictions,AddNoImplement,Unnecessary Abstraction
eclipse.pde.ui-20120509-1450,a.interfaces.restrictions,AddNoImplement,Unutilized Abstraction
eclipse.pde.ui-20120509-1450,a.interfaces.restrictions,RemoveNoExtend,Unnecessary Abstraction
eclipse.pde.ui-20120509-1450,a.interfaces.restrictions,RemoveNoExtend,Unutilized Abstraction
eclipse.pde.ui-20120509-1450,a.interfaces.restrictions,RemoveNoExtendNoImplement,Unnecessary Abstraction
eclipse.pde.ui-20120509-1450,a.interfaces.restrictions,RemoveNoExtendNoImplement,Unutilized Abstraction
eclipse.pde.ui-20120509-1450,a.interfaces.restrictions,RemoveNoImplement,Unnecessary Abstraction
eclipse.pde.ui-20120509-1450,a.interfaces.restrictions,RemoveNoImplement,Unutilized Abstraction
eclipse.pde.ui-20120509-1450,a.interfaces.restrictions,AddNoExtend,Unnecessary Abstraction
eclipse.pde.ui-20120509-1450,a.interfaces.restrictions,AddNoExtend,Unutilized Abstraction
eclipse.pde.ui-20120509-1450,a.interfaces.restrictions,AddNoExtendNoImplement,Unnecessary Abstraction
eclipse.pde.ui-20120509-1450,a.interfaces.restrictions,AddNoExtendNoImplement,Unutilized Abstraction
eclipse.pde.ui-20120509-1450,a.interfaces.restrictions,AddNoImplement,Unnecessary Abstraction
eclipse.pde.ui-20120509-1450,a.interfaces.restrictions,AddNoImplement,Unutilized Abstraction
eclipse.pde.ui-20120509-1450,a.interfaces.restrictions,RemoveNoExtend,Unnecessary Abstraction
eclipse.pde.ui-20120509-1450,a.interfaces.restrictions,RemoveNoExtend,Unutilized Abstraction
eclipse.pde.ui-20120509-1450,a.interfaces.restrictions,RemoveNoExtendNoImplement,Unnecessary Abstraction
eclipse.pde.ui-20120509-1450,a.interfaces.restrictions,RemoveNoExtendNoImplement,Unutilized Abstraction
eclipse.pde.ui-20120509-1450,a.interfaces.restrictions,RemoveNoImplement,Unnecessary Abstraction
eclipse.pde.ui-20120509-1450,a.interfaces.restrictions,RemoveNoImplement,Unutilized Abstraction
eclipse.pde.ui-20120509-1450,a.interfaces.typeparameters,AddClassBound,Unnecessary Abstraction
eclipse.pde.ui-20120509-1450,a.interfaces.typeparameters,AddClassBound,Unutilized Abstraction
eclipse.pde.ui-20120509-1450,a.interfaces.typeparameters,AddFirstTypeParameter,Unnecessary Abstraction
eclipse.pde.ui-20120509-1450,a.interfaces.typeparameters,AddFirstTypeParameter,Unutilized Abstraction
eclipse.pde.ui-20120509-1450,a.interfaces.typeparameters,AddInterfaceBound,Unnecessary Abstraction
eclipse.pde.ui-20120509-1450,a.interfaces.typeparameters,AddInterfaceBound,Unutilized Abstraction
eclipse.pde.ui-20120509-1450,a.interfaces.typeparameters,AddTypeParameter,Unnecessary Abstraction
eclipse.pde.ui-20120509-1450,a.interfaces.typeparameters,AddTypeParameter,Unutilized Abstraction
eclipse.pde.ui-20120509-1450,a.interfaces.typeparameters,ChangeClassBound,Unnecessary Abstraction
eclipse.pde.ui-20120509-1450,a.interfaces.typeparameters,ChangeClassBound,Unutilized Abstraction
eclipse.pde.ui-20120509-1450,a.interfaces.typeparameters,ChangeInterfaceBound,Unnecessary Abstraction
eclipse.pde.ui-20120509-1450,a.interfaces.typeparameters,ChangeInterfaceBound,Unutilized Abstraction
eclipse.pde.ui-20120509-1450,a.interfaces.typeparameters,RemoveClassBound,Unnecessary Abstraction
eclipse.pde.ui-20120509-1450,a.interfaces.typeparameters,RemoveClassBound,Unutilized Abstraction
eclipse.pde.ui-20120509-1450,a.interfaces.typeparameters,RemoveInterfaceBound,Unnecessary Abstraction
eclipse.pde.ui-20120509-1450,a.interfaces.typeparameters,RemoveInterfaceBound,Unutilized Abstraction
eclipse.pde.ui-20120509-1450,a.interfaces.typeparameters,RemoveSecondInterfaceBound,Unnecessary Abstraction
eclipse.pde.ui-20120509-1450,a.interfaces.typeparameters,RemoveSecondInterfaceBound,Unutilized Abstraction
eclipse.pde.ui-20120509-1450,a.interfaces.typeparameters,RemoveTypeParameter,Unutilized Abstraction
eclipse.pde.ui-20120509-1450,a.interfaces.typeparameters,AddClassBound,Unnecessary Abstraction
eclipse.pde.ui-20120509-1450,a.interfaces.typeparameters,AddClassBound,Unutilized Abstraction
eclipse.pde.ui-20120509-1450,a.interfaces.typeparameters,AddFirstTypeParameter,Unnecessary Abstraction
eclipse.pde.ui-20120509-1450,a.interfaces.typeparameters,AddFirstTypeParameter,Unutilized Abstraction
eclipse.pde.ui-20120509-1450,a.interfaces.typeparameters,AddInterfaceBound,Unnecessary Abstraction
eclipse.pde.ui-20120509-1450,a.interfaces.typeparameters,AddInterfaceBound,Unutilized Abstraction
eclipse.pde.ui-20120509-1450,a.interfaces.typeparameters,AddTypeParameter,Unnecessary Abstraction
eclipse.pde.ui-20120509-1450,a.interfaces.typeparameters,AddTypeParameter,Unutilized Abstraction
eclipse.pde.ui-20120509-1450,a.interfaces.typeparameters,ChangeClassBound,Unnecessary Abstraction
eclipse.pde.ui-20120509-1450,a.interfaces.typeparameters,ChangeClassBound,Unutilized Abstraction
eclipse.pde.ui-20120509-1450,a.interfaces.typeparameters,ChangeInterfaceBound,Unnecessary Abstraction
eclipse.pde.ui-20120509-1450,a.interfaces.typeparameters,ChangeInterfaceBound,Unutilized Abstraction
eclipse.pde.ui-20120509-1450,a.interfaces.typeparameters,RemoveClassBound,Unnecessary Abstraction
eclipse.pde.ui-20120509-1450,a.interfaces.typeparameters,RemoveClassBound,Unutilized Abstraction
eclipse.pde.ui-20120509-1450,a.interfaces.typeparameters,RemoveInterfaceBound,Unnecessary Abstraction
eclipse.pde.ui-20120509-1450,a.interfaces.typeparameters,RemoveInterfaceBound,Unutilized Abstraction
eclipse.pde.ui-20120509-1450,a.interfaces.typeparameters,RemoveSecondInterfaceBound,Unnecessary Abstraction
eclipse.pde.ui-20120509-1450,a.interfaces.typeparameters,RemoveSecondInterfaceBound,Unutilized Abstraction
eclipse.pde.ui-20120509-1450,a.interfaces.typeparameters,RemoveTypeParameter,Unutilized Abstraction
eclipse.pde.ui-20120509-1450,a.methods.modifiers,AddAbstract,Unutilized Abstraction
eclipse.pde.ui-20120509-1450,a.methods.modifiers,AddFinal,Unutilized Abstraction
eclipse.pde.ui-20120509-1450,a.methods.modifiers,AddFinalNoExtend,Unutilized Abstraction
eclipse.pde.ui-20120509-1450,a.methods.modifiers,AddFinalNoOverride,Unutilized Abstraction
eclipse.pde.ui-20120509-1450,a.methods.modifiers,AddFinalRemoveNoOverride,Unutilized Abstraction
eclipse.pde.ui-20120509-1450,a.methods.modifiers,AddNoOverride,Unutilized Abstraction
eclipse.pde.ui-20120509-1450,a.methods.modifiers,AddNoOverrideToFinal,Unutilized Abstraction
eclipse.pde.ui-20120509-1450,a.methods.modifiers,AddNoReference,Unutilized Abstraction
eclipse.pde.ui-20120509-1450,a.methods.modifiers,AddStatic,Unutilized Abstraction
eclipse.pde.ui-20120509-1450,a.methods.modifiers,AddStaticNoReference,Unutilized Abstraction
eclipse.pde.ui-20120509-1450,a.methods.modifiers,PrivateToPublicNoReference,Unutilized Abstraction
eclipse.pde.ui-20120509-1450,a.methods.modifiers,ProtectedToPackage,Unutilized Abstraction
eclipse.pde.ui-20120509-1450,a.methods.modifiers,ProtectedToPackageNoReference,Unutilized Abstraction
eclipse.pde.ui-20120509-1450,a.methods.modifiers,ProtectedToPrivate,Unutilized Abstraction
eclipse.pde.ui-20120509-1450,a.methods.modifiers,ProtectedToPrivateNoExtend,Unutilized Abstraction
eclipse.pde.ui-20120509-1450,a.methods.modifiers,ProtectedToPrivateNoOverride,Unutilized Abstraction
eclipse.pde.ui-20120509-1450,a.methods.modifiers,PublicToPackage,Unutilized Abstraction
eclipse.pde.ui-20120509-1450,a.methods.modifiers,PublicToPrivate,Unutilized Abstraction
eclipse.pde.ui-20120509-1450,a.methods.modifiers,PublicToPrivateNoReference,Unutilized Abstraction
eclipse.pde.ui-20120509-1450,a.methods.modifiers,PublicToProtected,Unutilized Abstraction
eclipse.pde.ui-20120509-1450,a.methods.modifiers,RemoveNoOverride,Unutilized Abstraction
eclipse.pde.ui-20120509-1450,a.methods.modifiers,RemoveNoOverrideToFinal,Unutilized Abstraction
eclipse.pde.ui-20120509-1450,a.methods.modifiers,RemoveStatic,Unutilized Abstraction
eclipse.pde.ui-20120509-1450,a.methods.modifiers,RemoveStaticNoReference,Unutilized Abstraction
eclipse.pde.ui-20120509-1450,a.methods.modifiers,AddAbstract,Unutilized Abstraction
eclipse.pde.ui-20120509-1450,a.methods.modifiers,AddFinal,Unutilized Abstraction
eclipse.pde.ui-20120509-1450,a.methods.modifiers,AddFinalNoExtend,Unutilized Abstraction
eclipse.pde.ui-20120509-1450,a.methods.modifiers,AddFinalNoOverride,Unutilized Abstraction
eclipse.pde.ui-20120509-1450,a.methods.modifiers,AddFinalRemoveNoOverride,Unutilized Abstraction
eclipse.pde.ui-20120509-1450,a.methods.modifiers,AddNoOverride,Unutilized Abstraction
eclipse.pde.ui-20120509-1450,a.methods.modifiers,AddNoOverrideToFinal,Unutilized Abstraction
eclipse.pde.ui-20120509-1450,a.methods.modifiers,AddNoReference,Unutilized Abstraction
eclipse.pde.ui-20120509-1450,a.methods.modifiers,AddStatic,Unutilized Abstraction
eclipse.pde.ui-20120509-1450,a.methods.modifiers,AddStaticNoReference,Unutilized Abstraction
eclipse.pde.ui-20120509-1450,a.methods.modifiers,PrivateToPublicNoReference,Unutilized Abstraction
eclipse.pde.ui-20120509-1450,a.methods.modifiers,ProtectedToPackage,Unutilized Abstraction
eclipse.pde.ui-20120509-1450,a.methods.modifiers,ProtectedToPackageNoReference,Unutilized Abstraction
eclipse.pde.ui-20120509-1450,a.methods.modifiers,ProtectedToPrivate,Unutilized Abstraction
eclipse.pde.ui-20120509-1450,a.methods.modifiers,ProtectedToPrivateNoExtend,Unutilized Abstraction
eclipse.pde.ui-20120509-1450,a.methods.modifiers,ProtectedToPrivateNoOverride,Unutilized Abstraction
eclipse.pde.ui-20120509-1450,a.methods.modifiers,PublicToPackage,Unutilized Abstraction
eclipse.pde.ui-20120509-1450,a.methods.modifiers,PublicToPrivate,Unutilized Abstraction
eclipse.pde.ui-20120509-1450,a.methods.modifiers,PublicToPrivateNoReference,Unutilized Abstraction
eclipse.pde.ui-20120509-1450,a.methods.modifiers,PublicToProtected,Unutilized Abstraction
eclipse.pde.ui-20120509-1450,a.methods.modifiers,RemoveNoOverride,Unutilized Abstraction
eclipse.pde.ui-20120509-1450,a.methods.modifiers,RemoveNoOverrideToFinal,Unutilized Abstraction
eclipse.pde.ui-20120509-1450,a.methods.modifiers,RemoveStatic,Unutilized Abstraction
eclipse.pde.ui-20120509-1450,a.methods.modifiers,RemoveStaticNoReference,Unutilized Abstraction
eclipse.pde.ui-20120509-1450,a.methods.typeparameters,AddTypeParameter,Unutilized Abstraction
eclipse.pde.ui-20120509-1450,a.methods.typeparameters,ArrayToVarArgs,Unutilized Abstraction
eclipse.pde.ui-20120509-1450,a.methods.typeparameters,RemoveTypeParameter,Unutilized Abstraction
eclipse.pde.ui-20120509-1450,a.methods.typeparameters,VarArgsToArray,Unutilized Abstraction
eclipse.pde.ui-20120509-1450,a.methods.typeparameters,AddTypeParameter,Unutilized Abstraction
eclipse.pde.ui-20120509-1450,a.methods.typeparameters,ArrayToVarArgs,Unutilized Abstraction
eclipse.pde.ui-20120509-1450,a.methods.typeparameters,RemoveTypeParameter,Unutilized Abstraction
eclipse.pde.ui-20120509-1450,a.methods.typeparameters,VarArgsToArray,Unutilized Abstraction
eclipse.pde.ui-20120509-1450,a.since,AddField,Unnecessary Abstraction
eclipse.pde.ui-20120509-1450,a.since,AddField,Unutilized Abstraction
eclipse.pde.ui-20120509-1450,a.since,AddInheritedMethod,Unnecessary Abstraction
eclipse.pde.ui-20120509-1450,a.since,AddInheritedMethod,Unutilized Abstraction
eclipse.pde.ui-20120509-1450,a.since,AddMemberType,Unnecessary Abstraction
eclipse.pde.ui-20120509-1450,a.since,AddMemberType,Unutilized Abstraction
eclipse.pde.ui-20120509-1450,a.since,AddMethod,Unnecessary Abstraction
eclipse.pde.ui-20120509-1450,a.since,AddMethod,Unutilized Abstraction
eclipse.pde.ui-20120509-1450,a.since,AddMethod2,Unnecessary Abstraction
eclipse.pde.ui-20120509-1450,a.since,AddMethod2,Unutilized Abstraction
eclipse.pde.ui-20120509-1450,a.since,AddNewInterfaceMethod,Unnecessary Abstraction
eclipse.pde.ui-20120509-1450,a.since,AddNewInterfaceMethod,Unutilized Abstraction
eclipse.pde.ui-20120509-1450,a.since,AddNonVisibleMethod,Unnecessary Abstraction
eclipse.pde.ui-20120509-1450,a.since,AddNonVisibleMethod,Unutilized Abstraction
eclipse.pde.ui-20120509-1450,a.since,AddNonVisibleMethod2,Unnecessary Abstraction
eclipse.pde.ui-20120509-1450,a.since,AddNonVisibleMethod2,Unutilized Abstraction
eclipse.pde.ui-20120509-1450,a.since,AddPrivateField,Unnecessary Abstraction
eclipse.pde.ui-20120509-1450,a.since,AddPrivateField,Unutilized Abstraction
eclipse.pde.ui-20120509-1450,a.since,InvalidField,Unnecessary Abstraction
eclipse.pde.ui-20120509-1450,a.since,InvalidField,Unutilized Abstraction
eclipse.pde.ui-20120509-1450,a.since,InvalidMemberType,Unnecessary Abstraction
eclipse.pde.ui-20120509-1450,a.since,InvalidMemberType,Unutilized Abstraction
eclipse.pde.ui-20120509-1450,a.since,InvalidMethod,Unnecessary Abstraction
eclipse.pde.ui-20120509-1450,a.since,InvalidMethod,Unutilized Abstraction
eclipse.pde.ui-20120509-1450,a.since,MalformedField,Unnecessary Abstraction
eclipse.pde.ui-20120509-1450,a.since,MalformedField,Unutilized Abstraction
eclipse.pde.ui-20120509-1450,a.since,MalformedMemberType,Unnecessary Abstraction
eclipse.pde.ui-20120509-1450,a.since,MalformedMemberType,Unutilized Abstraction
eclipse.pde.ui-20120509-1450,a.since,MalformedMethod,Unnecessary Abstraction
eclipse.pde.ui-20120509-1450,a.since,MalformedMethod,Unutilized Abstraction
eclipse.pde.ui-20120509-1450,a.since,MalformedTag,Unnecessary Abstraction
eclipse.pde.ui-20120509-1450,a.since,MalformedTag,Unutilized Abstraction
eclipse.pde.ui-20120509-1450,a.since,ValidSinceTags,Unnecessary Abstraction
eclipse.pde.ui-20120509-1450,a.since,ValidSinceTags,Unutilized Abstraction
eclipse.pde.ui-20120509-1450,a.since,AddField,Unnecessary Abstraction
eclipse.pde.ui-20120509-1450,a.since,AddField,Unutilized Abstraction
eclipse.pde.ui-20120509-1450,a.since,AddField,Deficient Encapsulation
eclipse.pde.ui-20120509-1450,a.since,AddInheritedMethod,Unutilized Abstraction
eclipse.pde.ui-20120509-1450,a.since,AddMemberType,Unnecessary Abstraction
eclipse.pde.ui-20120509-1450,a.since,AddMemberType,Unutilized Abstraction
eclipse.pde.ui-20120509-1450,a.since,MemberType,Unnecessary Abstraction
eclipse.pde.ui-20120509-1450,a.since,MemberType,Unutilized Abstraction
eclipse.pde.ui-20120509-1450,a.since,AddMethod,Unutilized Abstraction
eclipse.pde.ui-20120509-1450,a.since,AddMethod2,Unutilized Abstraction
eclipse.pde.ui-20120509-1450,a.since,AddNewInterfaceMethod,Unutilized Abstraction
eclipse.pde.ui-20120509-1450,a.since,AddNonVisibleMethod,Unutilized Abstraction
eclipse.pde.ui-20120509-1450,a.since,AddNonVisibleMethod2,Unutilized Abstraction
eclipse.pde.ui-20120509-1450,a.since,AddPrivateField,Unnecessary Abstraction
eclipse.pde.ui-20120509-1450,a.since,AddPrivateField,Unutilized Abstraction
eclipse.pde.ui-20120509-1450,a.since,AddType,Unnecessary Abstraction
eclipse.pde.ui-20120509-1450,a.since,AddType,Unutilized Abstraction
eclipse.pde.ui-20120509-1450,a.since,InvalidField,Unnecessary Abstraction
eclipse.pde.ui-20120509-1450,a.since,InvalidField,Unutilized Abstraction
eclipse.pde.ui-20120509-1450,a.since,InvalidField,Deficient Encapsulation
eclipse.pde.ui-20120509-1450,a.since,InvalidMemberType,Unnecessary Abstraction
eclipse.pde.ui-20120509-1450,a.since,InvalidMemberType,Unutilized Abstraction
eclipse.pde.ui-20120509-1450,a.since,MemberType,Unnecessary Abstraction
eclipse.pde.ui-20120509-1450,a.since,MemberType,Unutilized Abstraction
eclipse.pde.ui-20120509-1450,a.since,InvalidMethod,Unutilized Abstraction
eclipse.pde.ui-20120509-1450,a.since,InvalidType,Unnecessary Abstraction
eclipse.pde.ui-20120509-1450,a.since,InvalidType,Unutilized Abstraction
eclipse.pde.ui-20120509-1450,a.since,MalformedField,Unnecessary Abstraction
eclipse.pde.ui-20120509-1450,a.since,MalformedField,Unutilized Abstraction
eclipse.pde.ui-20120509-1450,a.since,MalformedField,Deficient Encapsulation
eclipse.pde.ui-20120509-1450,a.since,MalformedMemberType,Unnecessary Abstraction
eclipse.pde.ui-20120509-1450,a.since,MalformedMemberType,Unutilized Abstraction
eclipse.pde.ui-20120509-1450,a.since,MemberType,Unnecessary Abstraction
eclipse.pde.ui-20120509-1450,a.since,MemberType,Unutilized Abstraction
eclipse.pde.ui-20120509-1450,a.since,MalformedMethod,Unutilized Abstraction
eclipse.pde.ui-20120509-1450,a.since,MalformedTag,Unutilized Abstraction
eclipse.pde.ui-20120509-1450,a.since,MalformedType,Unnecessary Abstraction
eclipse.pde.ui-20120509-1450,a.since,MalformedType,Unutilized Abstraction
eclipse.pde.ui-20120509-1450,a.since,ValidSinceTags,Unutilized Abstraction
eclipse.pde.ui-20120509-1450,a.version,AddApi,Unnecessary Abstraction
eclipse.pde.ui-20120509-1450,a.version,AddApi,Unutilized Abstraction
eclipse.pde.ui-20120509-1450,a.version,BreakApi,Unutilized Abstraction
eclipse.pde.ui-20120509-1450,a.version,StableApi,Unnecessary Abstraction
eclipse.pde.ui-20120509-1450,a.version,StableApi,Unutilized Abstraction
eclipse.pde.ui-20120509-1450,a.version,AddApi,Unutilized Abstraction
eclipse.pde.ui-20120509-1450,a.version,BreakApi,Unnecessary Abstraction
eclipse.pde.ui-20120509-1450,a.version,BreakApi,Unutilized Abstraction
eclipse.pde.ui-20120509-1450,a.version,StableApi,Unnecessary Abstraction
eclipse.pde.ui-20120509-1450,a.version,StableApi,Unutilized Abstraction
eclipse.pde.ui-20120509-1450,a.version.internal,RemoveInternalClass,Unnecessary Abstraction
eclipse.pde.ui-20120509-1450,a.version.internal,RemoveInternalClass,Unutilized Abstraction
eclipse.pde.ui-20120509-1450,p,X,Unnecessary Abstraction
eclipse.pde.ui-20120509-1450,p,X,Unutilized Abstraction
eclipse.pde.ui-20120509-1450,p,X,Unnecessary Abstraction
eclipse.pde.ui-20120509-1450,p,X,Unutilized Abstraction
eclipse.pde.ui-20120509-1450,p,X,Unnecessary Abstraction
eclipse.pde.ui-20120509-1450,p,X,Unutilized Abstraction
eclipse.pde.ui-20120509-1450,p,X,Unnecessary Abstraction
eclipse.pde.ui-20120509-1450,p,X,Unutilized Abstraction
eclipse.pde.ui-20120509-1450,p,X,Unnecessary Abstraction
eclipse.pde.ui-20120509-1450,p,X,Unutilized Abstraction
eclipse.pde.ui-20120509-1450,p,X,Unnecessary Abstraction
eclipse.pde.ui-20120509-1450,p,X,Unutilized Abstraction
eclipse.pde.ui-20120509-1450,p,X,Unnecessary Abstraction
eclipse.pde.ui-20120509-1450,p,X,Unutilized Abstraction
eclipse.pde.ui-20120509-1450,p,X,Unnecessary Abstraction
eclipse.pde.ui-20120509-1450,p,X,Unutilized Abstraction
eclipse.pde.ui-20120509-1450,p,X,Unnecessary Abstraction
eclipse.pde.ui-20120509-1450,p,X,Unutilized Abstraction
eclipse.pde.ui-20120509-1450,p,X,Unnecessary Abstraction
eclipse.pde.ui-20120509-1450,p,X,Unutilized Abstraction
eclipse.pde.ui-20120509-1450,p,X,Unnecessary Abstraction
eclipse.pde.ui-20120509-1450,p,X,Unutilized Abstraction
eclipse.pde.ui-20120509-1450,p,X,Unnecessary Abstraction
eclipse.pde.ui-20120509-1450,p,X,Unutilized Abstraction
eclipse.pde.ui-20120509-1450,p,X,Unnecessary Abstraction
eclipse.pde.ui-20120509-1450,p,X,Unutilized Abstraction
eclipse.pde.ui-20120509-1450,p,X2,Unnecessary Abstraction
eclipse.pde.ui-20120509-1450,p,X2,Unutilized Abstraction
eclipse.pde.ui-20120509-1450,p,X,Unnecessary Abstraction
eclipse.pde.ui-20120509-1450,p,X,Unutilized Abstraction
eclipse.pde.ui-20120509-1450,p,X,Unnecessary Abstraction
eclipse.pde.ui-20120509-1450,p,X,Unutilized Abstraction
eclipse.pde.ui-20120509-1450,p,X,Unnecessary Abstraction
eclipse.pde.ui-20120509-1450,p,X,Unutilized Abstraction
eclipse.pde.ui-20120509-1450,p,X,Unnecessary Abstraction
eclipse.pde.ui-20120509-1450,p,X,Unutilized Abstraction
eclipse.pde.ui-20120509-1450,p,X,Unnecessary Abstraction
eclipse.pde.ui-20120509-1450,p,X,Unutilized Abstraction
eclipse.pde.ui-20120509-1450,p,X,Unnecessary Abstraction
eclipse.pde.ui-20120509-1450,p,X,Unutilized Abstraction
eclipse.pde.ui-20120509-1450,p,X,Unnecessary Abstraction
eclipse.pde.ui-20120509-1450,p,X,Unutilized Abstraction
eclipse.pde.ui-20120509-1450,p,X,Unutilized Abstraction
eclipse.pde.ui-20120509-1450,p,X,Unnecessary Abstraction
eclipse.pde.ui-20120509-1450,p,X,Unutilized Abstraction
eclipse.pde.ui-20120509-1450,p,X,Unutilized Abstraction
eclipse.pde.ui-20120509-1450,p,X,Unnecessary Abstraction
eclipse.pde.ui-20120509-1450,p,X,Unutilized Abstraction
eclipse.pde.ui-20120509-1450,p,X,Unnecessary Abstraction
eclipse.pde.ui-20120509-1450,p,X,Unutilized Abstraction
eclipse.pde.ui-20120509-1450,p,X,Deficient Encapsulation
eclipse.pde.ui-20120509-1450,p,X,Unnecessary Abstraction
eclipse.pde.ui-20120509-1450,p,X,Unutilized Abstraction
eclipse.pde.ui-20120509-1450,p,X,Unutilized Abstraction
eclipse.pde.ui-20120509-1450,p,X,Unnecessary Abstraction
eclipse.pde.ui-20120509-1450,p,X,Unutilized Abstraction
eclipse.pde.ui-20120509-1450,p,X,Unnecessary Abstraction
eclipse.pde.ui-20120509-1450,p,X,Unutilized Abstraction
eclipse.pde.ui-20120509-1450,p,X,Unnecessary Abstraction
eclipse.pde.ui-20120509-1450,p,X,Unutilized Abstraction
eclipse.pde.ui-20120509-1450,p,Y,Unnecessary Abstraction
eclipse.pde.ui-20120509-1450,p,Y,Unutilized Abstraction
eclipse.pde.ui-20120509-1450,p,X,Unnecessary Abstraction
eclipse.pde.ui-20120509-1450,p,X,Unutilized Abstraction
eclipse.pde.ui-20120509-1450,p,Y,Unnecessary Abstraction
eclipse.pde.ui-20120509-1450,p,Y,Unutilized Abstraction
eclipse.pde.ui-20120509-1450,p,X,Unnecessary Abstraction
eclipse.pde.ui-20120509-1450,p,X,Unutilized Abstraction
eclipse.pde.ui-20120509-1450,p,Y,Unnecessary Abstraction
eclipse.pde.ui-20120509-1450,p,Y,Unutilized Abstraction
eclipse.pde.ui-20120509-1450,p,Y,Unutilized Abstraction
eclipse.pde.ui-20120509-1450,p,Y,Unnecessary Abstraction
eclipse.pde.ui-20120509-1450,p,Y,Unutilized Abstraction
eclipse.pde.ui-20120509-1450,p,B,Unnecessary Abstraction
eclipse.pde.ui-20120509-1450,p,B,Unutilized Abstraction
eclipse.pde.ui-20120509-1450,p,Y,Unnecessary Abstraction
eclipse.pde.ui-20120509-1450,p,Y,Unutilized Abstraction
eclipse.pde.ui-20120509-1450,p,B,Unnecessary Abstraction
eclipse.pde.ui-20120509-1450,p,B,Unutilized Abstraction
eclipse.pde.ui-20120509-1450,p,Y,Unnecessary Abstraction
eclipse.pde.ui-20120509-1450,p,Y,Unutilized Abstraction
eclipse.pde.ui-20120509-1450,p,B,Unnecessary Abstraction
eclipse.pde.ui-20120509-1450,p,B,Unutilized Abstraction
eclipse.pde.ui-20120509-1450,p,Y,Unnecessary Abstraction
eclipse.pde.ui-20120509-1450,p,Y,Unutilized Abstraction
eclipse.pde.ui-20120509-1450,p,B,Unnecessary Abstraction
eclipse.pde.ui-20120509-1450,p,B,Unutilized Abstraction
eclipse.pde.ui-20120509-1450,p,I,Unnecessary Abstraction
eclipse.pde.ui-20120509-1450,p,I,Unutilized Abstraction
eclipse.pde.ui-20120509-1450,p,X,Unnecessary Abstraction
eclipse.pde.ui-20120509-1450,p,X,Unutilized Abstraction
eclipse.pde.ui-20120509-1450,p,Z,Unnecessary Abstraction
eclipse.pde.ui-20120509-1450,p,Z,Unutilized Abstraction
eclipse.pde.ui-20120509-1450,p,I,Unnecessary Abstraction
eclipse.pde.ui-20120509-1450,p,I,Unutilized Abstraction
eclipse.pde.ui-20120509-1450,p,X,Unnecessary Abstraction
eclipse.pde.ui-20120509-1450,p,X,Unutilized Abstraction
eclipse.pde.ui-20120509-1450,p,Y,Unnecessary Abstraction
eclipse.pde.ui-20120509-1450,p,Y,Unutilized Abstraction
eclipse.pde.ui-20120509-1450,p,I,Unnecessary Abstraction
eclipse.pde.ui-20120509-1450,p,I,Unutilized Abstraction
eclipse.pde.ui-20120509-1450,p,X,Unnecessary Abstraction
eclipse.pde.ui-20120509-1450,p,X,Unutilized Abstraction
eclipse.pde.ui-20120509-1450,p,Y,Unnecessary Abstraction
eclipse.pde.ui-20120509-1450,p,Y,Unutilized Abstraction
eclipse.pde.ui-20120509-1450,p,Z,Unnecessary Abstraction
eclipse.pde.ui-20120509-1450,p,Z,Unutilized Abstraction
eclipse.pde.ui-20120509-1450,p,I,Unnecessary Abstraction
eclipse.pde.ui-20120509-1450,p,I,Unutilized Abstraction
eclipse.pde.ui-20120509-1450,p,X,Unnecessary Abstraction
eclipse.pde.ui-20120509-1450,p,X,Unutilized Abstraction
eclipse.pde.ui-20120509-1450,p,Y,Unnecessary Abstraction
eclipse.pde.ui-20120509-1450,p,Y,Unutilized Abstraction
eclipse.pde.ui-20120509-1450,p,I,Unnecessary Abstraction
eclipse.pde.ui-20120509-1450,p,I,Unutilized Abstraction
eclipse.pde.ui-20120509-1450,p,X,Unnecessary Abstraction
eclipse.pde.ui-20120509-1450,p,X,Unutilized Abstraction
eclipse.pde.ui-20120509-1450,p,Y,Unnecessary Abstraction
eclipse.pde.ui-20120509-1450,p,Y,Unutilized Abstraction
eclipse.pde.ui-20120509-1450,p,I,Unnecessary Abstraction
eclipse.pde.ui-20120509-1450,p,I,Unutilized Abstraction
eclipse.pde.ui-20120509-1450,p,X,Unnecessary Abstraction
eclipse.pde.ui-20120509-1450,p,X,Unutilized Abstraction
eclipse.pde.ui-20120509-1450,p,Y,Unnecessary Abstraction
eclipse.pde.ui-20120509-1450,p,Y,Unutilized Abstraction
eclipse.pde.ui-20120509-1450,p,X,Unnecessary Abstraction
eclipse.pde.ui-20120509-1450,p,X,Unutilized Abstraction
eclipse.pde.ui-20120509-1450,p,X,Unnecessary Abstraction
eclipse.pde.ui-20120509-1450,p,X,Unutilized Abstraction
eclipse.pde.ui-20120509-1450,p,X,Unnecessary Abstraction
eclipse.pde.ui-20120509-1450,p,X,Unutilized Abstraction
eclipse.pde.ui-20120509-1450,p,X,Unnecessary Abstraction
eclipse.pde.ui-20120509-1450,p,X,Unutilized Abstraction
eclipse.pde.ui-20120509-1450,p,X,Unnecessary Abstraction
eclipse.pde.ui-20120509-1450,p,X,Unutilized Abstraction
eclipse.pde.ui-20120509-1450,p,X,Unnecessary Abstraction
eclipse.pde.ui-20120509-1450,p,X,Unutilized Abstraction
eclipse.pde.ui-20120509-1450,p,X,Unnecessary Abstraction
eclipse.pde.ui-20120509-1450,p,X,Unutilized Abstraction
eclipse.pde.ui-20120509-1450,p,X,Unnecessary Abstraction
eclipse.pde.ui-20120509-1450,p,X,Unutilized Abstraction
eclipse.pde.ui-20120509-1450,p,X,Unnecessary Abstraction
eclipse.pde.ui-20120509-1450,p,X,Unutilized Abstraction
eclipse.pde.ui-20120509-1450,p,X,Unnecessary Abstraction
eclipse.pde.ui-20120509-1450,p,X,Unutilized Abstraction
eclipse.pde.ui-20120509-1450,p,X,Unnecessary Abstraction
eclipse.pde.ui-20120509-1450,p,X,Unutilized Abstraction
eclipse.pde.ui-20120509-1450,p,X,Unnecessary Abstraction
eclipse.pde.ui-20120509-1450,p,X,Unutilized Abstraction
eclipse.pde.ui-20120509-1450,p,X,Unnecessary Abstraction
eclipse.pde.ui-20120509-1450,p,X,Unutilized Abstraction
eclipse.pde.ui-20120509-1450,p,Y,Unnecessary Abstraction
eclipse.pde.ui-20120509-1450,p,Y,Unutilized Abstraction
eclipse.pde.ui-20120509-1450,p,Z,Unnecessary Abstraction
eclipse.pde.ui-20120509-1450,p,Z,Unutilized Abstraction
eclipse.pde.ui-20120509-1450,p,X,Unnecessary Abstraction
eclipse.pde.ui-20120509-1450,p,X,Unutilized Abstraction
eclipse.pde.ui-20120509-1450,p,Y,Unnecessary Abstraction
eclipse.pde.ui-20120509-1450,p,Y,Unutilized Abstraction
eclipse.pde.ui-20120509-1450,p,Z,Unnecessary Abstraction
eclipse.pde.ui-20120509-1450,p,Z,Unutilized Abstraction
eclipse.pde.ui-20120509-1450,p,X,Unnecessary Abstraction
eclipse.pde.ui-20120509-1450,p,X,Unutilized Abstraction
eclipse.pde.ui-20120509-1450,p,Y,Unnecessary Abstraction
eclipse.pde.ui-20120509-1450,p,Y,Unutilized Abstraction
eclipse.pde.ui-20120509-1450,p,Z,Unnecessary Abstraction
eclipse.pde.ui-20120509-1450,p,Z,Unutilized Abstraction
eclipse.pde.ui-20120509-1450,p,X,Unnecessary Abstraction
eclipse.pde.ui-20120509-1450,p,X,Unutilized Abstraction
eclipse.pde.ui-20120509-1450,p,Y,Unnecessary Abstraction
eclipse.pde.ui-20120509-1450,p,Y,Unutilized Abstraction
eclipse.pde.ui-20120509-1450,p,Z,Unnecessary Abstraction
eclipse.pde.ui-20120509-1450,p,Z,Unutilized Abstraction
eclipse.pde.ui-20120509-1450,p,X,Unnecessary Abstraction
eclipse.pde.ui-20120509-1450,p,X,Unutilized Abstraction
eclipse.pde.ui-20120509-1450,p,X,Deficient Encapsulation
eclipse.pde.ui-20120509-1450,p,X,Unnecessary Abstraction
eclipse.pde.ui-20120509-1450,p,X,Unutilized Abstraction
eclipse.pde.ui-20120509-1450,p,X,Unnecessary Abstraction
eclipse.pde.ui-20120509-1450,p,X,Unutilized Abstraction
eclipse.pde.ui-20120509-1450,p,X,Deficient Encapsulation
eclipse.pde.ui-20120509-1450,p,X,Unnecessary Abstraction
eclipse.pde.ui-20120509-1450,p,X,Unutilized Abstraction
eclipse.pde.ui-20120509-1450,p,X,Unnecessary Abstraction
eclipse.pde.ui-20120509-1450,p,X,Unutilized Abstraction
eclipse.pde.ui-20120509-1450,p,X,Unnecessary Abstraction
eclipse.pde.ui-20120509-1450,p,X,Unutilized Abstraction
eclipse.pde.ui-20120509-1450,p,X,Unnecessary Abstraction
eclipse.pde.ui-20120509-1450,p,X,Unutilized Abstraction
eclipse.pde.ui-20120509-1450,p,X,Unnecessary Abstraction
eclipse.pde.ui-20120509-1450,p,X,Unutilized Abstraction
eclipse.pde.ui-20120509-1450,p,X,Unutilized Abstraction
eclipse.pde.ui-20120509-1450,p,Y,Unutilized Abstraction
eclipse.pde.ui-20120509-1450,p,X,Unutilized Abstraction
eclipse.pde.ui-20120509-1450,p,Y,Unutilized Abstraction
eclipse.pde.ui-20120509-1450,p,X,Unnecessary Abstraction
eclipse.pde.ui-20120509-1450,p,X,Unutilized Abstraction
eclipse.pde.ui-20120509-1450,p,X,Unnecessary Abstraction
eclipse.pde.ui-20120509-1450,p,X,Unutilized Abstraction
eclipse.pde.ui-20120509-1450,p,X,Unnecessary Abstraction
eclipse.pde.ui-20120509-1450,p,X,Unutilized Abstraction
eclipse.pde.ui-20120509-1450,p,X,Deficient Encapsulation
eclipse.pde.ui-20120509-1450,p,X,Unnecessary Abstraction
eclipse.pde.ui-20120509-1450,p,X,Unutilized Abstraction
eclipse.pde.ui-20120509-1450,p,X,Unnecessary Abstraction
eclipse.pde.ui-20120509-1450,p,X,Unutilized Abstraction
eclipse.pde.ui-20120509-1450,p,X,Deficient Encapsulation
eclipse.pde.ui-20120509-1450,p,X,Unnecessary Abstraction
eclipse.pde.ui-20120509-1450,p,X,Unutilized Abstraction
eclipse.pde.ui-20120509-1450,p,X,Unnecessary Abstraction
eclipse.pde.ui-20120509-1450,p,X,Unutilized Abstraction
eclipse.pde.ui-20120509-1450,p,X,Unnecessary Abstraction
eclipse.pde.ui-20120509-1450,p,X,Unutilized Abstraction
eclipse.pde.ui-20120509-1450,p,X,Unnecessary Abstraction
eclipse.pde.ui-20120509-1450,p,X,Unutilized Abstraction
eclipse.pde.ui-20120509-1450,p,X,Deficient Encapsulation
eclipse.pde.ui-20120509-1450,p,X,Unnecessary Abstraction
eclipse.pde.ui-20120509-1450,p,X,Unutilized Abstraction
eclipse.pde.ui-20120509-1450,p,X,Deficient Encapsulation
eclipse.pde.ui-20120509-1450,p,X,Unnecessary Abstraction
eclipse.pde.ui-20120509-1450,p,X,Unutilized Abstraction
eclipse.pde.ui-20120509-1450,p,X,Deficient Encapsulation
eclipse.pde.ui-20120509-1450,p,X,Unnecessary Abstraction
eclipse.pde.ui-20120509-1450,p,X,Unutilized Abstraction
eclipse.pde.ui-20120509-1450,p,X,Deficient Encapsulation
eclipse.pde.ui-20120509-1450,p,X,Unnecessary Abstraction
eclipse.pde.ui-20120509-1450,p,X,Unutilized Abstraction
eclipse.pde.ui-20120509-1450,p,X,Deficient Encapsulation
eclipse.pde.ui-20120509-1450,p,X,Unnecessary Abstraction
eclipse.pde.ui-20120509-1450,p,X,Unutilized Abstraction
eclipse.pde.ui-20120509-1450,p,X,Deficient Encapsulation
eclipse.pde.ui-20120509-1450,p,X,Unnecessary Abstraction
eclipse.pde.ui-20120509-1450,p,X,Unutilized Abstraction
eclipse.pde.ui-20120509-1450,p,X,Deficient Encapsulation
eclipse.pde.ui-20120509-1450,p,X,Unnecessary Abstraction
eclipse.pde.ui-20120509-1450,p,X,Unutilized Abstraction
eclipse.pde.ui-20120509-1450,p,X,Deficient Encapsulation
eclipse.pde.ui-20120509-1450,p,X,Unnecessary Abstraction
eclipse.pde.ui-20120509-1450,p,X,Unutilized Abstraction
eclipse.pde.ui-20120509-1450,p,X,Unnecessary Abstraction
eclipse.pde.ui-20120509-1450,p,X,Unutilized Abstraction
eclipse.pde.ui-20120509-1450,p,X,Deficient Encapsulation
eclipse.pde.ui-20120509-1450,p,X,Unnecessary Abstraction
eclipse.pde.ui-20120509-1450,p,X,Unutilized Abstraction
eclipse.pde.ui-20120509-1450,p,X,Unnecessary Abstraction
eclipse.pde.ui-20120509-1450,p,X,Unutilized Abstraction
eclipse.pde.ui-20120509-1450,p,X,Deficient Encapsulation
eclipse.pde.ui-20120509-1450,p,X,Unnecessary Abstraction
eclipse.pde.ui-20120509-1450,p,X,Unutilized Abstraction
eclipse.pde.ui-20120509-1450,p,X,Unnecessary Abstraction
eclipse.pde.ui-20120509-1450,p,X,Unutilized Abstraction
eclipse.pde.ui-20120509-1450,p,X,Unnecessary Abstraction
eclipse.pde.ui-20120509-1450,p,X,Unutilized Abstraction
eclipse.pde.ui-20120509-1450,p,X,Unnecessary Abstraction
eclipse.pde.ui-20120509-1450,p,X,Unutilized Abstraction
eclipse.pde.ui-20120509-1450,p,X,Unnecessary Abstraction
eclipse.pde.ui-20120509-1450,p,X,Unutilized Abstraction
eclipse.pde.ui-20120509-1450,p,X,Deficient Encapsulation
eclipse.pde.ui-20120509-1450,p,X,Unnecessary Abstraction
eclipse.pde.ui-20120509-1450,p,X,Unutilized Abstraction
eclipse.pde.ui-20120509-1450,p,X,Deficient Encapsulation
eclipse.pde.ui-20120509-1450,p,X,Unnecessary Abstraction
eclipse.pde.ui-20120509-1450,p,X,Unutilized Abstraction
eclipse.pde.ui-20120509-1450,p,X,Deficient Encapsulation
eclipse.pde.ui-20120509-1450,p,X,Unnecessary Abstraction
eclipse.pde.ui-20120509-1450,p,X,Unutilized Abstraction
eclipse.pde.ui-20120509-1450,p,X,Deficient Encapsulation
eclipse.pde.ui-20120509-1450,p,X,Unnecessary Abstraction
eclipse.pde.ui-20120509-1450,p,X,Unutilized Abstraction
eclipse.pde.ui-20120509-1450,p,X,Unnecessary Abstraction
eclipse.pde.ui-20120509-1450,p,X,Unutilized Abstraction
eclipse.pde.ui-20120509-1450,p,X,Unnecessary Abstraction
eclipse.pde.ui-20120509-1450,p,X,Unutilized Abstraction
eclipse.pde.ui-20120509-1450,p,X,Unnecessary Abstraction
eclipse.pde.ui-20120509-1450,p,X,Unutilized Abstraction
eclipse.pde.ui-20120509-1450,p,X,Unnecessary Abstraction
eclipse.pde.ui-20120509-1450,p,X,Unutilized Abstraction
eclipse.pde.ui-20120509-1450,p,X,Unnecessary Abstraction
eclipse.pde.ui-20120509-1450,p,X,Unutilized Abstraction
eclipse.pde.ui-20120509-1450,p,I,Unnecessary Abstraction
eclipse.pde.ui-20120509-1450,p,I,Unutilized Abstraction
eclipse.pde.ui-20120509-1450,p,I,Unnecessary Abstraction
eclipse.pde.ui-20120509-1450,p,I,Unutilized Abstraction
eclipse.pde.ui-20120509-1450,p,I,Unnecessary Abstraction
eclipse.pde.ui-20120509-1450,p,I,Unutilized Abstraction
eclipse.pde.ui-20120509-1450,p,I,Unnecessary Abstraction
eclipse.pde.ui-20120509-1450,p,I,Unutilized Abstraction
eclipse.pde.ui-20120509-1450,p,I,Unnecessary Abstraction
eclipse.pde.ui-20120509-1450,p,I,Unutilized Abstraction
eclipse.pde.ui-20120509-1450,p,Y,Unnecessary Abstraction
eclipse.pde.ui-20120509-1450,p,Y,Unutilized Abstraction
eclipse.pde.ui-20120509-1450,p,Z,Unnecessary Abstraction
eclipse.pde.ui-20120509-1450,p,Z,Unutilized Abstraction
eclipse.pde.ui-20120509-1450,p,I,Unnecessary Abstraction
eclipse.pde.ui-20120509-1450,p,I,Unutilized Abstraction
eclipse.pde.ui-20120509-1450,p,Y,Unnecessary Abstraction
eclipse.pde.ui-20120509-1450,p,Y,Unutilized Abstraction
eclipse.pde.ui-20120509-1450,p,I,Unutilized Abstraction
eclipse.pde.ui-20120509-1450,p,J,Unutilized Abstraction
eclipse.pde.ui-20120509-1450,p,J,Wide Hierarchy
eclipse.pde.ui-20120509-1450,p,I,Unutilized Abstraction
eclipse.pde.ui-20120509-1450,p,J,Unutilized Abstraction
eclipse.pde.ui-20120509-1450,p,I,Unutilized Abstraction
eclipse.pde.ui-20120509-1450,p,J,Unutilized Abstraction
eclipse.pde.ui-20120509-1450,p,I,Unutilized Abstraction
eclipse.pde.ui-20120509-1450,p,J,Unutilized Abstraction
eclipse.pde.ui-20120509-1450,p,I,Unutilized Abstraction
eclipse.pde.ui-20120509-1450,p,J,Unutilized Abstraction
eclipse.pde.ui-20120509-1450,p,I,Unutilized Abstraction
eclipse.pde.ui-20120509-1450,p,I,Unutilized Abstraction
eclipse.pde.ui-20120509-1450,p,J,Unutilized Abstraction
eclipse.pde.ui-20120509-1450,p,I,Unutilized Abstraction
eclipse.pde.ui-20120509-1450,p,I,Rebellious Hierarchy
eclipse.pde.ui-20120509-1450,p,J,Unutilized Abstraction
eclipse.pde.ui-20120509-1450,p,I,Unnecessary Abstraction
eclipse.pde.ui-20120509-1450,p,I,Unutilized Abstraction
eclipse.pde.ui-20120509-1450,p,I,Unnecessary Abstraction
eclipse.pde.ui-20120509-1450,p,I,Unutilized Abstraction
eclipse.pde.ui-20120509-1450,p,I,Unnecessary Abstraction
eclipse.pde.ui-20120509-1450,p,I,Unutilized Abstraction
eclipse.pde.ui-20120509-1450,p,I,Unnecessary Abstraction
eclipse.pde.ui-20120509-1450,p,I,Unutilized Abstraction
eclipse.pde.ui-20120509-1450,p,I,Unutilized Abstraction
eclipse.pde.ui-20120509-1450,p,J,Unutilized Abstraction
eclipse.pde.ui-20120509-1450,p,I,Unutilized Abstraction
eclipse.pde.ui-20120509-1450,p,J,Unutilized Abstraction
eclipse.pde.ui-20120509-1450,p,I,Unutilized Abstraction
eclipse.pde.ui-20120509-1450,p,J,Unutilized Abstraction
eclipse.pde.ui-20120509-1450,p,I,Unutilized Abstraction
eclipse.pde.ui-20120509-1450,p,J,Unutilized Abstraction
eclipse.pde.ui-20120509-1450,p,I,Unutilized Abstraction
eclipse.pde.ui-20120509-1450,p,J,Unutilized Abstraction
eclipse.pde.ui-20120509-1450,p,I,Unutilized Abstraction
eclipse.pde.ui-20120509-1450,p,I,Rebellious Hierarchy
eclipse.pde.ui-20120509-1450,p,J,Unutilized Abstraction
eclipse.pde.ui-20120509-1450,p,I,Unutilized Abstraction
eclipse.pde.ui-20120509-1450,p,J,Unutilized Abstraction
eclipse.pde.ui-20120509-1450,p,I,Unutilized Abstraction
eclipse.pde.ui-20120509-1450,p,I,Rebellious Hierarchy
eclipse.pde.ui-20120509-1450,p,J,Unutilized Abstraction
eclipse.pde.ui-20120509-1450,p,I,Unutilized Abstraction
eclipse.pde.ui-20120509-1450,p,I,Unnecessary Abstraction
eclipse.pde.ui-20120509-1450,p,I,Unutilized Abstraction
eclipse.pde.ui-20120509-1450,p,X,Unutilized Abstraction
eclipse.pde.ui-20120509-1450,p,X,Unutilized Abstraction
eclipse.pde.ui-20120509-1450,p,X,Unutilized Abstraction
eclipse.pde.ui-20120509-1450,p,X,Unutilized Abstraction
eclipse.pde.ui-20120509-1450,p,X,Unutilized Abstraction
eclipse.pde.ui-20120509-1450,p,X,Unutilized Abstraction
eclipse.pde.ui-20120509-1450,p,X,Unutilized Abstraction
eclipse.pde.ui-20120509-1450,p,X,Unutilized Abstraction
eclipse.pde.ui-20120509-1450,p,X,Unutilized Abstraction
eclipse.pde.ui-20120509-1450,p,X,Unutilized Abstraction
eclipse.pde.ui-20120509-1450,p,X,Unutilized Abstraction
eclipse.pde.ui-20120509-1450,p,X,Unutilized Abstraction
eclipse.pde.ui-20120509-1450,p,X,Unutilized Abstraction
eclipse.pde.ui-20120509-1450,p,X,Broken Hierarchy
eclipse.pde.ui-20120509-1450,p,X,Unutilized Abstraction
eclipse.pde.ui-20120509-1450,p,X,Broken Hierarchy
eclipse.pde.ui-20120509-1450,p,X,Unutilized Abstraction
eclipse.pde.ui-20120509-1450,p,X,Unutilized Abstraction
eclipse.pde.ui-20120509-1450,p,X,Unutilized Abstraction
eclipse.pde.ui-20120509-1450,p,X,Unutilized Abstraction
eclipse.pde.ui-20120509-1450,p,X,Unutilized Abstraction
eclipse.pde.ui-20120509-1450,p,X,Unutilized Abstraction
eclipse.pde.ui-20120509-1450,p,X,Unutilized Abstraction
eclipse.pde.ui-20120509-1450,p,X,Unnecessary Abstraction
eclipse.pde.ui-20120509-1450,p,X,Unutilized Abstraction
eclipse.pde.ui-20120509-1450,p,X,Unutilized Abstraction
eclipse.pde.ui-20120509-1450,p,I,Unutilized Abstraction
eclipse.pde.ui-20120509-1450,p,X,Unnecessary Abstraction
eclipse.pde.ui-20120509-1450,p,X,Unutilized Abstraction
eclipse.pde.ui-20120509-1450,p,I,Unnecessary Abstraction
eclipse.pde.ui-20120509-1450,p,I,Unutilized Abstraction
eclipse.pde.ui-20120509-1450,p,X,Unutilized Abstraction
eclipse.pde.ui-20120509-1450,p,I,Unutilized Abstraction
eclipse.pde.ui-20120509-1450,p,X,Unnecessary Abstraction
eclipse.pde.ui-20120509-1450,p,X,Unutilized Abstraction
eclipse.pde.ui-20120509-1450,p,I,Unnecessary Abstraction
eclipse.pde.ui-20120509-1450,p,I,Unutilized Abstraction
eclipse.pde.ui-20120509-1450,p,I,Unutilized Abstraction
eclipse.pde.ui-20120509-1450,p,X,Unutilized Abstraction
eclipse.pde.ui-20120509-1450,p,X,Broken Hierarchy
eclipse.pde.ui-20120509-1450,p,I,Unutilized Abstraction
eclipse.pde.ui-20120509-1450,p,X,Unnecessary Abstraction
eclipse.pde.ui-20120509-1450,p,X,Unutilized Abstraction
eclipse.pde.ui-20120509-1450,p,X,Unutilized Abstraction
eclipse.pde.ui-20120509-1450,p,X,Unutilized Abstraction
eclipse.pde.ui-20120509-1450,p,X,Unutilized Abstraction
eclipse.pde.ui-20120509-1450,p,X,Unutilized Abstraction
eclipse.pde.ui-20120509-1450,p,X,Unutilized Abstraction
eclipse.pde.ui-20120509-1450,p,X,Unnecessary Abstraction
eclipse.pde.ui-20120509-1450,p,X,Unutilized Abstraction
eclipse.pde.ui-20120509-1450,p,X,Unutilized Abstraction
eclipse.pde.ui-20120509-1450,p,X,Unutilized Abstraction
eclipse.pde.ui-20120509-1450,p,X,Unutilized Abstraction
eclipse.pde.ui-20120509-1450,p,X,Unutilized Abstraction
eclipse.pde.ui-20120509-1450,p,X,Unutilized Abstraction
eclipse.pde.ui-20120509-1450,p,X,Unutilized Abstraction
eclipse.pde.ui-20120509-1450,p,X,Unutilized Abstraction
eclipse.pde.ui-20120509-1450,p,X,Unutilized Abstraction
eclipse.pde.ui-20120509-1450,p,X,Unutilized Abstraction
eclipse.pde.ui-20120509-1450,p,X,Unutilized Abstraction
eclipse.pde.ui-20120509-1450,p,X,Unutilized Abstraction
eclipse.pde.ui-20120509-1450,p,X,Unutilized Abstraction
eclipse.pde.ui-20120509-1450,p,X,Unutilized Abstraction
eclipse.pde.ui-20120509-1450,p,X,Unutilized Abstraction
eclipse.pde.ui-20120509-1450,p,X,Unutilized Abstraction
eclipse.pde.ui-20120509-1450,p,X,Unutilized Abstraction
eclipse.pde.ui-20120509-1450,p,X,Unutilized Abstraction
eclipse.pde.ui-20120509-1450,p,X,Unutilized Abstraction
eclipse.pde.ui-20120509-1450,p,X,Unutilized Abstraction
eclipse.pde.ui-20120509-1450,p,X,Unutilized Abstraction
eclipse.pde.ui-20120509-1450,p,X,Unutilized Abstraction
eclipse.pde.ui-20120509-1450,p,X,Unutilized Abstraction
eclipse.pde.ui-20120509-1450,p,X,Unutilized Abstraction
eclipse.pde.ui-20120509-1450,p,X,Unnecessary Abstraction
eclipse.pde.ui-20120509-1450,p,X,Unutilized Abstraction
eclipse.pde.ui-20120509-1450,p,X,Unutilized Abstraction
eclipse.pde.ui-20120509-1450,p,X,Unnecessary Abstraction
eclipse.pde.ui-20120509-1450,p,X,Unutilized Abstraction
eclipse.pde.ui-20120509-1450,p,X,Unutilized Abstraction
eclipse.pde.ui-20120509-1450,p,X,Unnecessary Abstraction
eclipse.pde.ui-20120509-1450,p,X,Unutilized Abstraction
eclipse.pde.ui-20120509-1450,p,X,Unutilized Abstraction
eclipse.pde.ui-20120509-1450,p,X,Unnecessary Abstraction
eclipse.pde.ui-20120509-1450,p,X,Unutilized Abstraction
eclipse.pde.ui-20120509-1450,p,X,Unutilized Abstraction
eclipse.pde.ui-20120509-1450,p,X,Unnecessary Abstraction
eclipse.pde.ui-20120509-1450,p,X,Unutilized Abstraction
eclipse.pde.ui-20120509-1450,p,X,Unutilized Abstraction
eclipse.pde.ui-20120509-1450,p,X,Unutilized Abstraction
eclipse.pde.ui-20120509-1450,p,X,Unnecessary Abstraction
eclipse.pde.ui-20120509-1450,p,X,Unutilized Abstraction
eclipse.pde.ui-20120509-1450,p,X,Unnecessary Abstraction
eclipse.pde.ui-20120509-1450,p,X,Unutilized Abstraction
eclipse.pde.ui-20120509-1450,p,X,Unnecessary Abstraction
eclipse.pde.ui-20120509-1450,p,X,Unutilized Abstraction
eclipse.pde.ui-20120509-1450,p,X,Unnecessary Abstraction
eclipse.pde.ui-20120509-1450,p,X,Unutilized Abstraction
eclipse.pde.ui-20120509-1450,p,X,Unutilized Abstraction
eclipse.pde.ui-20120509-1450,p,X,Unutilized Abstraction
eclipse.pde.ui-20120509-1450,p,X,Unnecessary Abstraction
eclipse.pde.ui-20120509-1450,p,X,Unutilized Abstraction
eclipse.pde.ui-20120509-1450,p,X,Unutilized Abstraction
eclipse.pde.ui-20120509-1450,p,X,Unnecessary Abstraction
eclipse.pde.ui-20120509-1450,p,X,Unutilized Abstraction
eclipse.pde.ui-20120509-1450,p,X,Unutilized Abstraction
eclipse.pde.ui-20120509-1450,p,X,Unnecessary Abstraction
eclipse.pde.ui-20120509-1450,p,X,Unutilized Abstraction
eclipse.pde.ui-20120509-1450,p,X,Unutilized Abstraction
eclipse.pde.ui-20120509-1450,p,X,Unnecessary Abstraction
eclipse.pde.ui-20120509-1450,p,X,Unutilized Abstraction
eclipse.pde.ui-20120509-1450,p,X,Unutilized Abstraction
eclipse.pde.ui-20120509-1450,p,X,Unnecessary Abstraction
eclipse.pde.ui-20120509-1450,p,X,Unutilized Abstraction
eclipse.pde.ui-20120509-1450,p,X,Unutilized Abstraction
eclipse.pde.ui-20120509-1450,p,X,Unnecessary Abstraction
eclipse.pde.ui-20120509-1450,p,X,Unutilized Abstraction
eclipse.pde.ui-20120509-1450,p,X,Unutilized Abstraction
eclipse.pde.ui-20120509-1450,p,X,Unnecessary Abstraction
eclipse.pde.ui-20120509-1450,p,X,Unutilized Abstraction
eclipse.pde.ui-20120509-1450,p,X,Unutilized Abstraction
eclipse.pde.ui-20120509-1450,x.y.z,test1,Unnecessary Abstraction
eclipse.pde.ui-20120509-1450,x.y.z,test1,Unutilized Abstraction
eclipse.pde.ui-20120509-1450,x.y.z,test10,Unnecessary Abstraction
eclipse.pde.ui-20120509-1450,x.y.z,test10,Unutilized Abstraction
eclipse.pde.ui-20120509-1450,x.y.z,inner,Unnecessary Abstraction
eclipse.pde.ui-20120509-1450,x.y.z,inner,Unutilized Abstraction
eclipse.pde.ui-20120509-1450,x.y.z,test11,Unnecessary Abstraction
eclipse.pde.ui-20120509-1450,x.y.z,test11,Unutilized Abstraction
eclipse.pde.ui-20120509-1450,x.y.z,inner,Unnecessary Abstraction
eclipse.pde.ui-20120509-1450,x.y.z,inner,Unutilized Abstraction
eclipse.pde.ui-20120509-1450,x.y.z,test12,Unnecessary Abstraction
eclipse.pde.ui-20120509-1450,x.y.z,test12,Unutilized Abstraction
eclipse.pde.ui-20120509-1450,x.y.z,test13,Unnecessary Abstraction
eclipse.pde.ui-20120509-1450,x.y.z,test13,Unutilized Abstraction
eclipse.pde.ui-20120509-1450,x.y.z,test14,Unnecessary Abstraction
eclipse.pde.ui-20120509-1450,x.y.z,test14,Unutilized Abstraction
eclipse.pde.ui-20120509-1450,x.y.z,test15,Unnecessary Abstraction
eclipse.pde.ui-20120509-1450,x.y.z,test15,Unutilized Abstraction
eclipse.pde.ui-20120509-1450,x.y.z,inner,Unnecessary Abstraction
eclipse.pde.ui-20120509-1450,x.y.z,inner,Unutilized Abstraction
eclipse.pde.ui-20120509-1450,x.y.z,test16,Unnecessary Abstraction
eclipse.pde.ui-20120509-1450,x.y.z,test16,Unutilized Abstraction
eclipse.pde.ui-20120509-1450,x.y.z,inner,Unnecessary Abstraction
eclipse.pde.ui-20120509-1450,x.y.z,inner,Unutilized Abstraction
eclipse.pde.ui-20120509-1450,x.y.z,inner2,Unnecessary Abstraction
eclipse.pde.ui-20120509-1450,x.y.z,inner2,Unutilized Abstraction
eclipse.pde.ui-20120509-1450,x.y.z,test17,Unnecessary Abstraction
eclipse.pde.ui-20120509-1450,x.y.z,test17,Unutilized Abstraction
eclipse.pde.ui-20120509-1450,x.y.z,inner,Unnecessary Abstraction
eclipse.pde.ui-20120509-1450,x.y.z,inner,Unutilized Abstraction
eclipse.pde.ui-20120509-1450,x.y.z,inner2,Unnecessary Abstraction
eclipse.pde.ui-20120509-1450,x.y.z,inner2,Unutilized Abstraction
eclipse.pde.ui-20120509-1450,x.y.z,outer17,Unnecessary Abstraction
eclipse.pde.ui-20120509-1450,x.y.z,outer17,Unutilized Abstraction
eclipse.pde.ui-20120509-1450,x.y.z,test18,Unnecessary Abstraction
eclipse.pde.ui-20120509-1450,x.y.z,test18,Unutilized Abstraction
eclipse.pde.ui-20120509-1450,x.y.z,inner,Unnecessary Abstraction
eclipse.pde.ui-20120509-1450,x.y.z,inner,Unutilized Abstraction
eclipse.pde.ui-20120509-1450,x.y.z,inner2,Unnecessary Abstraction
eclipse.pde.ui-20120509-1450,x.y.z,inner2,Unutilized Abstraction
eclipse.pde.ui-20120509-1450,x.y.z,outer18,Unnecessary Abstraction
eclipse.pde.ui-20120509-1450,x.y.z,outer18,Unutilized Abstraction
eclipse.pde.ui-20120509-1450,x.y.z,test19,Unnecessary Abstraction
eclipse.pde.ui-20120509-1450,x.y.z,test19,Unutilized Abstraction
eclipse.pde.ui-20120509-1450,x.y.z,inner,Unnecessary Abstraction
eclipse.pde.ui-20120509-1450,x.y.z,inner,Unutilized Abstraction
eclipse.pde.ui-20120509-1450,x.y.z,inner2,Unnecessary Abstraction
eclipse.pde.ui-20120509-1450,x.y.z,inner2,Unutilized Abstraction
eclipse.pde.ui-20120509-1450,x.y.z,outer19,Unnecessary Abstraction
eclipse.pde.ui-20120509-1450,x.y.z,outer19,Unutilized Abstraction
eclipse.pde.ui-20120509-1450,x.y.z,test2,Unnecessary Abstraction
eclipse.pde.ui-20120509-1450,x.y.z,test2,Unutilized Abstraction
eclipse.pde.ui-20120509-1450,x.y.z,outer2,Unnecessary Abstraction
eclipse.pde.ui-20120509-1450,x.y.z,outer2,Unutilized Abstraction
eclipse.pde.ui-20120509-1450,x.y.z,test20,Unnecessary Abstraction
eclipse.pde.ui-20120509-1450,x.y.z,test20,Unutilized Abstraction
eclipse.pde.ui-20120509-1450,x.y.z,inner,Unnecessary Abstraction
eclipse.pde.ui-20120509-1450,x.y.z,inner,Unutilized Abstraction
eclipse.pde.ui-20120509-1450,x.y.z,inner2,Unnecessary Abstraction
eclipse.pde.ui-20120509-1450,x.y.z,inner2,Unutilized Abstraction
eclipse.pde.ui-20120509-1450,x.y.z,outer20,Unnecessary Abstraction
eclipse.pde.ui-20120509-1450,x.y.z,outer20,Unutilized Abstraction
eclipse.pde.ui-20120509-1450,x.y.z,test21,Unnecessary Abstraction
eclipse.pde.ui-20120509-1450,x.y.z,test21,Unutilized Abstraction
eclipse.pde.ui-20120509-1450,x.y.z,inner,Unnecessary Abstraction
eclipse.pde.ui-20120509-1450,x.y.z,inner,Unutilized Abstraction
eclipse.pde.ui-20120509-1450,x.y.z,inner2,Unnecessary Abstraction
eclipse.pde.ui-20120509-1450,x.y.z,inner2,Unutilized Abstraction
eclipse.pde.ui-20120509-1450,x.y.z,outer21,Unnecessary Abstraction
eclipse.pde.ui-20120509-1450,x.y.z,outer21,Unutilized Abstraction
eclipse.pde.ui-20120509-1450,x.y.z,test22,Unnecessary Abstraction
eclipse.pde.ui-20120509-1450,x.y.z,test22,Unutilized Abstraction
eclipse.pde.ui-20120509-1450,x.y.z,inner,Unnecessary Abstraction
eclipse.pde.ui-20120509-1450,x.y.z,inner,Unutilized Abstraction
eclipse.pde.ui-20120509-1450,x.y.z,inner2,Unnecessary Abstraction
eclipse.pde.ui-20120509-1450,x.y.z,inner2,Unutilized Abstraction
eclipse.pde.ui-20120509-1450,x.y.z,outer22,Unnecessary Abstraction
eclipse.pde.ui-20120509-1450,x.y.z,outer22,Unutilized Abstraction
eclipse.pde.ui-20120509-1450,x.y.z,test23,Unnecessary Abstraction
eclipse.pde.ui-20120509-1450,x.y.z,test23,Unutilized Abstraction
eclipse.pde.ui-20120509-1450,x.y.z,test24,Unnecessary Abstraction
eclipse.pde.ui-20120509-1450,x.y.z,test24,Unutilized Abstraction
eclipse.pde.ui-20120509-1450,x.y.z,test25,Unnecessary Abstraction
eclipse.pde.ui-20120509-1450,x.y.z,test25,Unutilized Abstraction
eclipse.pde.ui-20120509-1450,x.y.z,test26,Unnecessary Abstraction
eclipse.pde.ui-20120509-1450,x.y.z,test26,Unutilized Abstraction
eclipse.pde.ui-20120509-1450,x.y.z,test27,Unnecessary Abstraction
eclipse.pde.ui-20120509-1450,x.y.z,test27,Unutilized Abstraction
eclipse.pde.ui-20120509-1450,x.y.z,test28,Unnecessary Abstraction
eclipse.pde.ui-20120509-1450,x.y.z,test28,Unutilized Abstraction
eclipse.pde.ui-20120509-1450,x.y.z,test29,Unnecessary Abstraction
eclipse.pde.ui-20120509-1450,x.y.z,test29,Unutilized Abstraction
eclipse.pde.ui-20120509-1450,x.y.z,test3,Unnecessary Abstraction
eclipse.pde.ui-20120509-1450,x.y.z,test3,Unutilized Abstraction
eclipse.pde.ui-20120509-1450,x.y.z,inner,Unnecessary Abstraction
eclipse.pde.ui-20120509-1450,x.y.z,inner,Unutilized Abstraction
eclipse.pde.ui-20120509-1450,x.y.z,test30,Unnecessary Abstraction
eclipse.pde.ui-20120509-1450,x.y.z,test30,Unutilized Abstraction
eclipse.pde.ui-20120509-1450,x.y.z,outer30,Unutilized Abstraction
eclipse.pde.ui-20120509-1450,x.y.z,test31,Unutilized Abstraction
eclipse.pde.ui-20120509-1450,x.y.z,Iouter,Unutilized Abstraction
eclipse.pde.ui-20120509-1450,x.y.z,test32,Unutilized Abstraction
eclipse.pde.ui-20120509-1450,x.y.z,test4,Unnecessary Abstraction
eclipse.pde.ui-20120509-1450,x.y.z,test4,Unutilized Abstraction
eclipse.pde.ui-20120509-1450,x.y.z,inner,Unnecessary Abstraction
eclipse.pde.ui-20120509-1450,x.y.z,inner,Unutilized Abstraction
eclipse.pde.ui-20120509-1450,x.y.z,test5,Unnecessary Abstraction
eclipse.pde.ui-20120509-1450,x.y.z,test5,Unutilized Abstraction
eclipse.pde.ui-20120509-1450,x.y.z,test6,Unnecessary Abstraction
eclipse.pde.ui-20120509-1450,x.y.z,test6,Unutilized Abstraction
eclipse.pde.ui-20120509-1450,x.y.z,test7,Unnecessary Abstraction
eclipse.pde.ui-20120509-1450,x.y.z,test7,Unutilized Abstraction
eclipse.pde.ui-20120509-1450,x.y.z,test8,Unnecessary Abstraction
eclipse.pde.ui-20120509-1450,x.y.z,test8,Unutilized Abstraction
eclipse.pde.ui-20120509-1450,x.y.z,test9,Unnecessary Abstraction
eclipse.pde.ui-20120509-1450,x.y.z,test9,Unutilized Abstraction
eclipse.pde.ui-20120509-1450,x.y.z,outer9,Unnecessary Abstraction
eclipse.pde.ui-20120509-1450,x.y.z,outer9,Unutilized Abstraction
eclipse.pde.ui-20120509-1450,x.y.z,testFTL1,Unnecessary Abstraction
eclipse.pde.ui-20120509-1450,x.y.z,testFTL1,Unutilized Abstraction
eclipse.pde.ui-20120509-1450,x.y.z,testFTL1,Deficient Encapsulation
eclipse.pde.ui-20120509-1450,x.y.z,testFTL2,Unutilized Abstraction
eclipse.pde.ui-20120509-1450,x.y.z,testFTL2,Deficient Encapsulation
eclipse.pde.ui-20120509-1450,x.y.z,testFTL2,Broken Modularization
eclipse.pde.ui-20120509-1450,x.y.z,inner,Unnecessary Abstraction
eclipse.pde.ui-20120509-1450,x.y.z,inner,Unutilized Abstraction
eclipse.pde.ui-20120509-1450,x.y.z,inner,Deficient Encapsulation
eclipse.pde.ui-20120509-1450,x.y.z,testFTL3,Unutilized Abstraction
eclipse.pde.ui-20120509-1450,x.y.z,testFTL3,Deficient Encapsulation
eclipse.pde.ui-20120509-1450,x.y.z,testFTL3,Broken Modularization
eclipse.pde.ui-20120509-1450,x.y.z,inner,Unnecessary Abstraction
eclipse.pde.ui-20120509-1450,x.y.z,inner,Unutilized Abstraction
eclipse.pde.ui-20120509-1450,x.y.z,inner,Deficient Encapsulation
eclipse.pde.ui-20120509-1450,x.y.z,testFTL4,Unutilized Abstraction
eclipse.pde.ui-20120509-1450,x.y.z,testFTL4,Deficient Encapsulation
eclipse.pde.ui-20120509-1450,x.y.z,testFTL4,Broken Modularization
eclipse.pde.ui-20120509-1450,x.y.z,inner,Unnecessary Abstraction
eclipse.pde.ui-20120509-1450,x.y.z,inner,Unutilized Abstraction
eclipse.pde.ui-20120509-1450,x.y.z,inner,Deficient Encapsulation
eclipse.pde.ui-20120509-1450,x.y.z,testFTL5,Unutilized Abstraction
eclipse.pde.ui-20120509-1450,x.y.z,testFTL5,Deficient Encapsulation
eclipse.pde.ui-20120509-1450,x.y.z,testFTL5,Broken Modularization
eclipse.pde.ui-20120509-1450,x.y.z,inner,Unnecessary Abstraction
eclipse.pde.ui-20120509-1450,x.y.z,inner,Unutilized Abstraction
eclipse.pde.ui-20120509-1450,x.y.z,inner,Deficient Encapsulation
eclipse.pde.ui-20120509-1450,x.y.z,testFTL6,Unnecessary Abstraction
eclipse.pde.ui-20120509-1450,x.y.z,testFTL6,Unutilized Abstraction
eclipse.pde.ui-20120509-1450,x.y.z,innerFLT6,Unnecessary Abstraction
eclipse.pde.ui-20120509-1450,x.y.z,innerFLT6,Unutilized Abstraction
eclipse.pde.ui-20120509-1450,x.y.z,innerFLT6,Deficient Encapsulation
eclipse.pde.ui-20120509-1450,x.y.z,testFTL7,Unnecessary Abstraction
eclipse.pde.ui-20120509-1450,x.y.z,testFTL7,Unutilized Abstraction
eclipse.pde.ui-20120509-1450,x.y.z,outerFLT7,Unnecessary Abstraction
eclipse.pde.ui-20120509-1450,x.y.z,outerFLT7,Unutilized Abstraction
eclipse.pde.ui-20120509-1450,x.y.z,outerFLT7,Deficient Encapsulation
eclipse.pde.ui-20120509-1450,x.y.z,testFTL8,Unnecessary Abstraction
eclipse.pde.ui-20120509-1450,x.y.z,testFTL8,Unutilized Abstraction
eclipse.pde.ui-20120509-1450,x.y.z,testFTL8,Deficient Encapsulation
eclipse.pde.ui-20120509-1450,x.y.z,outerFTL8,Unnecessary Abstraction
eclipse.pde.ui-20120509-1450,x.y.z,outerFTL8,Unutilized Abstraction
eclipse.pde.ui-20120509-1450,x.y.z,Etest1,Unnecessary Abstraction
eclipse.pde.ui-20120509-1450,x.y.z,Etest1,Unutilized Abstraction
eclipse.pde.ui-20120509-1450,x.y.z,Etest10,Unnecessary Abstraction
eclipse.pde.ui-20120509-1450,x.y.z,Etest10,Unutilized Abstraction
eclipse.pde.ui-20120509-1450,x.y.z,Iouter,Unnecessary Abstraction
eclipse.pde.ui-20120509-1450,x.y.z,Iouter,Unutilized Abstraction
eclipse.pde.ui-20120509-1450,x.y.z,Etest2,Unnecessary Abstraction
eclipse.pde.ui-20120509-1450,x.y.z,Etest2,Unutilized Abstraction
eclipse.pde.ui-20120509-1450,x.y.z,outer,Unnecessary Abstraction
eclipse.pde.ui-20120509-1450,x.y.z,outer,Unutilized Abstraction
eclipse.pde.ui-20120509-1450,x.y.z,Etest3,Unnecessary Abstraction
eclipse.pde.ui-20120509-1450,x.y.z,Etest3,Unutilized Abstraction
eclipse.pde.ui-20120509-1450,x.y.z,inner,Unnecessary Abstraction
eclipse.pde.ui-20120509-1450,x.y.z,inner,Unutilized Abstraction
eclipse.pde.ui-20120509-1450,x.y.z,Etest4,Unnecessary Abstraction
eclipse.pde.ui-20120509-1450,x.y.z,Etest4,Unutilized Abstraction
eclipse.pde.ui-20120509-1450,x.y.z,inner,Unnecessary Abstraction
eclipse.pde.ui-20120509-1450,x.y.z,inner,Unutilized Abstraction
eclipse.pde.ui-20120509-1450,x.y.z,Etest5,Unnecessary Abstraction
eclipse.pde.ui-20120509-1450,x.y.z,Etest5,Unutilized Abstraction
eclipse.pde.ui-20120509-1450,x.y.z,outer,Unnecessary Abstraction
eclipse.pde.ui-20120509-1450,x.y.z,outer,Unutilized Abstraction
eclipse.pde.ui-20120509-1450,x.y.z,inner,Unnecessary Abstraction
eclipse.pde.ui-20120509-1450,x.y.z,inner,Unutilized Abstraction
eclipse.pde.ui-20120509-1450,x.y.z,Etest6,Unnecessary Abstraction
eclipse.pde.ui-20120509-1450,x.y.z,Etest6,Unutilized Abstraction
eclipse.pde.ui-20120509-1450,x.y.z,Etest7,Unnecessary Abstraction
eclipse.pde.ui-20120509-1450,x.y.z,Etest7,Unutilized Abstraction
eclipse.pde.ui-20120509-1450,x.y.z,inner,Unnecessary Abstraction
eclipse.pde.ui-20120509-1450,x.y.z,inner,Unutilized Abstraction
eclipse.pde.ui-20120509-1450,x.y.z,inner2,Unnecessary Abstraction
eclipse.pde.ui-20120509-1450,x.y.z,inner2,Unutilized Abstraction
eclipse.pde.ui-20120509-1450,x.y.z,Etest8,Unnecessary Abstraction
eclipse.pde.ui-20120509-1450,x.y.z,Etest8,Unutilized Abstraction
eclipse.pde.ui-20120509-1450,x.y.z,inner,Unnecessary Abstraction
eclipse.pde.ui-20120509-1450,x.y.z,inner,Unutilized Abstraction
eclipse.pde.ui-20120509-1450,x.y.z,inner2,Unnecessary Abstraction
eclipse.pde.ui-20120509-1450,x.y.z,inner2,Unutilized Abstraction
eclipse.pde.ui-20120509-1450,x.y.z,inner,Unnecessary Abstraction
eclipse.pde.ui-20120509-1450,x.y.z,inner,Unutilized Abstraction
eclipse.pde.ui-20120509-1450,x.y.z,inner3,Unnecessary Abstraction
eclipse.pde.ui-20120509-1450,x.y.z,inner3,Unutilized Abstraction
eclipse.pde.ui-20120509-1450,x.y.z,outer,Unnecessary Abstraction
eclipse.pde.ui-20120509-1450,x.y.z,outer,Unutilized Abstraction
eclipse.pde.ui-20120509-1450,x.y.z,inner,Unnecessary Abstraction
eclipse.pde.ui-20120509-1450,x.y.z,inner,Unutilized Abstraction
eclipse.pde.ui-20120509-1450,x.y.z,outer2,Unnecessary Abstraction
eclipse.pde.ui-20120509-1450,x.y.z,outer2,Unutilized Abstraction
eclipse.pde.ui-20120509-1450,x.y.z,inner,Unnecessary Abstraction
eclipse.pde.ui-20120509-1450,x.y.z,inner,Unutilized Abstraction
eclipse.pde.ui-20120509-1450,x.y.z,inner2,Unnecessary Abstraction
eclipse.pde.ui-20120509-1450,x.y.z,inner2,Unutilized Abstraction
eclipse.pde.ui-20120509-1450,x.y.z,Etest9,Unnecessary Abstraction
eclipse.pde.ui-20120509-1450,x.y.z,Etest9,Unutilized Abstraction
eclipse.pde.ui-20120509-1450,x.y.z,inner,Unnecessary Abstraction
eclipse.pde.ui-20120509-1450,x.y.z,inner,Unutilized Abstraction
eclipse.pde.ui-20120509-1450,x.y.z,inner2,Unnecessary Abstraction
eclipse.pde.ui-20120509-1450,x.y.z,inner2,Unutilized Abstraction
eclipse.pde.ui-20120509-1450,x.y.z,testCPL1,Unutilized Abstraction
eclipse.pde.ui-20120509-1450,x.y.z,testCPL10,Unutilized Abstraction
eclipse.pde.ui-20120509-1450,x.y.z,inner,Unutilized Abstraction
eclipse.pde.ui-20120509-1450,x.y.z,inner2,Unutilized Abstraction
eclipse.pde.ui-20120509-1450,x.y.z,inner3,Unutilized Abstraction
eclipse.pde.ui-20120509-1450,x.y.z,testCPL11,Unutilized Abstraction
eclipse.pde.ui-20120509-1450,x.y.z,inner,Unutilized Abstraction
eclipse.pde.ui-20120509-1450,x.y.z,inner2,Unutilized Abstraction
eclipse.pde.ui-20120509-1450,x.y.z,inner3,Unutilized Abstraction
eclipse.pde.ui-20120509-1450,x.y.z,testCPL12,Unutilized Abstraction
eclipse.pde.ui-20120509-1450,x.y.z,inner,Unutilized Abstraction
eclipse.pde.ui-20120509-1450,x.y.z,inner2,Unutilized Abstraction
eclipse.pde.ui-20120509-1450,x.y.z,inner3,Unutilized Abstraction
eclipse.pde.ui-20120509-1450,x.y.z,testCPL13,Unutilized Abstraction
eclipse.pde.ui-20120509-1450,x.y.z,inner,Unutilized Abstraction
eclipse.pde.ui-20120509-1450,x.y.z,inner2,Unutilized Abstraction
eclipse.pde.ui-20120509-1450,x.y.z,inner3,Unutilized Abstraction
eclipse.pde.ui-20120509-1450,x.y.z,testCPL14,Unutilized Abstraction
eclipse.pde.ui-20120509-1450,x.y.z,outercpl14,Unnecessary Abstraction
eclipse.pde.ui-20120509-1450,x.y.z,outercpl14,Unutilized Abstraction
eclipse.pde.ui-20120509-1450,x.y.z,testCPL2,Unutilized Abstraction
eclipse.pde.ui-20120509-1450,x.y.z,testCPL3,Unutilized Abstraction
eclipse.pde.ui-20120509-1450,x.y.z,testCPL4,Unutilized Abstraction
eclipse.pde.ui-20120509-1450,x.y.z,testCPL5,Unutilized Abstraction
eclipse.pde.ui-20120509-1450,x.y.z,testCPL6,Unutilized Abstraction
eclipse.pde.ui-20120509-1450,x.y.z,testCPL7,Unutilized Abstraction
eclipse.pde.ui-20120509-1450,x.y.z,inner,Unutilized Abstraction
eclipse.pde.ui-20120509-1450,x.y.z,testCPL8,Unutilized Abstraction
eclipse.pde.ui-20120509-1450,x.y.z,inner,Unutilized Abstraction
eclipse.pde.ui-20120509-1450,x.y.z,testCPL9,Unutilized Abstraction
eclipse.pde.ui-20120509-1450,x.y.z,inner,Unutilized Abstraction
eclipse.pde.ui-20120509-1450,x.y.z,inner2,Unutilized Abstraction
eclipse.pde.ui-20120509-1450,x.y.z,inner3,Unutilized Abstraction
eclipse.pde.ui-20120509-1450,x.y.z,testMPL1,Unutilized Abstraction
eclipse.pde.ui-20120509-1450,x.y.z,testMPL10,Unutilized Abstraction
eclipse.pde.ui-20120509-1450,x.y.z,inner,Unutilized Abstraction
eclipse.pde.ui-20120509-1450,x.y.z,inner2,Unutilized Abstraction
eclipse.pde.ui-20120509-1450,x.y.z,inner3,Unutilized Abstraction
eclipse.pde.ui-20120509-1450,x.y.z,testMPL11,Unutilized Abstraction
eclipse.pde.ui-20120509-1450,x.y.z,inner,Unutilized Abstraction
eclipse.pde.ui-20120509-1450,x.y.z,testMPL12,Unutilized Abstraction
eclipse.pde.ui-20120509-1450,x.y.z,inner,Unutilized Abstraction
eclipse.pde.ui-20120509-1450,x.y.z,testMPL13,Unutilized Abstraction
eclipse.pde.ui-20120509-1450,x.y.z,inner,Unutilized Abstraction
eclipse.pde.ui-20120509-1450,x.y.z,testMPL14,Unutilized Abstraction
eclipse.pde.ui-20120509-1450,x.y.z,testMPL15,Unutilized Abstraction
eclipse.pde.ui-20120509-1450,x.y.z,testMPL16,Unutilized Abstraction
eclipse.pde.ui-20120509-1450,x.y.z,testMPL17,Unnecessary Abstraction
eclipse.pde.ui-20120509-1450,x.y.z,testMPL17,Unutilized Abstraction
eclipse.pde.ui-20120509-1450,x.y.z,outermpl17,Unutilized Abstraction
eclipse.pde.ui-20120509-1450,x.y.z,testMPL18,Unutilized Abstraction
eclipse.pde.ui-20120509-1450,x.y.z,outer18,Unnecessary Abstraction
eclipse.pde.ui-20120509-1450,x.y.z,outer18,Unutilized Abstraction
eclipse.pde.ui-20120509-1450,x.y.z,testMPL19,Unutilized Abstraction
eclipse.pde.ui-20120509-1450,x.y.z,testMPL2,Unutilized Abstraction
eclipse.pde.ui-20120509-1450,x.y.z,testMPL20,Unutilized Abstraction
eclipse.pde.ui-20120509-1450,x.y.z,testMPL3,Unutilized Abstraction
eclipse.pde.ui-20120509-1450,x.y.z,testMPL4,Unutilized Abstraction
eclipse.pde.ui-20120509-1450,x.y.z,testMPL5,Unutilized Abstraction
eclipse.pde.ui-20120509-1450,x.y.z,testMPL6,Unutilized Abstraction
eclipse.pde.ui-20120509-1450,x.y.z,testMPL7,Unutilized Abstraction
eclipse.pde.ui-20120509-1450,x.y.z,inner,Unutilized Abstraction
eclipse.pde.ui-20120509-1450,x.y.z,testMPL8,Unutilized Abstraction
eclipse.pde.ui-20120509-1450,x.y.z,inner,Unutilized Abstraction
eclipse.pde.ui-20120509-1450,x.y.z,testMPL9,Unutilized Abstraction
eclipse.pde.ui-20120509-1450,x.y.z,inner,Unutilized Abstraction
eclipse.pde.ui-20120509-1450,x.y.z,inner2,Unutilized Abstraction
eclipse.pde.ui-20120509-1450,x.y.z,inner3,Unutilized Abstraction
eclipse.pde.ui-20120509-1450,x.y.z,testMRL1,Unutilized Abstraction
eclipse.pde.ui-20120509-1450,x.y.z,testMRL10,Unutilized Abstraction
eclipse.pde.ui-20120509-1450,x.y.z,testMRL11,Unutilized Abstraction
eclipse.pde.ui-20120509-1450,x.y.z,inner,Unutilized Abstraction
eclipse.pde.ui-20120509-1450,x.y.z,testMRL12,Unutilized Abstraction
eclipse.pde.ui-20120509-1450,x.y.z,inner,Unutilized Abstraction
eclipse.pde.ui-20120509-1450,x.y.z,testMRL13,Unutilized Abstraction
eclipse.pde.ui-20120509-1450,x.y.z,inner,Unutilized Abstraction
eclipse.pde.ui-20120509-1450,x.y.z,testMRL14,Unutilized Abstraction
eclipse.pde.ui-20120509-1450,x.y.z,testMRL15,Unutilized Abstraction
eclipse.pde.ui-20120509-1450,x.y.z,testMRL16,Unutilized Abstraction
eclipse.pde.ui-20120509-1450,x.y.z,testMRL17,Unutilized Abstraction
eclipse.pde.ui-20120509-1450,x.y.z,outer,Unnecessary Abstraction
eclipse.pde.ui-20120509-1450,x.y.z,outer,Unutilized Abstraction
eclipse.pde.ui-20120509-1450,x.y.z,testMRL18,Unutilized Abstraction
eclipse.pde.ui-20120509-1450,x.y.z,testMRL19,Unutilized Abstraction
eclipse.pde.ui-20120509-1450,x.y.z,testMRL2,Unutilized Abstraction
eclipse.pde.ui-20120509-1450,x.y.z,testMRL3,Unutilized Abstraction
eclipse.pde.ui-20120509-1450,x.y.z,inner,Unutilized Abstraction
eclipse.pde.ui-20120509-1450,x.y.z,testMRL4,Unutilized Abstraction
eclipse.pde.ui-20120509-1450,x.y.z,inner,Unutilized Abstraction
eclipse.pde.ui-20120509-1450,x.y.z,testMRL5,Unutilized Abstraction
eclipse.pde.ui-20120509-1450,x.y.z,inner,Unutilized Abstraction
eclipse.pde.ui-20120509-1450,x.y.z,inner2,Unutilized Abstraction
eclipse.pde.ui-20120509-1450,x.y.z,inner2,Unutilized Abstraction
eclipse.pde.ui-20120509-1450,x.y.z,testMRL6,Unutilized Abstraction
eclipse.pde.ui-20120509-1450,x.y.z,inner,Unutilized Abstraction
eclipse.pde.ui-20120509-1450,x.y.z,inner2,Unutilized Abstraction
eclipse.pde.ui-20120509-1450,x.y.z,inner2,Unutilized Abstraction
eclipse.pde.ui-20120509-1450,x.y.z,testMRL7,Unutilized Abstraction
eclipse.pde.ui-20120509-1450,x.y.z,inner,Unutilized Abstraction
eclipse.pde.ui-20120509-1450,x.y.z,inner2,Unutilized Abstraction
eclipse.pde.ui-20120509-1450,x.y.z,inner2,Unutilized Abstraction
eclipse.pde.ui-20120509-1450,x.y.z,testMRL8,Unutilized Abstraction
eclipse.pde.ui-20120509-1450,x.y.z,testMRL9,Unutilized Abstraction
eclipse.pde.ui-20120509-1450,x.y.z,testA1,Unutilized Abstraction
eclipse.pde.ui-20120509-1450,x.y.z,inner,Unnecessary Abstraction
eclipse.pde.ui-20120509-1450,x.y.z,inner,Unutilized Abstraction
eclipse.pde.ui-20120509-1450,x.y.z,testA10,Unutilized Abstraction
eclipse.pde.ui-20120509-1450,x.y.z,testA11,Unnecessary Abstraction
eclipse.pde.ui-20120509-1450,x.y.z,testA11,Unutilized Abstraction
eclipse.pde.ui-20120509-1450,x.y.z,testA2,Unutilized Abstraction
eclipse.pde.ui-20120509-1450,x.y.z,testA3,Unutilized Abstraction
eclipse.pde.ui-20120509-1450,x.y.z,testA4,Unnecessary Abstraction
eclipse.pde.ui-20120509-1450,x.y.z,testA4,Unutilized Abstraction
eclipse.pde.ui-20120509-1450,x.y.z,testA5,Unutilized Abstraction
eclipse.pde.ui-20120509-1450,x.y.z,inner,Unnecessary Abstraction
eclipse.pde.ui-20120509-1450,x.y.z,inner,Unutilized Abstraction
eclipse.pde.ui-20120509-1450,x.y.z,testA6,Unutilized Abstraction
eclipse.pde.ui-20120509-1450,x.y.z,testA7,Unutilized Abstraction
eclipse.pde.ui-20120509-1450,x.y.z,inner,Unnecessary Abstraction
eclipse.pde.ui-20120509-1450,x.y.z,inner,Unutilized Abstraction
eclipse.pde.ui-20120509-1450,x.y.z,inner,Unnecessary Abstraction
eclipse.pde.ui-20120509-1450,x.y.z,inner,Unutilized Abstraction
eclipse.pde.ui-20120509-1450,x.y.z,inner,Unnecessary Abstraction
eclipse.pde.ui-20120509-1450,x.y.z,inner,Unutilized Abstraction
eclipse.pde.ui-20120509-1450,x.y.z,testA8,Unutilized Abstraction
eclipse.pde.ui-20120509-1450,x.y.z,inner,Unnecessary Abstraction
eclipse.pde.ui-20120509-1450,x.y.z,inner,Unutilized Abstraction
eclipse.pde.ui-20120509-1450,x.y.z,testA9,Unutilized Abstraction
eclipse.pde.ui-20120509-1450,x.y.z,inner,Unnecessary Abstraction
eclipse.pde.ui-20120509-1450,x.y.z,inner,Unutilized Abstraction
eclipse.pde.ui-20120509-1450,x.y.z,testC1,Unnecessary Abstraction
eclipse.pde.ui-20120509-1450,x.y.z,testC1,Unutilized Abstraction
eclipse.pde.ui-20120509-1450,x.y.z,inner,Unnecessary Abstraction
eclipse.pde.ui-20120509-1450,x.y.z,inner,Unutilized Abstraction
eclipse.pde.ui-20120509-1450,x.y.z,inner2,Unnecessary Abstraction
eclipse.pde.ui-20120509-1450,x.y.z,inner2,Unutilized Abstraction
eclipse.pde.ui-20120509-1450,x.y.z,outer,Unnecessary Abstraction
eclipse.pde.ui-20120509-1450,x.y.z,outer,Unutilized Abstraction
eclipse.pde.ui-20120509-1450,x.y.z,testC10,Unutilized Abstraction
eclipse.pde.ui-20120509-1450,x.y.z,inner,Unutilized Abstraction
eclipse.pde.ui-20120509-1450,x.y.z,testC2,Unutilized Abstraction
eclipse.pde.ui-20120509-1450,x.y.z,inner,Unutilized Abstraction
eclipse.pde.ui-20120509-1450,x.y.z,inner2,Unutilized Abstraction
eclipse.pde.ui-20120509-1450,x.y.z,outer,Unutilized Abstraction
eclipse.pde.ui-20120509-1450,x.y.z,testC3,Unnecessary Abstraction
eclipse.pde.ui-20120509-1450,x.y.z,testC3,Unutilized Abstraction
eclipse.pde.ui-20120509-1450,x.y.z,testC4,Unnecessary Abstraction
eclipse.pde.ui-20120509-1450,x.y.z,testC4,Unutilized Abstraction
eclipse.pde.ui-20120509-1450,x.y.z,testC5,Unnecessary Abstraction
eclipse.pde.ui-20120509-1450,x.y.z,testC5,Unutilized Abstraction
eclipse.pde.ui-20120509-1450,x.y.z,testC6,Unnecessary Abstraction
eclipse.pde.ui-20120509-1450,x.y.z,testC6,Unutilized Abstraction
eclipse.pde.ui-20120509-1450,x.y.z,testC7,Unnecessary Abstraction
eclipse.pde.ui-20120509-1450,x.y.z,testC7,Unutilized Abstraction
eclipse.pde.ui-20120509-1450,x.y.z,testC8,Unnecessary Abstraction
eclipse.pde.ui-20120509-1450,x.y.z,testC8,Unutilized Abstraction
eclipse.pde.ui-20120509-1450,x.y.z,testC9,Unnecessary Abstraction
eclipse.pde.ui-20120509-1450,x.y.z,testC9,Unutilized Abstraction
eclipse.pde.ui-20120509-1450,x.y.z,testGA1,Unutilized Abstraction
eclipse.pde.ui-20120509-1450,x.y.z,testGA2,Unutilized Abstraction
eclipse.pde.ui-20120509-1450,x.y.z,testGA3,Unutilized Abstraction
eclipse.pde.ui-20120509-1450,x.y.z,testGA4,Unnecessary Abstraction
eclipse.pde.ui-20120509-1450,x.y.z,testGA4,Unutilized Abstraction
eclipse.pde.ui-20120509-1450,x.y.z,testGA5,Unutilized Abstraction
eclipse.pde.ui-20120509-1450,x.y.z,inner,Unnecessary Abstraction
eclipse.pde.ui-20120509-1450,x.y.z,inner,Unutilized Abstraction
eclipse.pde.ui-20120509-1450,x.y.z,testGA6,Unutilized Abstraction
eclipse.pde.ui-20120509-1450,x.y.z,inner,Unnecessary Abstraction
eclipse.pde.ui-20120509-1450,x.y.z,inner,Unutilized Abstraction
eclipse.pde.ui-20120509-1450,x.y.z,testGA7,Unnecessary Abstraction
eclipse.pde.ui-20120509-1450,x.y.z,testGA7,Unutilized Abstraction
eclipse.pde.ui-20120509-1450,x.y.z,testCN1,Unutilized Abstraction
eclipse.pde.ui-20120509-1450,x.y.z,inner,Unutilized Abstraction
eclipse.pde.ui-20120509-1450,x.y.z,inner2,Unutilized Abstraction
eclipse.pde.ui-20120509-1450,x.y.z,outer,Unutilized Abstraction
eclipse.pde.ui-20120509-1450,x.y.z,test1,Unnecessary Abstraction
eclipse.pde.ui-20120509-1450,x.y.z,test1,Unutilized Abstraction
eclipse.pde.ui-20120509-1450,x.y.z,test10,Unnecessary Abstraction
eclipse.pde.ui-20120509-1450,x.y.z,test10,Unutilized Abstraction
eclipse.pde.ui-20120509-1450,x.y.z,clazz,Unnecessary Abstraction
eclipse.pde.ui-20120509-1450,x.y.z,clazz,Unutilized Abstraction
eclipse.pde.ui-20120509-1450,x.y.z,test11,Unnecessary Abstraction
eclipse.pde.ui-20120509-1450,x.y.z,test11,Unutilized Abstraction
eclipse.pde.ui-20120509-1450,x.y.z,test12,Unnecessary Abstraction
eclipse.pde.ui-20120509-1450,x.y.z,test12,Unutilized Abstraction
eclipse.pde.ui-20120509-1450,x.y.z,test2,Unnecessary Abstraction
eclipse.pde.ui-20120509-1450,x.y.z,test2,Unutilized Abstraction
eclipse.pde.ui-20120509-1450,x.y.z,test3,Unnecessary Abstraction
eclipse.pde.ui-20120509-1450,x.y.z,test3,Unutilized Abstraction
eclipse.pde.ui-20120509-1450,x.y.z,test4,Unnecessary Abstraction
eclipse.pde.ui-20120509-1450,x.y.z,test4,Unutilized Abstraction
eclipse.pde.ui-20120509-1450,x.y.z,test5,Unnecessary Abstraction
eclipse.pde.ui-20120509-1450,x.y.z,test5,Unutilized Abstraction
eclipse.pde.ui-20120509-1450,x.y.z,test6,Unutilized Abstraction
eclipse.pde.ui-20120509-1450,x.y.z,test7,Unutilized Abstraction
eclipse.pde.ui-20120509-1450,x.y.z,test8,Unnecessary Abstraction
eclipse.pde.ui-20120509-1450,x.y.z,test8,Unutilized Abstraction
eclipse.pde.ui-20120509-1450,x.y.z,test9,Unnecessary Abstraction
eclipse.pde.ui-20120509-1450,x.y.z,test9,Unutilized Abstraction
eclipse.pde.ui-20120509-1450,x.y.z,testF1,Unutilized Abstraction
eclipse.pde.ui-20120509-1450,x.y.z,inner,Unutilized Abstraction
eclipse.pde.ui-20120509-1450,x.y.z,inner2,Unutilized Abstraction
eclipse.pde.ui-20120509-1450,x.y.z,outer,Unutilized Abstraction
eclipse.pde.ui-20120509-1450,x.y.z,testF2,Unutilized Abstraction
eclipse.pde.ui-20120509-1450,x.y.z,inner,Unutilized Abstraction
eclipse.pde.ui-20120509-1450,x.y.z,inner2,Unutilized Abstraction
eclipse.pde.ui-20120509-1450,x.y.z,outer,Unutilized Abstraction
eclipse.pde.ui-20120509-1450,x.y.z,testF3,Unutilized Abstraction
eclipse.pde.ui-20120509-1450,x.y.z,inner,Unutilized Abstraction
eclipse.pde.ui-20120509-1450,x.y.z,inner2,Unutilized Abstraction
eclipse.pde.ui-20120509-1450,x.y.z,outer,Unutilized Abstraction
eclipse.pde.ui-20120509-1450,x.y.z,testF4,Unutilized Abstraction
eclipse.pde.ui-20120509-1450,x.y.z,inner,Unutilized Abstraction
eclipse.pde.ui-20120509-1450,x.y.z,inner2,Unutilized Abstraction
eclipse.pde.ui-20120509-1450,x.y.z,outer,Unutilized Abstraction
eclipse.pde.ui-20120509-1450,x.y.z,testF5,Unutilized Abstraction
eclipse.pde.ui-20120509-1450,x.y.z,inner,Unutilized Abstraction
eclipse.pde.ui-20120509-1450,x.y.z,inner2,Unutilized Abstraction
eclipse.pde.ui-20120509-1450,x.y.z,outer,Unutilized Abstraction
eclipse.pde.ui-20120509-1450,x.y.z,testF6,Unutilized Abstraction
eclipse.pde.ui-20120509-1450,x.y.z,inner,Unutilized Abstraction
eclipse.pde.ui-20120509-1450,x.y.z,inner2,Unutilized Abstraction
eclipse.pde.ui-20120509-1450,x.y.z,outer,Unutilized Abstraction
eclipse.pde.ui-20120509-1450,x.y.z,testF7,Unutilized Abstraction
eclipse.pde.ui-20120509-1450,x.y.z,inner,Unutilized Abstraction
eclipse.pde.ui-20120509-1450,x.y.z,inner2,Unutilized Abstraction
eclipse.pde.ui-20120509-1450,x.y.z,outer,Unutilized Abstraction
eclipse.pde.ui-20120509-1450,x.y.z,testF8,Unnecessary Abstraction
eclipse.pde.ui-20120509-1450,x.y.z,testF8,Unutilized Abstraction
eclipse.pde.ui-20120509-1450,x.y.z,testUF1,Unutilized Abstraction
eclipse.pde.ui-20120509-1450,x.y.z,testUF1,Unutilized Abstraction
eclipse.pde.ui-20120509-1450,x.y.z,testUF2,Unutilized Abstraction
eclipse.pde.ui-20120509-1450,x.y.z,testUF3,Unutilized Abstraction
eclipse.pde.ui-20120509-1450,x.y.z,testUF3,Unutilized Abstraction
eclipse.pde.ui-20120509-1450,x.y.z,test1,Unnecessary Abstraction
eclipse.pde.ui-20120509-1450,x.y.z,test1,Unutilized Abstraction
eclipse.pde.ui-20120509-1450,x.y.z,test2,Unnecessary Abstraction
eclipse.pde.ui-20120509-1450,x.y.z,test2,Unutilized Abstraction
eclipse.pde.ui-20120509-1450,x.y.z,test3,Unnecessary Abstraction
eclipse.pde.ui-20120509-1450,x.y.z,test3,Unutilized Abstraction
eclipse.pde.ui-20120509-1450,x.y.z,test4,Unnecessary Abstraction
eclipse.pde.ui-20120509-1450,x.y.z,test4,Unutilized Abstraction
eclipse.pde.ui-20120509-1450,x.y.z,test5,Unnecessary Abstraction
eclipse.pde.ui-20120509-1450,x.y.z,test5,Unutilized Abstraction
eclipse.pde.ui-20120509-1450,x.y.z,test6,Unutilized Abstraction
eclipse.pde.ui-20120509-1450,x.y.z,test7,Unnecessary Abstraction
eclipse.pde.ui-20120509-1450,x.y.z,test7,Unutilized Abstraction
eclipse.pde.ui-20120509-1450,x.y.z,testI1,Unnecessary Abstraction
eclipse.pde.ui-20120509-1450,x.y.z,testI1,Unutilized Abstraction
eclipse.pde.ui-20120509-1450,x.y.z,inner,Unnecessary Abstraction
eclipse.pde.ui-20120509-1450,x.y.z,inner,Unutilized Abstraction
eclipse.pde.ui-20120509-1450,x.y.z,Iouter,Unnecessary Abstraction
eclipse.pde.ui-20120509-1450,x.y.z,Iouter,Unutilized Abstraction
eclipse.pde.ui-20120509-1450,x.y.z,testI2,Unnecessary Abstraction
eclipse.pde.ui-20120509-1450,x.y.z,testI2,Unutilized Abstraction
eclipse.pde.ui-20120509-1450,x.y.z,inner,Unnecessary Abstraction
eclipse.pde.ui-20120509-1450,x.y.z,inner,Unutilized Abstraction
eclipse.pde.ui-20120509-1450,x.y.z,outer,Unnecessary Abstraction
eclipse.pde.ui-20120509-1450,x.y.z,outer,Unutilized Abstraction
eclipse.pde.ui-20120509-1450,x.y.z,testI1,Unnecessary Abstraction
eclipse.pde.ui-20120509-1450,x.y.z,testI1,Unutilized Abstraction
eclipse.pde.ui-20120509-1450,x.y.z,inner,Unnecessary Abstraction
eclipse.pde.ui-20120509-1450,x.y.z,inner,Unutilized Abstraction
eclipse.pde.ui-20120509-1450,x.y.z,Iouter,Unnecessary Abstraction
eclipse.pde.ui-20120509-1450,x.y.z,Iouter,Unutilized Abstraction
eclipse.pde.ui-20120509-1450,x.y.z,testCDiamond,Unutilized Abstraction
eclipse.pde.ui-20120509-1450,x.y.z,testCMultiCatch,Unutilized Abstraction
eclipse.pde.ui-20120509-1450,x.y.z,testCStringSwitch,Unutilized Abstraction
eclipse.pde.ui-20120509-1450,x.y.z,testCTryWith,Unutilized Abstraction
eclipse.pde.ui-20120509-1450,x.y.z,testFMultiCatch,Unutilized Abstraction
eclipse.pde.ui-20120509-1450,x.y.z,testFStringSwitch,Unutilized Abstraction
eclipse.pde.ui-20120509-1450,x.y.z,testMMultiCatch,Unutilized Abstraction
eclipse.pde.ui-20120509-1450,x.y.z,testMStringSwitch,Unutilized Abstraction
eclipse.pde.ui-20120509-1450,x.y.z,testCN1,Unutilized Abstraction
eclipse.pde.ui-20120509-1450,x.y.z,inner,Unutilized Abstraction
eclipse.pde.ui-20120509-1450,x.y.z,inner2,Unutilized Abstraction
eclipse.pde.ui-20120509-1450,x.y.z,outer,Unutilized Abstraction
eclipse.pde.ui-20120509-1450,x.y.z,testM1,Unutilized Abstraction
eclipse.pde.ui-20120509-1450,x.y.z,inner,Unutilized Abstraction
eclipse.pde.ui-20120509-1450,x.y.z,inner2,Unutilized Abstraction
eclipse.pde.ui-20120509-1450,x.y.z,outer,Unutilized Abstraction
eclipse.pde.ui-20120509-1450,x.y.z,testM10,Unutilized Abstraction
eclipse.pde.ui-20120509-1450,x.y.z,testM2,Unutilized Abstraction
eclipse.pde.ui-20120509-1450,x.y.z,inner,Unutilized Abstraction
eclipse.pde.ui-20120509-1450,x.y.z,inner2,Unutilized Abstraction
eclipse.pde.ui-20120509-1450,x.y.z,outermu2,Unutilized Abstraction
eclipse.pde.ui-20120509-1450,x.y.z,testM3,Unutilized Abstraction
eclipse.pde.ui-20120509-1450,x.y.z,inner,Unutilized Abstraction
eclipse.pde.ui-20120509-1450,x.y.z,inner2,Unutilized Abstraction
eclipse.pde.ui-20120509-1450,x.y.z,outer,Unutilized Abstraction
eclipse.pde.ui-20120509-1450,x.y.z,testM4,Unutilized Abstraction
eclipse.pde.ui-20120509-1450,x.y.z,inner,Unutilized Abstraction
eclipse.pde.ui-20120509-1450,x.y.z,inner2,Unutilized Abstraction
eclipse.pde.ui-20120509-1450,x.y.z,outer,Unutilized Abstraction
eclipse.pde.ui-20120509-1450,x.y.z,testM5,Unutilized Abstraction
eclipse.pde.ui-20120509-1450,x.y.z,inner,Unutilized Abstraction
eclipse.pde.ui-20120509-1450,x.y.z,inner2,Unutilized Abstraction
eclipse.pde.ui-20120509-1450,x.y.z,outer,Unutilized Abstraction
eclipse.pde.ui-20120509-1450,x.y.z,testM6,Unutilized Abstraction
eclipse.pde.ui-20120509-1450,x.y.z,inner,Unutilized Abstraction
eclipse.pde.ui-20120509-1450,x.y.z,inner2,Unutilized Abstraction
eclipse.pde.ui-20120509-1450,x.y.z,outer,Unutilized Abstraction
eclipse.pde.ui-20120509-1450,x.y.z,testM7,Unutilized Abstraction
eclipse.pde.ui-20120509-1450,x.y.z,inner,Unutilized Abstraction
eclipse.pde.ui-20120509-1450,x.y.z,inner2,Unutilized Abstraction
eclipse.pde.ui-20120509-1450,x.y.z,outer,Unutilized Abstraction
eclipse.pde.ui-20120509-1450,x.y.z,testM8,Unutilized Abstraction
eclipse.pde.ui-20120509-1450,x.y.z,testM9,Unutilized Abstraction
eclipse.pde.ui-20120509-1450,x.y.z,C,Unutilized Abstraction
eclipse.pde.ui-20120509-1450,x.y.z,C4,Unnecessary Abstraction
eclipse.pde.ui-20120509-1450,x.y.z,C4,Unutilized Abstraction
eclipse.pde.ui-20120509-1450,x.y.z,C5,Unnecessary Abstraction
eclipse.pde.ui-20120509-1450,x.y.z,C5,Unutilized Abstraction
eclipse.pde.ui-20120509-1450,internal.x.y.z,Iinternal,Unnecessary Abstraction
eclipse.pde.ui-20120509-1450,internal.x.y.z,internalprivatefield,Unnecessary Abstraction
eclipse.pde.ui-20120509-1450,internal.x.y.z,internalprivatefield,Unutilized Abstraction
eclipse.pde.ui-20120509-1450,internal.x.y.z,internalprotected,Unutilized Abstraction
eclipse.pde.ui-20120509-1450,internal.x.y.z,internalprotectedfield,Unnecessary Abstraction
eclipse.pde.ui-20120509-1450,internal.x.y.z,internalprotectedfield,Unutilized Abstraction
eclipse.pde.ui-20120509-1450,internal.x.y.z,internalpublicfield,Unnecessary Abstraction
eclipse.pde.ui-20120509-1450,internal.x.y.z,internalpublicfield,Unutilized Abstraction
eclipse.pde.ui-20120509-1450,internal.x.y.z,internalpublicfield,Deficient Encapsulation
eclipse.pde.ui-20120509-1450,internal.x.y.z,Iinternal,Unnecessary Abstraction
eclipse.pde.ui-20120509-1450,internal.x.y.z,Iinternal,Unutilized Abstraction
eclipse.pde.ui-20120509-1450,internal.x.y.z,internal,Unnecessary Abstraction
eclipse.pde.ui-20120509-1450,internal.x.y.z,internal,Unutilized Abstraction
eclipse.pde.ui-20120509-1450,a.b.c,ClassB,Unutilized Abstraction
eclipse.pde.ui-20120509-1450,a.b.c,ClassA,Unutilized Abstraction
eclipse.pde.ui-20120509-1450,a.b.c,ClassA,Unutilized Abstraction
eclipse.pde.ui-20120509-1450,a.b.c,ClassB,Unutilized Abstraction
eclipse.pde.ui-20120509-1450,a.b.c,ClassA,Unutilized Abstraction
eclipse.pde.ui-20120509-1450,a.b.c,ClassB,Unutilized Abstraction
eclipse.pde.ui-20120509-1450,a.b.c,ClassB,Unutilized Abstraction
eclipse.pde.ui-20120509-1450,a.b.c,ClassA,Unutilized Abstraction
eclipse.pde.ui-20120509-1450,a.b.c,ClassA,Unutilized Abstraction
eclipse.pde.ui-20120509-1450,a.b.c,ClassB,Unutilized Abstraction
eclipse.pde.ui-20120509-1450,a.b.c,ClassA,Unutilized Abstraction
eclipse.pde.ui-20120509-1450,a.b.c,ClassA,Unutilized Abstraction
eclipse.pde.ui-20120509-1450,a.b.c,ClassB,Unutilized Abstraction
eclipse.pde.ui-20120509-1450,a.b.c,ClassB,Unutilized Abstraction
eclipse.pde.ui-20120509-1450,a.b.c,ClassZ,Unnecessary Abstraction
eclipse.pde.ui-20120509-1450,a.b.c,ClassZ,Unutilized Abstraction
eclipse.pde.ui-20120509-1450,a.b.c,ClassA,Unutilized Abstraction
eclipse.pde.ui-20120509-1450,a.b.c,ClassA,Unutilized Abstraction
eclipse.pde.ui-20120509-1450,a.b.c,ClassB,Unutilized Abstraction
eclipse.pde.ui-20120509-1450,a.b.c,ClassB,Unutilized Abstraction
eclipse.pde.ui-20120509-1450,a.b.c,ClassA,Unutilized Abstraction
eclipse.pde.ui-20120509-1450,a.b.c,ClassA,Unutilized Abstraction
eclipse.pde.ui-20120509-1450,a.b.c,ClassB,Unutilized Abstraction
eclipse.pde.ui-20120509-1450,a.b.c,ClassA,Unutilized Abstraction
eclipse.pde.ui-20120509-1450,a.b.c,ClassB,Unutilized Abstraction
eclipse.pde.ui-20120509-1450,a.b.c,ClassA,Unutilized Abstraction
eclipse.pde.ui-20120509-1450,a.b.c,ClassB,Unutilized Abstraction
eclipse.pde.ui-20120509-1450,a.b.c,ClassA,Unutilized Abstraction
eclipse.pde.ui-20120509-1450,a.b.c,ClassZ,Unnecessary Abstraction
eclipse.pde.ui-20120509-1450,a.b.c,ClassZ,Unutilized Abstraction
eclipse.pde.ui-20120509-1450,a.b.c,ClassA,Unutilized Abstraction
eclipse.pde.ui-20120509-1450,a.b.c,ClassB,Unutilized Abstraction
eclipse.pde.ui-20120509-1450,a.b.c,ClassB,Unutilized Abstraction
eclipse.pde.ui-20120509-1450,a.b.c,ClassA,Unutilized Abstraction
eclipse.pde.ui-20120509-1450,a.b.c,ClassA,Unutilized Abstraction
eclipse.pde.ui-20120509-1450,a.b.c,ClassB,Unutilized Abstraction
eclipse.pde.ui-20120509-1450,a.b.c,ClassB,Unutilized Abstraction
eclipse.pde.ui-20120509-1450,a.b.c,ClassA,Unutilized Abstraction
eclipse.pde.ui-20120509-1450,a.b.c,ClassB,Unutilized Abstraction
eclipse.pde.ui-20120509-1450,a.b.c,ClassA,Unutilized Abstraction
eclipse.pde.ui-20120509-1450,a.b.c,test1,Unnecessary Abstraction
eclipse.pde.ui-20120509-1450,a.b.c,test1,Unutilized Abstraction
eclipse.pde.ui-20120509-1450,a.b.c,inner,Unnecessary Abstraction
eclipse.pde.ui-20120509-1450,a.b.c,inner,Unutilized Abstraction
eclipse.pde.ui-20120509-1450,a.b.c,inner2,Unnecessary Abstraction
eclipse.pde.ui-20120509-1450,a.b.c,inner2,Unutilized Abstraction
eclipse.pde.ui-20120509-1450,a.b.c,inner3,Unnecessary Abstraction
eclipse.pde.ui-20120509-1450,a.b.c,inner3,Unutilized Abstraction
eclipse.pde.ui-20120509-1450,a.b.c,inner4,Unnecessary Abstraction
eclipse.pde.ui-20120509-1450,a.b.c,inner4,Unutilized Abstraction
eclipse.pde.ui-20120509-1450,a.b.c,outer,Unnecessary Abstraction
eclipse.pde.ui-20120509-1450,a.b.c,outer,Unutilized Abstraction
eclipse.pde.ui-20120509-1450,a.b.c,inner,Unnecessary Abstraction
eclipse.pde.ui-20120509-1450,a.b.c,inner,Unutilized Abstraction
eclipse.pde.ui-20120509-1450,a.b.c,test3,Unnecessary Abstraction
eclipse.pde.ui-20120509-1450,a.b.c,test3,Unutilized Abstraction
eclipse.pde.ui-20120509-1450,a.b.c,InnerNoRef4,Unnecessary Abstraction
eclipse.pde.ui-20120509-1450,a.b.c,InnerNoRef4,Unutilized Abstraction
eclipse.pde.ui-20120509-1450,a.b.c,InnerNoRef4_1,Unnecessary Abstraction
eclipse.pde.ui-20120509-1450,a.b.c,InnerNoRef4_1,Unutilized Abstraction
eclipse.pde.ui-20120509-1450,a.b.c,Inner2NoRef4,Unnecessary Abstraction
eclipse.pde.ui-20120509-1450,a.b.c,Inner2NoRef4,Unutilized Abstraction
eclipse.pde.ui-20120509-1450,a.b.c,InnerNoRef4_2,Unnecessary Abstraction
eclipse.pde.ui-20120509-1450,a.b.c,InnerNoRef4_2,Unutilized Abstraction
eclipse.pde.ui-20120509-1450,a.b.c,OuterNoRef4,Unnecessary Abstraction
eclipse.pde.ui-20120509-1450,a.b.c,OuterNoRef4,Unutilized Abstraction
eclipse.pde.ui-20120509-1450,a.b.c,InnerNoRef4,Unnecessary Abstraction
eclipse.pde.ui-20120509-1450,a.b.c,InnerNoRef4,Unutilized Abstraction
eclipse.pde.ui-20120509-1450,a.b.c,test5,Unnecessary Abstraction
eclipse.pde.ui-20120509-1450,a.b.c,test5,Unutilized Abstraction
eclipse.pde.ui-20120509-1450,a.b.c,InnerNoRef4,Unnecessary Abstraction
eclipse.pde.ui-20120509-1450,a.b.c,InnerNoRef4,Unutilized Abstraction
eclipse.pde.ui-20120509-1450,a.b.c,InnerNoRef4_1,Unnecessary Abstraction
eclipse.pde.ui-20120509-1450,a.b.c,InnerNoRef4_1,Unutilized Abstraction
eclipse.pde.ui-20120509-1450,a.b.c,Inner2NoRef4,Unnecessary Abstraction
eclipse.pde.ui-20120509-1450,a.b.c,Inner2NoRef4,Unutilized Abstraction
eclipse.pde.ui-20120509-1450,a.b.c,InnerNoRef4_2,Unnecessary Abstraction
eclipse.pde.ui-20120509-1450,a.b.c,InnerNoRef4_2,Unutilized Abstraction
eclipse.pde.ui-20120509-1450,a.b.c,OuterNoRef4,Unnecessary Abstraction
eclipse.pde.ui-20120509-1450,a.b.c,OuterNoRef4,Unutilized Abstraction
eclipse.pde.ui-20120509-1450,a.b.c,InnerNoRef4,Unnecessary Abstraction
eclipse.pde.ui-20120509-1450,a.b.c,InnerNoRef4,Unutilized Abstraction
eclipse.pde.ui-20120509-1450,a.b.c,test7,Unnecessary Abstraction
eclipse.pde.ui-20120509-1450,a.b.c,test7,Unutilized Abstraction
eclipse.pde.ui-20120509-1450,a.b.c,inner,Unnecessary Abstraction
eclipse.pde.ui-20120509-1450,a.b.c,inner,Unutilized Abstraction
eclipse.pde.ui-20120509-1450,a.b.c,inner2,Unnecessary Abstraction
eclipse.pde.ui-20120509-1450,a.b.c,inner2,Unutilized Abstraction
eclipse.pde.ui-20120509-1450,a.b.c,inner3,Unnecessary Abstraction
eclipse.pde.ui-20120509-1450,a.b.c,inner3,Unutilized Abstraction
eclipse.pde.ui-20120509-1450,a.b.c,outer,Unnecessary Abstraction
eclipse.pde.ui-20120509-1450,a.b.c,outer,Unutilized Abstraction
eclipse.pde.ui-20120509-1450,a.b.c,inner,Unnecessary Abstraction
eclipse.pde.ui-20120509-1450,a.b.c,inner,Unutilized Abstraction
eclipse.pde.ui-20120509-1450,a.b.c,test8,Unutilized Abstraction
eclipse.pde.ui-20120509-1450,a.b.c,test1,Unnecessary Abstraction
eclipse.pde.ui-20120509-1450,a.b.c,test1,Unutilized Abstraction
eclipse.pde.ui-20120509-1450,a.b.c,test2,Unnecessary Abstraction
eclipse.pde.ui-20120509-1450,a.b.c,test2,Unutilized Abstraction
eclipse.pde.ui-20120509-1450,a.b.c,outer,Unnecessary Abstraction
eclipse.pde.ui-20120509-1450,a.b.c,outer,Unutilized Abstraction
eclipse.pde.ui-20120509-1450,a.b.c,test3,Unnecessary Abstraction
eclipse.pde.ui-20120509-1450,a.b.c,test3,Unutilized Abstraction
eclipse.pde.ui-20120509-1450,a.b.c,inner,Unnecessary Abstraction
eclipse.pde.ui-20120509-1450,a.b.c,inner,Unutilized Abstraction
eclipse.pde.ui-20120509-1450,a.b.c,test4,Unnecessary Abstraction
eclipse.pde.ui-20120509-1450,a.b.c,test4,Unutilized Abstraction
eclipse.pde.ui-20120509-1450,a.b.c,inner,Unnecessary Abstraction
eclipse.pde.ui-20120509-1450,a.b.c,inner,Unutilized Abstraction
eclipse.pde.ui-20120509-1450,a.b.c,inner2,Unnecessary Abstraction
eclipse.pde.ui-20120509-1450,a.b.c,inner2,Unutilized Abstraction
eclipse.pde.ui-20120509-1450,a.b.c,inner3,Unnecessary Abstraction
eclipse.pde.ui-20120509-1450,a.b.c,inner3,Unutilized Abstraction
eclipse.pde.ui-20120509-1450,a.b.c,outer,Unnecessary Abstraction
eclipse.pde.ui-20120509-1450,a.b.c,outer,Unutilized Abstraction
eclipse.pde.ui-20120509-1450,a.b.c,inner,Unnecessary Abstraction
eclipse.pde.ui-20120509-1450,a.b.c,inner,Unutilized Abstraction
eclipse.pde.ui-20120509-1450,a.b.c,test5,Unnecessary Abstraction
eclipse.pde.ui-20120509-1450,a.b.c,test5,Unutilized Abstraction
eclipse.pde.ui-20120509-1450,a.b.c,test1,Unnecessary Abstraction
eclipse.pde.ui-20120509-1450,a.b.c,test1,Unutilized Abstraction
eclipse.pde.ui-20120509-1450,a.b.c,Inner,Unnecessary Abstraction
eclipse.pde.ui-20120509-1450,a.b.c,Inner,Unutilized Abstraction
eclipse.pde.ui-20120509-1450,a.b.c,outer,Unnecessary Abstraction
eclipse.pde.ui-20120509-1450,a.b.c,outer,Unutilized Abstraction
eclipse.pde.ui-20120509-1450,a.b.c,test2,Unnecessary Abstraction
eclipse.pde.ui-20120509-1450,a.b.c,test2,Unutilized Abstraction
eclipse.pde.ui-20120509-1450,a.b.c,Inner,Unnecessary Abstraction
eclipse.pde.ui-20120509-1450,a.b.c,Inner,Unutilized Abstraction
eclipse.pde.ui-20120509-1450,a.b.c,outer,Unnecessary Abstraction
eclipse.pde.ui-20120509-1450,a.b.c,outer,Unutilized Abstraction
eclipse.pde.ui-20120509-1450,a.b.c,test3,Unnecessary Abstraction
eclipse.pde.ui-20120509-1450,a.b.c,test3,Unutilized Abstraction
eclipse.pde.ui-20120509-1450,a.b.c,test3,Deficient Encapsulation
eclipse.pde.ui-20120509-1450,a.b.c,Inner,Unnecessary Abstraction
eclipse.pde.ui-20120509-1450,a.b.c,Inner,Unutilized Abstraction
eclipse.pde.ui-20120509-1450,a.b.c,outer,Unnecessary Abstraction
eclipse.pde.ui-20120509-1450,a.b.c,outer,Unutilized Abstraction
eclipse.pde.ui-20120509-1450,a.b.c,test4,Unnecessary Abstraction
eclipse.pde.ui-20120509-1450,a.b.c,test4,Unutilized Abstraction
eclipse.pde.ui-20120509-1450,a.b.c,test4,Deficient Encapsulation
eclipse.pde.ui-20120509-1450,a.b.c,Inner,Unnecessary Abstraction
eclipse.pde.ui-20120509-1450,a.b.c,Inner,Unutilized Abstraction
eclipse.pde.ui-20120509-1450,a.b.c,Inner,Deficient Encapsulation
eclipse.pde.ui-20120509-1450,a.b.c,outer,Unnecessary Abstraction
eclipse.pde.ui-20120509-1450,a.b.c,outer,Unutilized Abstraction
eclipse.pde.ui-20120509-1450,a.b.c,outer,Deficient Encapsulation
eclipse.pde.ui-20120509-1450,a.b.c,test6,Unutilized Abstraction
eclipse.pde.ui-20120509-1450,a.b.c,Inner,Unutilized Abstraction
eclipse.pde.ui-20120509-1450,a.b.c,outer,Unutilized Abstraction
eclipse.pde.ui-20120509-1450,a.b.c,test7,Unutilized Abstraction
eclipse.pde.ui-20120509-1450,a.b.c,Inner,Unutilized Abstraction
eclipse.pde.ui-20120509-1450,a.b.c,outer,Unutilized Abstraction
eclipse.pde.ui-20120509-1450,a.b.c,test1,Unutilized Abstraction
eclipse.pde.ui-20120509-1450,a.b.c,test1,Deficient Encapsulation
eclipse.pde.ui-20120509-1450,a.b.c,test1,Broken Modularization
eclipse.pde.ui-20120509-1450,a.b.c,inner,Unutilized Abstraction
eclipse.pde.ui-20120509-1450,a.b.c,inner,Deficient Encapsulation
eclipse.pde.ui-20120509-1450,a.b.c,inner,Broken Modularization
eclipse.pde.ui-20120509-1450,a.b.c,inner2,Unnecessary Abstraction
eclipse.pde.ui-20120509-1450,a.b.c,inner2,Unutilized Abstraction
eclipse.pde.ui-20120509-1450,a.b.c,inner2,Deficient Encapsulation
eclipse.pde.ui-20120509-1450,a.b.c,outer,Unnecessary Abstraction
eclipse.pde.ui-20120509-1450,a.b.c,outer,Unutilized Abstraction
eclipse.pde.ui-20120509-1450,a.b.c,outer,Deficient Encapsulation
eclipse.pde.ui-20120509-1450,a.b.c,test11,Unutilized Abstraction
eclipse.pde.ui-20120509-1450,a.b.c,test11,Deficient Encapsulation
eclipse.pde.ui-20120509-1450,a.b.c,test11,Broken Modularization
eclipse.pde.ui-20120509-1450,a.b.c,inner,Unutilized Abstraction
eclipse.pde.ui-20120509-1450,a.b.c,inner,Deficient Encapsulation
eclipse.pde.ui-20120509-1450,a.b.c,inner,Broken Modularization
eclipse.pde.ui-20120509-1450,a.b.c,inner2,Unnecessary Abstraction
eclipse.pde.ui-20120509-1450,a.b.c,inner2,Unutilized Abstraction
eclipse.pde.ui-20120509-1450,a.b.c,inner2,Deficient Encapsulation
eclipse.pde.ui-20120509-1450,a.b.c,outer,Unnecessary Abstraction
eclipse.pde.ui-20120509-1450,a.b.c,outer,Unutilized Abstraction
eclipse.pde.ui-20120509-1450,a.b.c,outer,Deficient Encapsulation
eclipse.pde.ui-20120509-1450,a.b.c,test3,Unutilized Abstraction
eclipse.pde.ui-20120509-1450,a.b.c,test3,Deficient Encapsulation
eclipse.pde.ui-20120509-1450,a.b.c,test3,Broken Modularization
eclipse.pde.ui-20120509-1450,a.b.c,inner,Unutilized Abstraction
eclipse.pde.ui-20120509-1450,a.b.c,inner,Deficient Encapsulation
eclipse.pde.ui-20120509-1450,a.b.c,inner,Broken Modularization
eclipse.pde.ui-20120509-1450,a.b.c,inner2,Unnecessary Abstraction
eclipse.pde.ui-20120509-1450,a.b.c,inner2,Unutilized Abstraction
eclipse.pde.ui-20120509-1450,a.b.c,inner2,Deficient Encapsulation
eclipse.pde.ui-20120509-1450,a.b.c,outer,Unnecessary Abstraction
eclipse.pde.ui-20120509-1450,a.b.c,outer,Unutilized Abstraction
eclipse.pde.ui-20120509-1450,a.b.c,outer,Deficient Encapsulation
eclipse.pde.ui-20120509-1450,a.b.c,test5,Unutilized Abstraction
eclipse.pde.ui-20120509-1450,a.b.c,test5,Deficient Encapsulation
eclipse.pde.ui-20120509-1450,a.b.c,test5,Broken Modularization
eclipse.pde.ui-20120509-1450,a.b.c,inner,Unutilized Abstraction
eclipse.pde.ui-20120509-1450,a.b.c,inner,Deficient Encapsulation
eclipse.pde.ui-20120509-1450,a.b.c,inner,Broken Modularization
eclipse.pde.ui-20120509-1450,a.b.c,inner2,Unnecessary Abstraction
eclipse.pde.ui-20120509-1450,a.b.c,inner2,Unutilized Abstraction
eclipse.pde.ui-20120509-1450,a.b.c,inner2,Deficient Encapsulation
eclipse.pde.ui-20120509-1450,a.b.c,outer,Unnecessary Abstraction
eclipse.pde.ui-20120509-1450,a.b.c,outer,Unutilized Abstraction
eclipse.pde.ui-20120509-1450,a.b.c,outer,Deficient Encapsulation
eclipse.pde.ui-20120509-1450,a.b.c,test7,Unutilized Abstraction
eclipse.pde.ui-20120509-1450,a.b.c,test7,Deficient Encapsulation
eclipse.pde.ui-20120509-1450,a.b.c,test7,Broken Modularization
eclipse.pde.ui-20120509-1450,a.b.c,inner,Unutilized Abstraction
eclipse.pde.ui-20120509-1450,a.b.c,inner,Deficient Encapsulation
eclipse.pde.ui-20120509-1450,a.b.c,inner,Broken Modularization
eclipse.pde.ui-20120509-1450,a.b.c,inner2,Unnecessary Abstraction
eclipse.pde.ui-20120509-1450,a.b.c,inner2,Unutilized Abstraction
eclipse.pde.ui-20120509-1450,a.b.c,inner2,Deficient Encapsulation
eclipse.pde.ui-20120509-1450,a.b.c,outer,Unnecessary Abstraction
eclipse.pde.ui-20120509-1450,a.b.c,outer,Unutilized Abstraction
eclipse.pde.ui-20120509-1450,a.b.c,outer,Deficient Encapsulation
eclipse.pde.ui-20120509-1450,a.b.c,test9,Unutilized Abstraction
eclipse.pde.ui-20120509-1450,a.b.c,test9,Deficient Encapsulation
eclipse.pde.ui-20120509-1450,a.b.c,test9,Broken Modularization
eclipse.pde.ui-20120509-1450,a.b.c,inner,Unutilized Abstraction
eclipse.pde.ui-20120509-1450,a.b.c,inner,Deficient Encapsulation
eclipse.pde.ui-20120509-1450,a.b.c,inner,Broken Modularization
eclipse.pde.ui-20120509-1450,a.b.c,inner2,Unnecessary Abstraction
eclipse.pde.ui-20120509-1450,a.b.c,inner2,Unutilized Abstraction
eclipse.pde.ui-20120509-1450,a.b.c,inner2,Deficient Encapsulation
eclipse.pde.ui-20120509-1450,a.b.c,outer,Unnecessary Abstraction
eclipse.pde.ui-20120509-1450,a.b.c,outer,Unutilized Abstraction
eclipse.pde.ui-20120509-1450,a.b.c,outer,Deficient Encapsulation
eclipse.pde.ui-20120509-1450,a.b.c,test1,Unnecessary Abstraction
eclipse.pde.ui-20120509-1450,a.b.c,test1,Unutilized Abstraction
eclipse.pde.ui-20120509-1450,a.b.c,test1,Deficient Encapsulation
eclipse.pde.ui-20120509-1450,a.b.c,inner,Unnecessary Abstraction
eclipse.pde.ui-20120509-1450,a.b.c,inner,Unutilized Abstraction
eclipse.pde.ui-20120509-1450,a.b.c,inner,Deficient Encapsulation
eclipse.pde.ui-20120509-1450,a.b.c,inner2,Unnecessary Abstraction
eclipse.pde.ui-20120509-1450,a.b.c,inner2,Unutilized Abstraction
eclipse.pde.ui-20120509-1450,a.b.c,inner2,Deficient Encapsulation
eclipse.pde.ui-20120509-1450,a.b.c,outer,Unnecessary Abstraction
eclipse.pde.ui-20120509-1450,a.b.c,outer,Unutilized Abstraction
eclipse.pde.ui-20120509-1450,a.b.c,outer,Deficient Encapsulation
eclipse.pde.ui-20120509-1450,a.b.c,test11,Unnecessary Abstraction
eclipse.pde.ui-20120509-1450,a.b.c,test11,Unutilized Abstraction
eclipse.pde.ui-20120509-1450,a.b.c,test11,Deficient Encapsulation
eclipse.pde.ui-20120509-1450,a.b.c,inner,Unnecessary Abstraction
eclipse.pde.ui-20120509-1450,a.b.c,inner,Unutilized Abstraction
eclipse.pde.ui-20120509-1450,a.b.c,inner,Deficient Encapsulation
eclipse.pde.ui-20120509-1450,a.b.c,inner2,Unnecessary Abstraction
eclipse.pde.ui-20120509-1450,a.b.c,inner2,Unutilized Abstraction
eclipse.pde.ui-20120509-1450,a.b.c,inner2,Deficient Encapsulation
eclipse.pde.ui-20120509-1450,a.b.c,outer,Unnecessary Abstraction
eclipse.pde.ui-20120509-1450,a.b.c,outer,Unutilized Abstraction
eclipse.pde.ui-20120509-1450,a.b.c,outer,Deficient Encapsulation
eclipse.pde.ui-20120509-1450,a.b.c,test3,Unnecessary Abstraction
eclipse.pde.ui-20120509-1450,a.b.c,test3,Unutilized Abstraction
eclipse.pde.ui-20120509-1450,a.b.c,test3,Deficient Encapsulation
eclipse.pde.ui-20120509-1450,a.b.c,inner,Unnecessary Abstraction
eclipse.pde.ui-20120509-1450,a.b.c,inner,Unutilized Abstraction
eclipse.pde.ui-20120509-1450,a.b.c,inner,Deficient Encapsulation
eclipse.pde.ui-20120509-1450,a.b.c,inner2,Unnecessary Abstraction
eclipse.pde.ui-20120509-1450,a.b.c,inner2,Unutilized Abstraction
eclipse.pde.ui-20120509-1450,a.b.c,inner2,Deficient Encapsulation
eclipse.pde.ui-20120509-1450,a.b.c,outer,Unnecessary Abstraction
eclipse.pde.ui-20120509-1450,a.b.c,outer,Unutilized Abstraction
eclipse.pde.ui-20120509-1450,a.b.c,outer,Deficient Encapsulation
eclipse.pde.ui-20120509-1450,a.b.c,test5,Unnecessary Abstraction
eclipse.pde.ui-20120509-1450,a.b.c,test5,Unutilized Abstraction
eclipse.pde.ui-20120509-1450,a.b.c,test5,Deficient Encapsulation
eclipse.pde.ui-20120509-1450,a.b.c,inner,Unnecessary Abstraction
eclipse.pde.ui-20120509-1450,a.b.c,inner,Unutilized Abstraction
eclipse.pde.ui-20120509-1450,a.b.c,inner,Deficient Encapsulation
eclipse.pde.ui-20120509-1450,a.b.c,inner2,Unnecessary Abstraction
eclipse.pde.ui-20120509-1450,a.b.c,inner2,Unutilized Abstraction
eclipse.pde.ui-20120509-1450,a.b.c,inner2,Deficient Encapsulation
eclipse.pde.ui-20120509-1450,a.b.c,outer,Unnecessary Abstraction
eclipse.pde.ui-20120509-1450,a.b.c,outer,Unutilized Abstraction
eclipse.pde.ui-20120509-1450,a.b.c,outer,Deficient Encapsulation
eclipse.pde.ui-20120509-1450,a.b.c,test7,Unnecessary Abstraction
eclipse.pde.ui-20120509-1450,a.b.c,test7,Unutilized Abstraction
eclipse.pde.ui-20120509-1450,a.b.c,test7,Deficient Encapsulation
eclipse.pde.ui-20120509-1450,a.b.c,inner,Unnecessary Abstraction
eclipse.pde.ui-20120509-1450,a.b.c,inner,Unutilized Abstraction
eclipse.pde.ui-20120509-1450,a.b.c,inner,Deficient Encapsulation
eclipse.pde.ui-20120509-1450,a.b.c,inner2,Unnecessary Abstraction
eclipse.pde.ui-20120509-1450,a.b.c,inner2,Unutilized Abstraction
eclipse.pde.ui-20120509-1450,a.b.c,inner2,Deficient Encapsulation
eclipse.pde.ui-20120509-1450,a.b.c,outer,Unnecessary Abstraction
eclipse.pde.ui-20120509-1450,a.b.c,outer,Unutilized Abstraction
eclipse.pde.ui-20120509-1450,a.b.c,outer,Deficient Encapsulation
eclipse.pde.ui-20120509-1450,a.b.c,test9,Unnecessary Abstraction
eclipse.pde.ui-20120509-1450,a.b.c,test9,Unutilized Abstraction
eclipse.pde.ui-20120509-1450,a.b.c,test9,Deficient Encapsulation
eclipse.pde.ui-20120509-1450,a.b.c,inner,Unnecessary Abstraction
eclipse.pde.ui-20120509-1450,a.b.c,inner,Unutilized Abstraction
eclipse.pde.ui-20120509-1450,a.b.c,inner,Deficient Encapsulation
eclipse.pde.ui-20120509-1450,a.b.c,inner2,Unnecessary Abstraction
eclipse.pde.ui-20120509-1450,a.b.c,inner2,Unutilized Abstraction
eclipse.pde.ui-20120509-1450,a.b.c,inner2,Deficient Encapsulation
eclipse.pde.ui-20120509-1450,a.b.c,outer,Unnecessary Abstraction
eclipse.pde.ui-20120509-1450,a.b.c,outer,Unutilized Abstraction
eclipse.pde.ui-20120509-1450,a.b.c,outer,Deficient Encapsulation
eclipse.pde.ui-20120509-1450,a.b.c,test1,Unnecessary Abstraction
eclipse.pde.ui-20120509-1450,a.b.c,test1,Unutilized Abstraction
eclipse.pde.ui-20120509-1450,a.b.c,test1,Deficient Encapsulation
eclipse.pde.ui-20120509-1450,a.b.c,test2,Unnecessary Abstraction
eclipse.pde.ui-20120509-1450,a.b.c,test2,Unutilized Abstraction
eclipse.pde.ui-20120509-1450,a.b.c,test2,Deficient Encapsulation
eclipse.pde.ui-20120509-1450,a.b.c,test3,Unnecessary Abstraction
eclipse.pde.ui-20120509-1450,a.b.c,test3,Unutilized Abstraction
eclipse.pde.ui-20120509-1450,a.b.c,outer,Unnecessary Abstraction
eclipse.pde.ui-20120509-1450,a.b.c,outer,Unutilized Abstraction
eclipse.pde.ui-20120509-1450,a.b.c,outer,Deficient Encapsulation
eclipse.pde.ui-20120509-1450,a.b.c,test4,Unnecessary Abstraction
eclipse.pde.ui-20120509-1450,a.b.c,test4,Unutilized Abstraction
eclipse.pde.ui-20120509-1450,a.b.c,outer,Unnecessary Abstraction
eclipse.pde.ui-20120509-1450,a.b.c,outer,Unutilized Abstraction
eclipse.pde.ui-20120509-1450,a.b.c,outer,Deficient Encapsulation
eclipse.pde.ui-20120509-1450,a.b.c,test5,Unnecessary Abstraction
eclipse.pde.ui-20120509-1450,a.b.c,test5,Unutilized Abstraction
eclipse.pde.ui-20120509-1450,a.b.c,test5,Deficient Encapsulation
eclipse.pde.ui-20120509-1450,a.b.c,inner,Unnecessary Abstraction
eclipse.pde.ui-20120509-1450,a.b.c,inner,Unutilized Abstraction
eclipse.pde.ui-20120509-1450,a.b.c,inner,Deficient Encapsulation
eclipse.pde.ui-20120509-1450,a.b.c,test6,Unnecessary Abstraction
eclipse.pde.ui-20120509-1450,a.b.c,test6,Unutilized Abstraction
eclipse.pde.ui-20120509-1450,a.b.c,test6,Deficient Encapsulation
eclipse.pde.ui-20120509-1450,a.b.c,inner,Unnecessary Abstraction
eclipse.pde.ui-20120509-1450,a.b.c,inner,Unutilized Abstraction
eclipse.pde.ui-20120509-1450,a.b.c,inner,Deficient Encapsulation
eclipse.pde.ui-20120509-1450,a.b.c,test7,Unnecessary Abstraction
eclipse.pde.ui-20120509-1450,a.b.c,test7,Unutilized Abstraction
eclipse.pde.ui-20120509-1450,a.b.c,test7,Deficient Encapsulation
eclipse.pde.ui-20120509-1450,a.b.c,inner,Unnecessary Abstraction
eclipse.pde.ui-20120509-1450,a.b.c,inner,Unutilized Abstraction
eclipse.pde.ui-20120509-1450,a.b.c,inner,Deficient Encapsulation
eclipse.pde.ui-20120509-1450,a.b.c,inner2,Unnecessary Abstraction
eclipse.pde.ui-20120509-1450,a.b.c,inner2,Unutilized Abstraction
eclipse.pde.ui-20120509-1450,a.b.c,outer,Unnecessary Abstraction
eclipse.pde.ui-20120509-1450,a.b.c,outer,Unutilized Abstraction
eclipse.pde.ui-20120509-1450,a.b.c,outer,Deficient Encapsulation
eclipse.pde.ui-20120509-1450,a.b.c,test1,Unnecessary Abstraction
eclipse.pde.ui-20120509-1450,a.b.c,test1,Unutilized Abstraction
eclipse.pde.ui-20120509-1450,a.b.c,test1,Deficient Encapsulation
eclipse.pde.ui-20120509-1450,a.b.c,test2,Unnecessary Abstraction
eclipse.pde.ui-20120509-1450,a.b.c,test2,Unutilized Abstraction
eclipse.pde.ui-20120509-1450,a.b.c,outer,Unnecessary Abstraction
eclipse.pde.ui-20120509-1450,a.b.c,outer,Unutilized Abstraction
eclipse.pde.ui-20120509-1450,a.b.c,outer,Deficient Encapsulation
eclipse.pde.ui-20120509-1450,a.b.c,test3,Unnecessary Abstraction
eclipse.pde.ui-20120509-1450,a.b.c,test3,Unutilized Abstraction
eclipse.pde.ui-20120509-1450,a.b.c,test3,Deficient Encapsulation
eclipse.pde.ui-20120509-1450,a.b.c,inner,Unnecessary Abstraction
eclipse.pde.ui-20120509-1450,a.b.c,inner,Unutilized Abstraction
eclipse.pde.ui-20120509-1450,a.b.c,inner,Deficient Encapsulation
eclipse.pde.ui-20120509-1450,a.b.c,test4,Unnecessary Abstraction
eclipse.pde.ui-20120509-1450,a.b.c,test4,Unutilized Abstraction
eclipse.pde.ui-20120509-1450,a.b.c,test4,Deficient Encapsulation
eclipse.pde.ui-20120509-1450,a.b.c,inner,Unnecessary Abstraction
eclipse.pde.ui-20120509-1450,a.b.c,inner,Unutilized Abstraction
eclipse.pde.ui-20120509-1450,a.b.c,inner,Deficient Encapsulation
eclipse.pde.ui-20120509-1450,a.b.c,inner2,Unnecessary Abstraction
eclipse.pde.ui-20120509-1450,a.b.c,inner2,Unutilized Abstraction
eclipse.pde.ui-20120509-1450,a.b.c,inner2,Deficient Encapsulation
eclipse.pde.ui-20120509-1450,a.b.c,outer,Unnecessary Abstraction
eclipse.pde.ui-20120509-1450,a.b.c,outer,Unutilized Abstraction
eclipse.pde.ui-20120509-1450,a.b.c,outer,Deficient Encapsulation
eclipse.pde.ui-20120509-1450,a.b.c,test1,Unnecessary Abstraction
eclipse.pde.ui-20120509-1450,a.b.c,test1,Unutilized Abstraction
eclipse.pde.ui-20120509-1450,a.b.c,inner,Unnecessary Abstraction
eclipse.pde.ui-20120509-1450,a.b.c,inner,Unutilized Abstraction
eclipse.pde.ui-20120509-1450,a.b.c,inner1,Unnecessary Abstraction
eclipse.pde.ui-20120509-1450,a.b.c,inner1,Unutilized Abstraction
eclipse.pde.ui-20120509-1450,a.b.c,inner2,Unnecessary Abstraction
eclipse.pde.ui-20120509-1450,a.b.c,inner2,Unutilized Abstraction
eclipse.pde.ui-20120509-1450,a.b.c,inner2,Unnecessary Abstraction
eclipse.pde.ui-20120509-1450,a.b.c,inner2,Unutilized Abstraction
eclipse.pde.ui-20120509-1450,a.b.c,outer,Unnecessary Abstraction
eclipse.pde.ui-20120509-1450,a.b.c,outer,Unutilized Abstraction
eclipse.pde.ui-20120509-1450,a.b.c,InnerNoRef4,Unnecessary Abstraction
eclipse.pde.ui-20120509-1450,a.b.c,InnerNoRef4,Unutilized Abstraction
eclipse.pde.ui-20120509-1450,a.b.c,test3,Unnecessary Abstraction
eclipse.pde.ui-20120509-1450,a.b.c,test3,Unutilized Abstraction
eclipse.pde.ui-20120509-1450,a.b.c,inner,Unnecessary Abstraction
eclipse.pde.ui-20120509-1450,a.b.c,inner,Unutilized Abstraction
eclipse.pde.ui-20120509-1450,a.b.c,inner1,Unnecessary Abstraction
eclipse.pde.ui-20120509-1450,a.b.c,inner1,Unutilized Abstraction
eclipse.pde.ui-20120509-1450,a.b.c,inner2,Unnecessary Abstraction
eclipse.pde.ui-20120509-1450,a.b.c,inner2,Unutilized Abstraction
eclipse.pde.ui-20120509-1450,a.b.c,inner2,Unnecessary Abstraction
eclipse.pde.ui-20120509-1450,a.b.c,inner2,Unutilized Abstraction
eclipse.pde.ui-20120509-1450,a.b.c,outer,Unnecessary Abstraction
eclipse.pde.ui-20120509-1450,a.b.c,outer,Unutilized Abstraction
eclipse.pde.ui-20120509-1450,a.b.c,inner,Unnecessary Abstraction
eclipse.pde.ui-20120509-1450,a.b.c,inner,Unutilized Abstraction
eclipse.pde.ui-20120509-1450,a.b.c,test5,Unnecessary Abstraction
eclipse.pde.ui-20120509-1450,a.b.c,test5,Unutilized Abstraction
eclipse.pde.ui-20120509-1450,a.b.c,inner,Unnecessary Abstraction
eclipse.pde.ui-20120509-1450,a.b.c,inner,Unutilized Abstraction
eclipse.pde.ui-20120509-1450,a.b.c,inner1,Unnecessary Abstraction
eclipse.pde.ui-20120509-1450,a.b.c,inner1,Unutilized Abstraction
eclipse.pde.ui-20120509-1450,a.b.c,inner2,Unnecessary Abstraction
eclipse.pde.ui-20120509-1450,a.b.c,inner2,Unutilized Abstraction
eclipse.pde.ui-20120509-1450,a.b.c,inner2,Unnecessary Abstraction
eclipse.pde.ui-20120509-1450,a.b.c,inner2,Unutilized Abstraction
eclipse.pde.ui-20120509-1450,a.b.c,outer,Unnecessary Abstraction
eclipse.pde.ui-20120509-1450,a.b.c,outer,Unutilized Abstraction
eclipse.pde.ui-20120509-1450,a.b.c,inner,Unnecessary Abstraction
eclipse.pde.ui-20120509-1450,a.b.c,inner,Unutilized Abstraction
eclipse.pde.ui-20120509-1450,a.b.c,test1,Unnecessary Abstraction
eclipse.pde.ui-20120509-1450,a.b.c,test1,Unutilized Abstraction
eclipse.pde.ui-20120509-1450,a.b.c,test2,Unnecessary Abstraction
eclipse.pde.ui-20120509-1450,a.b.c,test2,Unutilized Abstraction
eclipse.pde.ui-20120509-1450,a.b.c,outer,Unnecessary Abstraction
eclipse.pde.ui-20120509-1450,a.b.c,outer,Unutilized Abstraction
eclipse.pde.ui-20120509-1450,a.b.c,test3,Unnecessary Abstraction
eclipse.pde.ui-20120509-1450,a.b.c,test3,Unutilized Abstraction
eclipse.pde.ui-20120509-1450,a.b.c,inner,Unnecessary Abstraction
eclipse.pde.ui-20120509-1450,a.b.c,inner,Unutilized Abstraction
eclipse.pde.ui-20120509-1450,a.b.c,test4,Unnecessary Abstraction
eclipse.pde.ui-20120509-1450,a.b.c,test4,Unutilized Abstraction
eclipse.pde.ui-20120509-1450,a.b.c,inner,Unnecessary Abstraction
eclipse.pde.ui-20120509-1450,a.b.c,inner,Unutilized Abstraction
eclipse.pde.ui-20120509-1450,a.b.c,inner1,Unnecessary Abstraction
eclipse.pde.ui-20120509-1450,a.b.c,inner1,Unutilized Abstraction
eclipse.pde.ui-20120509-1450,a.b.c,inner2,Unnecessary Abstraction
eclipse.pde.ui-20120509-1450,a.b.c,inner2,Unutilized Abstraction
eclipse.pde.ui-20120509-1450,a.b.c,inner2,Unnecessary Abstraction
eclipse.pde.ui-20120509-1450,a.b.c,inner2,Unutilized Abstraction
eclipse.pde.ui-20120509-1450,a.b.c,outer,Unnecessary Abstraction
eclipse.pde.ui-20120509-1450,a.b.c,outer,Unutilized Abstraction
eclipse.pde.ui-20120509-1450,a.b.c,inner,Unnecessary Abstraction
eclipse.pde.ui-20120509-1450,a.b.c,inner,Unutilized Abstraction
eclipse.pde.ui-20120509-1450,a.b.c,test5,Unnecessary Abstraction
eclipse.pde.ui-20120509-1450,a.b.c,test5,Unutilized Abstraction
eclipse.pde.ui-20120509-1450,a.b.c,test6,Unnecessary Abstraction
eclipse.pde.ui-20120509-1450,a.b.c,test6,Unutilized Abstraction
eclipse.pde.ui-20120509-1450,a.b.c,inner,Unnecessary Abstraction
eclipse.pde.ui-20120509-1450,a.b.c,inner,Unutilized Abstraction
eclipse.pde.ui-20120509-1450,a.b.c,inner1,Unnecessary Abstraction
eclipse.pde.ui-20120509-1450,a.b.c,inner1,Unutilized Abstraction
eclipse.pde.ui-20120509-1450,a.b.c,inner2,Unnecessary Abstraction
eclipse.pde.ui-20120509-1450,a.b.c,inner2,Unutilized Abstraction
eclipse.pde.ui-20120509-1450,a.b.c,inner2,Unnecessary Abstraction
eclipse.pde.ui-20120509-1450,a.b.c,inner2,Unutilized Abstraction
eclipse.pde.ui-20120509-1450,a.b.c,outer,Unnecessary Abstraction
eclipse.pde.ui-20120509-1450,a.b.c,outer,Unutilized Abstraction
eclipse.pde.ui-20120509-1450,a.b.c,inner,Unnecessary Abstraction
eclipse.pde.ui-20120509-1450,a.b.c,inner,Unutilized Abstraction
eclipse.pde.ui-20120509-1450,a.b.c,test7,Unnecessary Abstraction
eclipse.pde.ui-20120509-1450,a.b.c,test7,Unutilized Abstraction
eclipse.pde.ui-20120509-1450,a.b.c,inner,Unnecessary Abstraction
eclipse.pde.ui-20120509-1450,a.b.c,inner,Unutilized Abstraction
eclipse.pde.ui-20120509-1450,a.b.c,inner1,Unnecessary Abstraction
eclipse.pde.ui-20120509-1450,a.b.c,inner1,Unutilized Abstraction
eclipse.pde.ui-20120509-1450,a.b.c,inner2,Unnecessary Abstraction
eclipse.pde.ui-20120509-1450,a.b.c,inner2,Unutilized Abstraction
eclipse.pde.ui-20120509-1450,a.b.c,inner2,Unnecessary Abstraction
eclipse.pde.ui-20120509-1450,a.b.c,inner2,Unutilized Abstraction
eclipse.pde.ui-20120509-1450,a.b.c,outer,Unnecessary Abstraction
eclipse.pde.ui-20120509-1450,a.b.c,outer,Unutilized Abstraction
eclipse.pde.ui-20120509-1450,a.b.c,inner,Unnecessary Abstraction
eclipse.pde.ui-20120509-1450,a.b.c,inner,Unutilized Abstraction
eclipse.pde.ui-20120509-1450,a.b.c,test1,Unutilized Abstraction
eclipse.pde.ui-20120509-1450,a.b.c,inner,Unutilized Abstraction
eclipse.pde.ui-20120509-1450,a.b.c,inner2,Unutilized Abstraction
eclipse.pde.ui-20120509-1450,a.b.c,outer,Unutilized Abstraction
eclipse.pde.ui-20120509-1450,a.b.c,test10,Unutilized Abstraction
eclipse.pde.ui-20120509-1450,a.b.c,test11,Unutilized Abstraction
eclipse.pde.ui-20120509-1450,a.b.c,inner,Unutilized Abstraction
eclipse.pde.ui-20120509-1450,a.b.c,inner2,Unutilized Abstraction
eclipse.pde.ui-20120509-1450,a.b.c,outer,Unutilized Abstraction
eclipse.pde.ui-20120509-1450,a.b.c,test13,Unutilized Abstraction
eclipse.pde.ui-20120509-1450,a.b.c,inner,Unutilized Abstraction
eclipse.pde.ui-20120509-1450,a.b.c,outer,Unutilized Abstraction
eclipse.pde.ui-20120509-1450,a.b.c,test14,Unutilized Abstraction
eclipse.pde.ui-20120509-1450,a.b.c,inner,Unutilized Abstraction
eclipse.pde.ui-20120509-1450,a.b.c,test15,Unutilized Abstraction
eclipse.pde.ui-20120509-1450,a.b.c,inner,Unutilized Abstraction
eclipse.pde.ui-20120509-1450,a.b.c,inner2,Unutilized Abstraction
eclipse.pde.ui-20120509-1450,a.b.c,outer,Unutilized Abstraction
eclipse.pde.ui-20120509-1450,a.b.c,test17,Unutilized Abstraction
eclipse.pde.ui-20120509-1450,a.b.c,inner,Unutilized Abstraction
eclipse.pde.ui-20120509-1450,a.b.c,inner2,Unutilized Abstraction
eclipse.pde.ui-20120509-1450,a.b.c,outer,Unutilized Abstraction
eclipse.pde.ui-20120509-1450,a.b.c,test19,Unutilized Abstraction
eclipse.pde.ui-20120509-1450,a.b.c,inner,Unutilized Abstraction
eclipse.pde.ui-20120509-1450,a.b.c,inner2,Unutilized Abstraction
eclipse.pde.ui-20120509-1450,a.b.c,outer,Unutilized Abstraction
eclipse.pde.ui-20120509-1450,a.b.c,test21,Unutilized Abstraction
eclipse.pde.ui-20120509-1450,a.b.c,inner,Unutilized Abstraction
eclipse.pde.ui-20120509-1450,a.b.c,inner2,Unutilized Abstraction
eclipse.pde.ui-20120509-1450,a.b.c,outer,Unutilized Abstraction
eclipse.pde.ui-20120509-1450,a.b.c,test23,Unutilized Abstraction
eclipse.pde.ui-20120509-1450,a.b.c,inner,Unutilized Abstraction
eclipse.pde.ui-20120509-1450,a.b.c,inner2,Unutilized Abstraction
eclipse.pde.ui-20120509-1450,a.b.c,outer,Unutilized Abstraction
eclipse.pde.ui-20120509-1450,a.b.c,test3,Unutilized Abstraction
eclipse.pde.ui-20120509-1450,a.b.c,inner,Unutilized Abstraction
eclipse.pde.ui-20120509-1450,a.b.c,inner2,Unutilized Abstraction
eclipse.pde.ui-20120509-1450,a.b.c,outer,Unutilized Abstraction
eclipse.pde.ui-20120509-1450,a.b.c,test5,Unutilized Abstraction
eclipse.pde.ui-20120509-1450,a.b.c,inner,Unutilized Abstraction
eclipse.pde.ui-20120509-1450,a.b.c,inner2,Unutilized Abstraction
eclipse.pde.ui-20120509-1450,a.b.c,outer,Unutilized Abstraction
eclipse.pde.ui-20120509-1450,a.b.c,test7,Unutilized Abstraction
eclipse.pde.ui-20120509-1450,a.b.c,inner,Unutilized Abstraction
eclipse.pde.ui-20120509-1450,a.b.c,inner2,Unutilized Abstraction
eclipse.pde.ui-20120509-1450,a.b.c,outer,Unutilized Abstraction
eclipse.pde.ui-20120509-1450,a.b.c,test8,Unutilized Abstraction
eclipse.pde.ui-20120509-1450,a.b.c,test9,Unutilized Abstraction
eclipse.pde.ui-20120509-1450,a.b.c,inner,Unutilized Abstraction
eclipse.pde.ui-20120509-1450,a.b.c,inner2,Unutilized Abstraction
eclipse.pde.ui-20120509-1450,a.b.c,outer,Unutilized Abstraction
eclipse.pde.ui-20120509-1450,a.b.c,test1,Unutilized Abstraction
eclipse.pde.ui-20120509-1450,a.b.c,inner,Unutilized Abstraction
eclipse.pde.ui-20120509-1450,a.b.c,inner2,Unutilized Abstraction
eclipse.pde.ui-20120509-1450,a.b.c,outer,Unutilized Abstraction
eclipse.pde.ui-20120509-1450,a.b.c,test3,Unutilized Abstraction
eclipse.pde.ui-20120509-1450,a.b.c,inner,Unutilized Abstraction
eclipse.pde.ui-20120509-1450,a.b.c,inner2,Unutilized Abstraction
eclipse.pde.ui-20120509-1450,a.b.c,outer,Unutilized Abstraction
eclipse.pde.ui-20120509-1450,a.b.c,test5,Unutilized Abstraction
eclipse.pde.ui-20120509-1450,a.b.c,inner,Unutilized Abstraction
eclipse.pde.ui-20120509-1450,a.b.c,inner2,Unutilized Abstraction
eclipse.pde.ui-20120509-1450,a.b.c,outer,Unutilized Abstraction
eclipse.pde.ui-20120509-1450,a.b.c,test7,Unutilized Abstraction
eclipse.pde.ui-20120509-1450,a.b.c,inner,Unutilized Abstraction
eclipse.pde.ui-20120509-1450,a.b.c,inner2,Unutilized Abstraction
eclipse.pde.ui-20120509-1450,a.b.c,outer,Unutilized Abstraction
eclipse.pde.ui-20120509-1450,a.b.c,test1,Unutilized Abstraction
eclipse.pde.ui-20120509-1450,a.b.c,test10,Unutilized Abstraction
eclipse.pde.ui-20120509-1450,a.b.c,test2,Unnecessary Abstraction
eclipse.pde.ui-20120509-1450,a.b.c,test2,Unutilized Abstraction
eclipse.pde.ui-20120509-1450,a.b.c,outer,Unutilized Abstraction
eclipse.pde.ui-20120509-1450,a.b.c,test3,Unutilized Abstraction
eclipse.pde.ui-20120509-1450,a.b.c,inner,Unutilized Abstraction
eclipse.pde.ui-20120509-1450,a.b.c,test4,Unutilized Abstraction
eclipse.pde.ui-20120509-1450,a.b.c,inner,Unutilized Abstraction
eclipse.pde.ui-20120509-1450,a.b.c,inner2,Unutilized Abstraction
eclipse.pde.ui-20120509-1450,a.b.c,outer,Unutilized Abstraction
eclipse.pde.ui-20120509-1450,a.b.c,test5,Unutilized Abstraction
eclipse.pde.ui-20120509-1450,a.b.c,test6,Unutilized Abstraction
eclipse.pde.ui-20120509-1450,a.b.c,test7,Unnecessary Abstraction
eclipse.pde.ui-20120509-1450,a.b.c,test7,Unutilized Abstraction
eclipse.pde.ui-20120509-1450,a.b.c,outer,Unutilized Abstraction
eclipse.pde.ui-20120509-1450,a.b.c,test8,Unutilized Abstraction
eclipse.pde.ui-20120509-1450,a.b.c,inner,Unutilized Abstraction
eclipse.pde.ui-20120509-1450,a.b.c,test9,Unutilized Abstraction
eclipse.pde.ui-20120509-1450,a.b.c,inner,Unutilized Abstraction
eclipse.pde.ui-20120509-1450,a.b.c,inner2,Unutilized Abstraction
eclipse.pde.ui-20120509-1450,a.b.c,outer,Unutilized Abstraction
eclipse.pde.ui-20120509-1450,a.b.c,test1,Unutilized Abstraction
eclipse.pde.ui-20120509-1450,a.b.c,test2,Unnecessary Abstraction
eclipse.pde.ui-20120509-1450,a.b.c,test2,Unutilized Abstraction
eclipse.pde.ui-20120509-1450,a.b.c,outer,Unutilized Abstraction
eclipse.pde.ui-20120509-1450,a.b.c,test3,Unnecessary Abstraction
eclipse.pde.ui-20120509-1450,a.b.c,test3,Unutilized Abstraction
eclipse.pde.ui-20120509-1450,a.b.c,inner,Unutilized Abstraction
eclipse.pde.ui-20120509-1450,a.b.c,test4,Unutilized Abstraction
eclipse.pde.ui-20120509-1450,a.b.c,inner,Unutilized Abstraction
eclipse.pde.ui-20120509-1450,a.b.c,inner2,Unutilized Abstraction
eclipse.pde.ui-20120509-1450,a.b.c,outer,Unutilized Abstraction
eclipse.pde.ui-20120509-1450,a.b.c,InvalidTagScanClass1,Unnecessary Abstraction
eclipse.pde.ui-20120509-1450,a.b.c,InvalidTagScanClass1,Unutilized Abstraction
eclipse.pde.ui-20120509-1450,a.b.c,InvalidTagScanClass2,Unnecessary Abstraction
eclipse.pde.ui-20120509-1450,a.b.c,InvalidTagScanClass2,Unutilized Abstraction
eclipse.pde.ui-20120509-1450,a.b.c,InvalidTagScanClass3,Unnecessary Abstraction
eclipse.pde.ui-20120509-1450,a.b.c,InvalidTagScanClass3,Unutilized Abstraction
eclipse.pde.ui-20120509-1450,a.b.c,InvalidTagScanField1,Unnecessary Abstraction
eclipse.pde.ui-20120509-1450,a.b.c,InvalidTagScanField1,Unutilized Abstraction
eclipse.pde.ui-20120509-1450,a.b.c,InvalidTagScanField1,Deficient Encapsulation
eclipse.pde.ui-20120509-1450,a.b.c,InvalidTagScanField2,Unnecessary Abstraction
eclipse.pde.ui-20120509-1450,a.b.c,InvalidTagScanField2,Unutilized Abstraction
eclipse.pde.ui-20120509-1450,a.b.c,InvalidTagScanField2,Deficient Encapsulation
eclipse.pde.ui-20120509-1450,a.b.c,InvalidTagScanField3,Unnecessary Abstraction
eclipse.pde.ui-20120509-1450,a.b.c,InvalidTagScanField3,Unutilized Abstraction
eclipse.pde.ui-20120509-1450,a.b.c,InvalidTagScanField3,Deficient Encapsulation
eclipse.pde.ui-20120509-1450,a.b.c,InvalidTagScanInterface,Unnecessary Abstraction
eclipse.pde.ui-20120509-1450,a.b.c,InvalidTagScanInterface,Unutilized Abstraction
eclipse.pde.ui-20120509-1450,a.b.c,InvalidTagScanMethod1,Unutilized Abstraction
eclipse.pde.ui-20120509-1450,a.b.c,InvalidTagScanMethod2,Unutilized Abstraction
eclipse.pde.ui-20120509-1450,a.b.c,InvalidTagScanMethod3,Unutilized Abstraction
eclipse.pde.ui-20120509-1450,a.b.c,TestClass1,Unutilized Abstraction
eclipse.pde.ui-20120509-1450,a.b.c,TestClass2,Unutilized Abstraction
eclipse.pde.ui-20120509-1450,a.b.c,InnerTestClass2,Unutilized Abstraction
eclipse.pde.ui-20120509-1450,a.b.c,TestClass3,Unutilized Abstraction
eclipse.pde.ui-20120509-1450,a.b.c,InnerTestClass3,Unutilized Abstraction
eclipse.pde.ui-20120509-1450,a.b.c,TestClass4,Unnecessary Abstraction
eclipse.pde.ui-20120509-1450,a.b.c,TestClass4,Unutilized Abstraction
eclipse.pde.ui-20120509-1450,a.b.c,InnerTestClass4,Unnecessary Abstraction
eclipse.pde.ui-20120509-1450,a.b.c,InnerTestClass4,Unutilized Abstraction
eclipse.pde.ui-20120509-1450,a.b.c,Inner2TestClass4,Unnecessary Abstraction
eclipse.pde.ui-20120509-1450,a.b.c,Inner2TestClass4,Unutilized Abstraction
eclipse.pde.ui-20120509-1450,a.b.c,Inner3TestClass4,Unnecessary Abstraction
eclipse.pde.ui-20120509-1450,a.b.c,Inner3TestClass4,Unutilized Abstraction
eclipse.pde.ui-20120509-1450,a.b.c,TestClass5,Unnecessary Abstraction
eclipse.pde.ui-20120509-1450,a.b.c,TestClass5,Unutilized Abstraction
eclipse.pde.ui-20120509-1450,a.b.c,TestClass5a,Unnecessary Abstraction
eclipse.pde.ui-20120509-1450,a.b.c,TestClass5a,Unutilized Abstraction
eclipse.pde.ui-20120509-1450,a.b.c,TestClass5b,Unnecessary Abstraction
eclipse.pde.ui-20120509-1450,a.b.c,TestClass5b,Unutilized Abstraction
eclipse.pde.ui-20120509-1450,a.b.c,TestClass6,Unnecessary Abstraction
eclipse.pde.ui-20120509-1450,a.b.c,TestClass6,Unutilized Abstraction
eclipse.pde.ui-20120509-1450,a.b.c,InnerTestClass6a,Unnecessary Abstraction
eclipse.pde.ui-20120509-1450,a.b.c,InnerTestClass6a,Unutilized Abstraction
eclipse.pde.ui-20120509-1450,a.b.c,InnerTestClass6b,Unnecessary Abstraction
eclipse.pde.ui-20120509-1450,a.b.c,InnerTestClass6b,Unutilized Abstraction
eclipse.pde.ui-20120509-1450,a.b.c,InnerTestClass6c,Unnecessary Abstraction
eclipse.pde.ui-20120509-1450,a.b.c,InnerTestClass6c,Unutilized Abstraction
eclipse.pde.ui-20120509-1450,a.b.c,TestClass7,Unnecessary Abstraction
eclipse.pde.ui-20120509-1450,a.b.c,TestClass7,Unutilized Abstraction
eclipse.pde.ui-20120509-1450,a.b.c,InnerTestClass7,Unnecessary Abstraction
eclipse.pde.ui-20120509-1450,a.b.c,InnerTestClass7,Unutilized Abstraction
eclipse.pde.ui-20120509-1450,a.b.c,Inner2TestClass7,Unnecessary Abstraction
eclipse.pde.ui-20120509-1450,a.b.c,Inner2TestClass7,Unutilized Abstraction
eclipse.pde.ui-20120509-1450,a.b.c,TestClass7a,Unnecessary Abstraction
eclipse.pde.ui-20120509-1450,a.b.c,TestClass7a,Unutilized Abstraction
eclipse.pde.ui-20120509-1450,a.b.c,InnerTestClass7a,Unnecessary Abstraction
eclipse.pde.ui-20120509-1450,a.b.c,InnerTestClass7a,Unutilized Abstraction
eclipse.pde.ui-20120509-1450,a.b.c,TestClass7b,Unnecessary Abstraction
eclipse.pde.ui-20120509-1450,a.b.c,TestClass7b,Unutilized Abstraction
eclipse.pde.ui-20120509-1450,a.b.c,InnerTestClass7b,Unnecessary Abstraction
eclipse.pde.ui-20120509-1450,a.b.c,InnerTestClass7b,Unutilized Abstraction
eclipse.pde.ui-20120509-1450,a.b.c,TestField1,Unnecessary Abstraction
eclipse.pde.ui-20120509-1450,a.b.c,TestField1,Unutilized Abstraction
eclipse.pde.ui-20120509-1450,a.b.c,TestField2,Unnecessary Abstraction
eclipse.pde.ui-20120509-1450,a.b.c,TestField2,Unutilized Abstraction
eclipse.pde.ui-20120509-1450,a.b.c,Inner,Unnecessary Abstraction
eclipse.pde.ui-20120509-1450,a.b.c,Inner,Unutilized Abstraction
eclipse.pde.ui-20120509-1450,a.b.c,TestField3,Unnecessary Abstraction
eclipse.pde.ui-20120509-1450,a.b.c,TestField3,Unutilized Abstraction
eclipse.pde.ui-20120509-1450,a.b.c,Inner,Unnecessary Abstraction
eclipse.pde.ui-20120509-1450,a.b.c,Inner,Unutilized Abstraction
eclipse.pde.ui-20120509-1450,a.b.c,TestField4,Unnecessary Abstraction
eclipse.pde.ui-20120509-1450,a.b.c,TestField4,Unutilized Abstraction
eclipse.pde.ui-20120509-1450,a.b.c,Inner1,Unnecessary Abstraction
eclipse.pde.ui-20120509-1450,a.b.c,Inner1,Unutilized Abstraction
eclipse.pde.ui-20120509-1450,a.b.c,Inner3,Unnecessary Abstraction
eclipse.pde.ui-20120509-1450,a.b.c,Inner3,Unutilized Abstraction
eclipse.pde.ui-20120509-1450,a.b.c,Inner,Unnecessary Abstraction
eclipse.pde.ui-20120509-1450,a.b.c,Inner,Unutilized Abstraction
eclipse.pde.ui-20120509-1450,a.b.c,Inner2,Unnecessary Abstraction
eclipse.pde.ui-20120509-1450,a.b.c,Inner2,Unutilized Abstraction
eclipse.pde.ui-20120509-1450,a.b.c,TestField5,Unnecessary Abstraction
eclipse.pde.ui-20120509-1450,a.b.c,TestField5,Unutilized Abstraction
eclipse.pde.ui-20120509-1450,a.b.c,TestField5Outer,Unnecessary Abstraction
eclipse.pde.ui-20120509-1450,a.b.c,TestField5Outer,Unutilized Abstraction
eclipse.pde.ui-20120509-1450,a.b.c,TestField6,Unutilized Abstraction
eclipse.pde.ui-20120509-1450,a.b.c,TestField6,Deficient Encapsulation
eclipse.pde.ui-20120509-1450,a.b.c,TestField7,Unnecessary Abstraction
eclipse.pde.ui-20120509-1450,a.b.c,TestField7,Unutilized Abstraction
eclipse.pde.ui-20120509-1450,a.b.c,TestField8,Unnecessary Abstraction
eclipse.pde.ui-20120509-1450,a.b.c,TestField8,Unutilized Abstraction
eclipse.pde.ui-20120509-1450,a.b.c,TestField9,Unutilized Abstraction
eclipse.pde.ui-20120509-1450,a.b.c,TestInterface1,Unnecessary Abstraction
eclipse.pde.ui-20120509-1450,a.b.c,TestInterface1,Unutilized Abstraction
eclipse.pde.ui-20120509-1450,a.b.c,TestInterface2,Unnecessary Abstraction
eclipse.pde.ui-20120509-1450,a.b.c,TestInterface2,Unutilized Abstraction
eclipse.pde.ui-20120509-1450,a.b.c,TestInterface2a,Unnecessary Abstraction
eclipse.pde.ui-20120509-1450,a.b.c,TestInterface2a,Unutilized Abstraction
eclipse.pde.ui-20120509-1450,a.b.c,TestInterface2b,Unnecessary Abstraction
eclipse.pde.ui-20120509-1450,a.b.c,TestInterface2b,Unutilized Abstraction
eclipse.pde.ui-20120509-1450,a.b.c,TestInterface3,Unnecessary Abstraction
eclipse.pde.ui-20120509-1450,a.b.c,TestInterface3,Unutilized Abstraction
eclipse.pde.ui-20120509-1450,a.b.c,Inner1,Unnecessary Abstraction
eclipse.pde.ui-20120509-1450,a.b.c,Inner1,Unutilized Abstraction
eclipse.pde.ui-20120509-1450,a.b.c,TestInterface4,Unnecessary Abstraction
eclipse.pde.ui-20120509-1450,a.b.c,TestInterface4,Unutilized Abstraction
eclipse.pde.ui-20120509-1450,a.b.c,Inner1,Unnecessary Abstraction
eclipse.pde.ui-20120509-1450,a.b.c,Inner1,Unutilized Abstraction
eclipse.pde.ui-20120509-1450,a.b.c,Inner2,Unnecessary Abstraction
eclipse.pde.ui-20120509-1450,a.b.c,Inner2,Unutilized Abstraction
eclipse.pde.ui-20120509-1450,a.b.c,TestMethod1,Unutilized Abstraction
eclipse.pde.ui-20120509-1450,a.b.c,TestMethod10,Unutilized Abstraction
eclipse.pde.ui-20120509-1450,a.b.c,TestMethod11,Unutilized Abstraction
eclipse.pde.ui-20120509-1450,a.b.c,TestMethod12,Unutilized Abstraction
eclipse.pde.ui-20120509-1450,a.b.c,TestMethod13,Unutilized Abstraction
eclipse.pde.ui-20120509-1450,a.b.c,TestMethod14,Unutilized Abstraction
eclipse.pde.ui-20120509-1450,a.b.c,TestMethod15,Unutilized Abstraction
eclipse.pde.ui-20120509-1450,a.b.c,TestMethod16,Unutilized Abstraction
eclipse.pde.ui-20120509-1450,a.b.c,TestMethod17,Unutilized Abstraction
eclipse.pde.ui-20120509-1450,a.b.c,TestMethod18,Unutilized Abstraction
eclipse.pde.ui-20120509-1450,a.b.c,TestMethod18Outer,Unutilized Abstraction
eclipse.pde.ui-20120509-1450,a.b.c,TestMethod19,Unutilized Abstraction
eclipse.pde.ui-20120509-1450,a.b.c,TestMethod19Outer,Unutilized Abstraction
eclipse.pde.ui-20120509-1450,a.b.c,TestMethod2,Unutilized Abstraction
eclipse.pde.ui-20120509-1450,a.b.c,Inner,Unutilized Abstraction
eclipse.pde.ui-20120509-1450,a.b.c,TestMethod20,Unutilized Abstraction
eclipse.pde.ui-20120509-1450,a.b.c,TestMethod20Outer,Unutilized Abstraction
eclipse.pde.ui-20120509-1450,a.b.c,TestMethod3,Unutilized Abstraction
eclipse.pde.ui-20120509-1450,a.b.c,Inner,Unutilized Abstraction
eclipse.pde.ui-20120509-1450,a.b.c,TestMethod4,Unutilized Abstraction
eclipse.pde.ui-20120509-1450,a.b.c,Inner1,Unutilized Abstraction
eclipse.pde.ui-20120509-1450,a.b.c,Inner3,Unutilized Abstraction
eclipse.pde.ui-20120509-1450,a.b.c,Inner2,Unutilized Abstraction
eclipse.pde.ui-20120509-1450,a.b.c,Inner4,Unutilized Abstraction
eclipse.pde.ui-20120509-1450,a.b.c,TestMethod5,Unnecessary Abstraction
eclipse.pde.ui-20120509-1450,a.b.c,TestMethod5,Unutilized Abstraction
eclipse.pde.ui-20120509-1450,a.b.c,TestMethod5Outer,Unutilized Abstraction
eclipse.pde.ui-20120509-1450,a.b.c,TestMethod6,Unutilized Abstraction
eclipse.pde.ui-20120509-1450,a.b.c,TestMethod6,Deficient Encapsulation
eclipse.pde.ui-20120509-1450,a.b.c,TestMethod7,Unutilized Abstraction
eclipse.pde.ui-20120509-1450,a.b.c,TestMethod8,Unutilized Abstraction
eclipse.pde.ui-20120509-1450,a.b.c,TestMethod9,Unutilized Abstraction
eclipse.pde.ui-20120509-1450,d.e.f,ClassD,Unutilized Abstraction
eclipse.pde.ui-20120509-1450,d.e.f,ClassE,Unutilized Abstraction
eclipse.pde.ui-20120509-1450,d.e.f,ClassD,Unnecessary Abstraction
eclipse.pde.ui-20120509-1450,d.e.f,ClassD,Unutilized Abstraction
eclipse.pde.ui-20120509-1450,d.e.f,ClassE,Unnecessary Abstraction
eclipse.pde.ui-20120509-1450,d.e.f,ClassE,Unutilized Abstraction
eclipse.pde.ui-20120509-1450,d.e.f,ClassD,Unutilized Abstraction
eclipse.pde.ui-20120509-1450,d.e.f,ClassE,Unutilized Abstraction
eclipse.pde.ui-20120509-1450,d.e.f,ClassD,Unutilized Abstraction
eclipse.pde.ui-20120509-1450,d.e.f,ClassE,Unutilized Abstraction
eclipse.pde.ui-20120509-1450,d.e.f,ClassD,Unutilized Abstraction
eclipse.pde.ui-20120509-1450,d.e.f,ClassE,Unutilized Abstraction
eclipse.pde.ui-20120509-1450,d.e.f,ClassD,Unutilized Abstraction
eclipse.pde.ui-20120509-1450,d.e.f,ClassE,Unutilized Abstraction
eclipse.pde.ui-20120509-1450,d.e.f,ClassD,Unutilized Abstraction
eclipse.pde.ui-20120509-1450,d.e.f,ClassE,Unutilized Abstraction
eclipse.pde.ui-20120509-1450,d.e.f,ClassD,Unutilized Abstraction
eclipse.pde.ui-20120509-1450,d.e.f,ClassE,Unutilized Abstraction
eclipse.pde.ui-20120509-1450,d.e.f,ClassD,Unutilized Abstraction
eclipse.pde.ui-20120509-1450,d.e.f,ClassE,Unutilized Abstraction
eclipse.pde.ui-20120509-1450,d.e.f,ClassD,Unutilized Abstraction
eclipse.pde.ui-20120509-1450,d.e.f,ClassE,Unutilized Abstraction
eclipse.pde.ui-20120509-1450,d.e.f,ClassD,Unutilized Abstraction
eclipse.pde.ui-20120509-1450,d.e.f,ClassE,Unutilized Abstraction
eclipse.pde.ui-20120509-1450,d.e.f,ClassD,Unutilized Abstraction
eclipse.pde.ui-20120509-1450,d.e.f,ClassE,Unutilized Abstraction
eclipse.pde.ui-20120509-1450,d.e.f,ClassD,Unutilized Abstraction
eclipse.pde.ui-20120509-1450,d.e.f,ClassE,Unutilized Abstraction
eclipse.pde.ui-20120509-1450,d.e.f,ClassD,Unutilized Abstraction
eclipse.pde.ui-20120509-1450,d.e.f,ClassE,Unutilized Abstraction
eclipse.pde.ui-20120509-1450,d.e.f,ClassD,Unutilized Abstraction
eclipse.pde.ui-20120509-1450,d.e.f,ClassE,Unutilized Abstraction
eclipse.pde.ui-20120509-1450,d.e.f,ClassD,Unutilized Abstraction
eclipse.pde.ui-20120509-1450,d.e.f,ClassE,Unutilized Abstraction
eclipse.pde.ui-20120509-1450,d.e.f,ClassD,Unutilized Abstraction
eclipse.pde.ui-20120509-1450,d.e.f,ClassE,Unutilized Abstraction
eclipse.pde.ui-20120509-1450,d.e.f,ClassD,Unutilized Abstraction
eclipse.pde.ui-20120509-1450,d.e.f,ClassE,Unutilized Abstraction
eclipse.pde.ui-20120509-1450,d.e.f,ClassD,Unutilized Abstraction
eclipse.pde.ui-20120509-1450,d.e.f,ClassE,Unutilized Abstraction
eclipse.pde.ui-20120509-1450,a.b.c.core,ClassD,Unutilized Abstraction
eclipse.pde.ui-20120509-1450,a.b.c.core,ClassD,Unutilized Abstraction
eclipse.pde.ui-20120509-1450,a.b.c.core,ClassE,Unutilized Abstraction
eclipse.pde.ui-20120509-1450,org.eclipse.core.resources,IResource,Deficient Encapsulation
eclipse.pde.ui-20120509-1450,org.eclipse.core.resources,IResource,Insufficient Modularization
eclipse.pde.ui-20120509-1450,org.eclipse.core.resources,IResource,Unutilized Abstraction
eclipse.pde.ui-20120509-1450,org.eclipse.core.resources,IResource,Deficient Encapsulation
eclipse.pde.ui-20120509-1450,org.eclipse.core.resources,IResource,Insufficient Modularization
eclipse.pde.ui-20120509-1450,org.eclipse.core.resources,ResourcesPlugin,Deficient Encapsulation
eclipse.pde.ui-20120509-1450,org.eclipse.core.resources,ResourcesPlugin,Unutilized Abstraction
eclipse.pde.ui-20120509-1450,org.eclipse.core.resources,ResourcesPlugin,Deficient Encapsulation
eclipse.pde.ui-20120509-1450,org.eclipse.core.runtime.jobs,Job,Multifaceted Abstraction
eclipse.pde.ui-20120509-1450,org.eclipse.core.runtime.jobs,Job,Deficient Encapsulation
eclipse.pde.ui-20120509-1450,org.eclipse.core.runtime.jobs,Job,Insufficient Modularization
eclipse.pde.ui-20120509-1450,org.eclipse.core.runtime.jobs,Job,Multifaceted Abstraction
eclipse.pde.ui-20120509-1450,org.eclipse.core.runtime.jobs,Job,Unutilized Abstraction
eclipse.pde.ui-20120509-1450,org.eclipse.core.runtime.jobs,Job,Deficient Encapsulation
eclipse.pde.ui-20120509-1450,org.eclipse.core.runtime.jobs,Job,Insufficient Modularization
eclipse.pde.ui-20120509-1450,org.eclipse.core.internal.jobs,InternalJob,Insufficient Modularization
eclipse.pde.ui-20120509-1450,org.eclipse.core.internal.jobs,InternalJob,Unutilized Abstraction
eclipse.pde.ui-20120509-1450,org.eclipse.core.internal.jobs,InternalJob,Insufficient Modularization
eclipse.pde.ui-20120509-1450,org.eclipse.core.internal.resources,File,Unutilized Abstraction
eclipse.pde.ui-20120509-1450,org.eclipse.core.internal.resources,File,Insufficient Modularization
eclipse.pde.ui-20120509-1450,org.eclipse.core.internal.resources,File,Unutilized Abstraction
eclipse.pde.ui-20120509-1450,org.eclipse.core.internal.resources,File,Insufficient Modularization
eclipse.pde.ui-20120509-1450,org.eclipse.core.internal.resources,Resource,Insufficient Modularization
eclipse.pde.ui-20120509-1450,org.eclipse.core.internal.resources,Resource,Unutilized Abstraction
eclipse.pde.ui-20120509-1450,org.eclipse.core.internal.resources,Resource,Insufficient Modularization
eclipse.pde.ui-20120509-1450,org.eclipse.debug.core,Launch,Unutilized Abstraction
eclipse.pde.ui-20120509-1450,org.eclipse.debug.core,Launch,Insufficient Modularization
eclipse.pde.ui-20120509-1450,org.eclipse.debug.core,Clazz,Unnecessary Abstraction
eclipse.pde.ui-20120509-1450,org.eclipse.debug.core,Clazz,Unutilized Abstraction
eclipse.pde.ui-20120509-1450,org.eclipse.debug.core,Launch,Unutilized Abstraction
eclipse.pde.ui-20120509-1450,org.eclipse.debug.core,Launch,Insufficient Modularization
eclipse.pde.ui-20120509-1450,org.eclipse.debug.core,DebugException,Deficient Encapsulation
eclipse.pde.ui-20120509-1450,org.eclipse.debug.core,DebugException,Broken Modularization
eclipse.pde.ui-20120509-1450,org.eclipse.debug.core,DebugException,Unutilized Abstraction
eclipse.pde.ui-20120509-1450,org.eclipse.debug.core,DebugException,Deficient Encapsulation
eclipse.pde.ui-20120509-1450,org.eclipse.debug.core.model,IDebugElement,Unutilized Abstraction
eclipse.pde.ui-20120509-1450,org.eclipse.debug.core.model,IDebugElement,Unutilized Abstraction
eclipse.pde.ui-20120509-1450,org.eclipse.debug.core.model,DebugElement,Unutilized Abstraction
eclipse.pde.ui-20120509-1450,org.eclipse.debug.core.model,Clazz,Unnecessary Abstraction
eclipse.pde.ui-20120509-1450,org.eclipse.debug.core.model,Clazz,Unutilized Abstraction
eclipse.pde.ui-20120509-1450,org.eclipse.debug.core.model,DebugElement,Unutilized Abstraction
eclipse.pde.ui-20120509-1450,org.eclipse.debug.core.model,Breakpoint,Unutilized Abstraction
eclipse.pde.ui-20120509-1450,org.eclipse.debug.core.model,Breakpoint,Unutilized Abstraction
eclipse.pde.ui-20120509-1450,org.eclipse.debug.core.model,ProcessMonitorThread,Unutilized Abstraction
eclipse.pde.ui-20120509-1450,org.eclipse.debug.core.model,RuntimeProcess,Unutilized Abstraction
eclipse.pde.ui-20120509-1450,org.eclipse.debug.core.model,ProcessMonitorThread,Unutilized Abstraction
eclipse.pde.ui-20120509-1450,(default package),test2,Unnecessary Abstraction
eclipse.pde.ui-20120509-1450,(default package),test2,Unutilized Abstraction
eclipse.pde.ui-20120509-1450,(default package),test4,Unnecessary Abstraction
eclipse.pde.ui-20120509-1450,(default package),test4,Unutilized Abstraction
eclipse.pde.ui-20120509-1450,(default package),test6,Unnecessary Abstraction
eclipse.pde.ui-20120509-1450,(default package),test6,Unutilized Abstraction
eclipse.pde.ui-20120509-1450,(default package),test10,Unnecessary Abstraction
eclipse.pde.ui-20120509-1450,(default package),test10,Unutilized Abstraction
eclipse.pde.ui-20120509-1450,(default package),test10,Deficient Encapsulation
eclipse.pde.ui-20120509-1450,(default package),test12,Unnecessary Abstraction
eclipse.pde.ui-20120509-1450,(default package),test12,Unutilized Abstraction
eclipse.pde.ui-20120509-1450,(default package),test12,Deficient Encapsulation
eclipse.pde.ui-20120509-1450,(default package),test2,Unnecessary Abstraction
eclipse.pde.ui-20120509-1450,(default package),test2,Unutilized Abstraction
eclipse.pde.ui-20120509-1450,(default package),test2,Deficient Encapsulation
eclipse.pde.ui-20120509-1450,(default package),test4,Unnecessary Abstraction
eclipse.pde.ui-20120509-1450,(default package),test4,Unutilized Abstraction
eclipse.pde.ui-20120509-1450,(default package),test4,Deficient Encapsulation
eclipse.pde.ui-20120509-1450,(default package),test6,Unnecessary Abstraction
eclipse.pde.ui-20120509-1450,(default package),test6,Unutilized Abstraction
eclipse.pde.ui-20120509-1450,(default package),test6,Deficient Encapsulation
eclipse.pde.ui-20120509-1450,(default package),test8,Unnecessary Abstraction
eclipse.pde.ui-20120509-1450,(default package),test8,Unutilized Abstraction
eclipse.pde.ui-20120509-1450,(default package),test8,Deficient Encapsulation
eclipse.pde.ui-20120509-1450,(default package),test10,Unnecessary Abstraction
eclipse.pde.ui-20120509-1450,(default package),test10,Unutilized Abstraction
eclipse.pde.ui-20120509-1450,(default package),test10,Deficient Encapsulation
eclipse.pde.ui-20120509-1450,(default package),test12,Unnecessary Abstraction
eclipse.pde.ui-20120509-1450,(default package),test12,Unutilized Abstraction
eclipse.pde.ui-20120509-1450,(default package),test12,Deficient Encapsulation
eclipse.pde.ui-20120509-1450,(default package),test2,Unnecessary Abstraction
eclipse.pde.ui-20120509-1450,(default package),test2,Unutilized Abstraction
eclipse.pde.ui-20120509-1450,(default package),test2,Deficient Encapsulation
eclipse.pde.ui-20120509-1450,(default package),test4,Unnecessary Abstraction
eclipse.pde.ui-20120509-1450,(default package),test4,Unutilized Abstraction
eclipse.pde.ui-20120509-1450,(default package),test4,Deficient Encapsulation
eclipse.pde.ui-20120509-1450,(default package),test6,Unnecessary Abstraction
eclipse.pde.ui-20120509-1450,(default package),test6,Unutilized Abstraction
eclipse.pde.ui-20120509-1450,(default package),test6,Deficient Encapsulation
eclipse.pde.ui-20120509-1450,(default package),test8,Unnecessary Abstraction
eclipse.pde.ui-20120509-1450,(default package),test8,Unutilized Abstraction
eclipse.pde.ui-20120509-1450,(default package),test8,Deficient Encapsulation
eclipse.pde.ui-20120509-1450,(default package),test8,Unnecessary Abstraction
eclipse.pde.ui-20120509-1450,(default package),test8,Unutilized Abstraction
eclipse.pde.ui-20120509-1450,(default package),test8,Deficient Encapsulation
eclipse.pde.ui-20120509-1450,(default package),test2,Unnecessary Abstraction
eclipse.pde.ui-20120509-1450,(default package),test2,Unutilized Abstraction
eclipse.pde.ui-20120509-1450,(default package),test4,Unnecessary Abstraction
eclipse.pde.ui-20120509-1450,(default package),test4,Unutilized Abstraction
eclipse.pde.ui-20120509-1450,(default package),test6,Unnecessary Abstraction
eclipse.pde.ui-20120509-1450,(default package),test6,Unutilized Abstraction
eclipse.pde.ui-20120509-1450,(default package),test12,Unutilized Abstraction
eclipse.pde.ui-20120509-1450,(default package),test16,Unutilized Abstraction
eclipse.pde.ui-20120509-1450,(default package),test18,Unutilized Abstraction
eclipse.pde.ui-20120509-1450,(default package),test2,Unutilized Abstraction
eclipse.pde.ui-20120509-1450,(default package),test20,Unutilized Abstraction
eclipse.pde.ui-20120509-1450,(default package),test22,Unutilized Abstraction
eclipse.pde.ui-20120509-1450,(default package),test24,Unutilized Abstraction
eclipse.pde.ui-20120509-1450,(default package),test4,Unutilized Abstraction
eclipse.pde.ui-20120509-1450,(default package),test6,Unutilized Abstraction
eclipse.pde.ui-20120509-1450,(default package),test2,Unutilized Abstraction
eclipse.pde.ui-20120509-1450,(default package),test4,Unutilized Abstraction
eclipse.pde.ui-20120509-1450,(default package),test6,Unutilized Abstraction
eclipse.pde.ui-20120509-1450,(default package),test8,Unutilized Abstraction
eclipse.pde.ui-20120509-1450,(default package),test5,Unutilized Abstraction
eclipse.pde.ui-20120509-1450,(default package),nobytecodes,Unutilized Abstraction
eclipse.pde.ui-20120509-1450,(default package),X,Unnecessary Abstraction
eclipse.pde.ui-20120509-1450,(default package),X,Unutilized Abstraction
eclipse.pde.ui-20120509-1450,(default package),X,Unnecessary Abstraction
eclipse.pde.ui-20120509-1450,(default package),X,Unutilized Abstraction
eclipse.pde.ui-20120509-1450,(default package),X,Unnecessary Abstraction
eclipse.pde.ui-20120509-1450,(default package),X,Unutilized Abstraction
eclipse.pde.ui-20120509-1450,(default package),X,Unnecessary Abstraction
eclipse.pde.ui-20120509-1450,(default package),X,Unutilized Abstraction
eclipse.pde.ui-20120509-1450,(default package),X,Unnecessary Abstraction
eclipse.pde.ui-20120509-1450,(default package),X,Unutilized Abstraction
eclipse.pde.ui-20120509-1450,(default package),X,Unnecessary Abstraction
eclipse.pde.ui-20120509-1450,(default package),X,Unutilized Abstraction
eclipse.pde.ui-20120509-1450,(default package),X,Unnecessary Abstraction
eclipse.pde.ui-20120509-1450,(default package),X,Unutilized Abstraction
eclipse.pde.ui-20120509-1450,(default package),X,Unnecessary Abstraction
eclipse.pde.ui-20120509-1450,(default package),X,Unutilized Abstraction
eclipse.pde.ui-20120509-1450,(default package),X,Unnecessary Abstraction
eclipse.pde.ui-20120509-1450,(default package),X,Unutilized Abstraction
eclipse.pde.ui-20120509-1450,(default package),X,Unnecessary Abstraction
eclipse.pde.ui-20120509-1450,(default package),X,Unutilized Abstraction
eclipse.pde.ui-20120509-1450,(default package),X,Unnecessary Abstraction
eclipse.pde.ui-20120509-1450,(default package),X,Unutilized Abstraction
eclipse.pde.ui-20120509-1450,(default package),X,Unnecessary Abstraction
eclipse.pde.ui-20120509-1450,(default package),X,Unutilized Abstraction
eclipse.pde.ui-20120509-1450,(default package),X,Unnecessary Abstraction
eclipse.pde.ui-20120509-1450,(default package),X,Unutilized Abstraction
eclipse.pde.ui-20120509-1450,(default package),X,Unnecessary Abstraction
eclipse.pde.ui-20120509-1450,(default package),X,Unutilized Abstraction
eclipse.pde.ui-20120509-1450,(default package),X,Unnecessary Abstraction
eclipse.pde.ui-20120509-1450,(default package),X,Unutilized Abstraction
eclipse.pde.ui-20120509-1450,(default package),X,Unnecessary Abstraction
eclipse.pde.ui-20120509-1450,(default package),X,Unutilized Abstraction
eclipse.pde.ui-20120509-1450,(default package),X,Unnecessary Abstraction
eclipse.pde.ui-20120509-1450,(default package),X,Unutilized Abstraction
eclipse.pde.ui-20120509-1450,(default package),X,Unnecessary Abstraction
eclipse.pde.ui-20120509-1450,(default package),X,Unutilized Abstraction
eclipse.pde.ui-20120509-1450,(default package),X,Unnecessary Abstraction
eclipse.pde.ui-20120509-1450,(default package),X,Unutilized Abstraction
eclipse.pde.ui-20120509-1450,(default package),X,Unutilized Abstraction
eclipse.pde.ui-20120509-1450,(default package),X,Unutilized Abstraction
eclipse.pde.ui-20120509-1450,(default package),X,Deficient Encapsulation
eclipse.pde.ui-20120509-1450,(default package),X,Unutilized Abstraction
eclipse.pde.ui-20120509-1450,(default package),X,Deficient Encapsulation
eclipse.pde.ui-20120509-1450,(default package),X,Unnecessary Abstraction
eclipse.pde.ui-20120509-1450,(default package),X,Unutilized Abstraction
eclipse.pde.ui-20120509-1450,(default package),X,Unnecessary Abstraction
eclipse.pde.ui-20120509-1450,(default package),X,Unutilized Abstraction
eclipse.pde.ui-20120509-1450,(default package),X,Unnecessary Abstraction
eclipse.pde.ui-20120509-1450,(default package),X,Unutilized Abstraction
eclipse.pde.ui-20120509-1450,(default package),X,Unnecessary Abstraction
eclipse.pde.ui-20120509-1450,(default package),X,Unutilized Abstraction
eclipse.pde.ui-20120509-1450,(default package),X,Unnecessary Abstraction
eclipse.pde.ui-20120509-1450,(default package),X,Unutilized Abstraction
eclipse.pde.ui-20120509-1450,(default package),X,Unnecessary Abstraction
eclipse.pde.ui-20120509-1450,(default package),X,Unutilized Abstraction
eclipse.pde.ui-20120509-1450,(default package),X,Unnecessary Abstraction
eclipse.pde.ui-20120509-1450,(default package),X,Unutilized Abstraction
eclipse.pde.ui-20120509-1450,(default package),X,Unnecessary Abstraction
eclipse.pde.ui-20120509-1450,(default package),X,Unutilized Abstraction
eclipse.pde.ui-20120509-1450,(default package),X,Unutilized Abstraction
eclipse.pde.ui-20120509-1450,(default package),X,Unutilized Abstraction
eclipse.pde.ui-20120509-1450,(default package),X,Unutilized Abstraction
eclipse.pde.ui-20120509-1450,(default package),X,Unutilized Abstraction
eclipse.pde.ui-20120509-1450,(default package),X,Unutilized Abstraction
eclipse.pde.ui-20120509-1450,(default package),X,Unutilized Abstraction
eclipse.pde.ui-20120509-1450,(default package),X,Unutilized Abstraction
eclipse.pde.ui-20120509-1450,(default package),X,Unutilized Abstraction
eclipse.pde.ui-20120509-1450,(default package),X,Unnecessary Abstraction
eclipse.pde.ui-20120509-1450,(default package),X,Unutilized Abstraction
eclipse.pde.ui-20120509-1450,(default package),X,Unnecessary Abstraction
eclipse.pde.ui-20120509-1450,(default package),X,Unutilized Abstraction
eclipse.pde.ui-20120509-1450,(default package),X,Unnecessary Abstraction
eclipse.pde.ui-20120509-1450,(default package),X,Unutilized Abstraction
eclipse.pde.ui-20120509-1450,(default package),X,Unnecessary Abstraction
eclipse.pde.ui-20120509-1450,(default package),X,Unutilized Abstraction
eclipse.pde.ui-20120509-1450,(default package),X,Deficient Encapsulation
eclipse.pde.ui-20120509-1450,(default package),X,Unutilized Abstraction
eclipse.pde.ui-20120509-1450,(default package),X,Unutilized Abstraction
eclipse.pde.ui-20120509-1450,(default package),X,Unutilized Abstraction
eclipse.pde.ui-20120509-1450,(default package),X,Unutilized Abstraction
eclipse.pde.ui-20120509-1450,(default package),X,Unutilized Abstraction
eclipse.pde.ui-20120509-1450,(default package),X,Unutilized Abstraction
eclipse.pde.ui-20120509-1450,(default package),X,Unutilized Abstraction
eclipse.pde.ui-20120509-1450,(default package),X,Unutilized Abstraction
eclipse.pde.ui-20120509-1450,(default package),B,Unnecessary Abstraction
eclipse.pde.ui-20120509-1450,(default package),B,Unutilized Abstraction
eclipse.pde.ui-20120509-1450,(default package),I,Unnecessary Abstraction
eclipse.pde.ui-20120509-1450,(default package),I,Unutilized Abstraction
eclipse.pde.ui-20120509-1450,(default package),X,Unnecessary Abstraction
eclipse.pde.ui-20120509-1450,(default package),X,Unutilized Abstraction
eclipse.pde.ui-20120509-1450,(default package),I,Unnecessary Abstraction
eclipse.pde.ui-20120509-1450,(default package),I,Unutilized Abstraction
eclipse.pde.ui-20120509-1450,(default package),X,Unnecessary Abstraction
eclipse.pde.ui-20120509-1450,(default package),X,Unutilized Abstraction
eclipse.pde.ui-20120509-1450,(default package),X,Unutilized Abstraction
eclipse.pde.ui-20120509-1450,(default package),X,Unnecessary Abstraction
eclipse.pde.ui-20120509-1450,(default package),X,Unutilized Abstraction
eclipse.pde.ui-20120509-1450,(default package),X,Unnecessary Abstraction
eclipse.pde.ui-20120509-1450,(default package),X,Unutilized Abstraction
eclipse.pde.ui-20120509-1450,(default package),X,Unnecessary Abstraction
eclipse.pde.ui-20120509-1450,(default package),X,Unutilized Abstraction
eclipse.pde.ui-20120509-1450,(default package),X,Unnecessary Abstraction
eclipse.pde.ui-20120509-1450,(default package),X,Unutilized Abstraction
eclipse.pde.ui-20120509-1450,(default package),X,Unnecessary Abstraction
eclipse.pde.ui-20120509-1450,(default package),X,Unutilized Abstraction
eclipse.pde.ui-20120509-1450,(default package),X,Unnecessary Abstraction
eclipse.pde.ui-20120509-1450,(default package),X,Unutilized Abstraction
eclipse.pde.ui-20120509-1450,(default package),A,Unnecessary Abstraction
eclipse.pde.ui-20120509-1450,(default package),A,Unutilized Abstraction
eclipse.pde.ui-20120509-1450,(default package),X,Unutilized Abstraction
eclipse.pde.ui-20120509-1450,(default package),A,Unutilized Abstraction
eclipse.pde.ui-20120509-1450,(default package),X,Unnecessary Abstraction
eclipse.pde.ui-20120509-1450,(default package),X,Unutilized Abstraction
eclipse.pde.ui-20120509-1450,(default package),X,Unnecessary Abstraction
eclipse.pde.ui-20120509-1450,(default package),X,Unutilized Abstraction
eclipse.pde.ui-20120509-1450,(default package),X,Unnecessary Abstraction
eclipse.pde.ui-20120509-1450,(default package),X,Unutilized Abstraction
eclipse.pde.ui-20120509-1450,(default package),X,Unnecessary Abstraction
eclipse.pde.ui-20120509-1450,(default package),X,Unutilized Abstraction
eclipse.pde.ui-20120509-1450,(default package),X,Unnecessary Abstraction
eclipse.pde.ui-20120509-1450,(default package),X,Unutilized Abstraction
eclipse.pde.ui-20120509-1450,(default package),Y,Unnecessary Abstraction
eclipse.pde.ui-20120509-1450,(default package),Z,Unnecessary Abstraction
eclipse.pde.ui-20120509-1450,(default package),Z,Unutilized Abstraction
eclipse.pde.ui-20120509-1450,(default package),X,Unutilized Abstraction
eclipse.pde.ui-20120509-1450,(default package),Y,Unnecessary Abstraction
eclipse.pde.ui-20120509-1450,(default package),Y,Unutilized Abstraction
eclipse.pde.ui-20120509-1450,(default package),Z,Unnecessary Abstraction
eclipse.pde.ui-20120509-1450,(default package),Z,Unutilized Abstraction
eclipse.pde.ui-20120509-1450,(default package),I,Unnecessary Abstraction
eclipse.pde.ui-20120509-1450,(default package),I,Unutilized Abstraction
eclipse.pde.ui-20120509-1450,(default package),MyY,Unnecessary Abstraction
eclipse.pde.ui-20120509-1450,(default package),MyY,Unutilized Abstraction
eclipse.pde.ui-20120509-1450,(default package),X,Unnecessary Abstraction
eclipse.pde.ui-20120509-1450,(default package),X,Unutilized Abstraction
eclipse.pde.ui-20120509-1450,(default package),Y,Unnecessary Abstraction
eclipse.pde.ui-20120509-1450,(default package),Y,Unutilized Abstraction
eclipse.pde.ui-20120509-1450,(default package),I,Unnecessary Abstraction
eclipse.pde.ui-20120509-1450,(default package),I,Unutilized Abstraction
eclipse.pde.ui-20120509-1450,(default package),MyY,Unnecessary Abstraction
eclipse.pde.ui-20120509-1450,(default package),MyY,Unutilized Abstraction
eclipse.pde.ui-20120509-1450,(default package),X,Unnecessary Abstraction
eclipse.pde.ui-20120509-1450,(default package),X,Unutilized Abstraction
eclipse.pde.ui-20120509-1450,(default package),Y,Unnecessary Abstraction
eclipse.pde.ui-20120509-1450,(default package),Y,Unutilized Abstraction
eclipse.pde.ui-20120509-1450,(default package),X,Unutilized Abstraction
eclipse.pde.ui-20120509-1450,(default package),Y,Unutilized Abstraction
eclipse.pde.ui-20120509-1450,(default package),X,Unutilized Abstraction
eclipse.pde.ui-20120509-1450,(default package),Y,Unutilized Abstraction
eclipse.pde.ui-20120509-1450,(default package),X,Unnecessary Abstraction
eclipse.pde.ui-20120509-1450,(default package),X,Unutilized Abstraction
eclipse.pde.ui-20120509-1450,(default package),X,Unnecessary Abstraction
eclipse.pde.ui-20120509-1450,(default package),X,Unutilized Abstraction
eclipse.pde.ui-20120509-1450,(default package),X,Unnecessary Abstraction
eclipse.pde.ui-20120509-1450,(default package),X,Unutilized Abstraction
eclipse.pde.ui-20120509-1450,(default package),X,Unnecessary Abstraction
eclipse.pde.ui-20120509-1450,(default package),X,Unutilized Abstraction
eclipse.pde.ui-20120509-1450,(default package),X,Unnecessary Abstraction
eclipse.pde.ui-20120509-1450,(default package),X,Unutilized Abstraction
eclipse.pde.ui-20120509-1450,(default package),X,Unnecessary Abstraction
eclipse.pde.ui-20120509-1450,(default package),X,Unutilized Abstraction
eclipse.pde.ui-20120509-1450,(default package),X,Unnecessary Abstraction
eclipse.pde.ui-20120509-1450,(default package),X,Unutilized Abstraction
eclipse.pde.ui-20120509-1450,(default package),X,Unnecessary Abstraction
eclipse.pde.ui-20120509-1450,(default package),X,Unutilized Abstraction
eclipse.pde.ui-20120509-1450,(default package),X,Unnecessary Abstraction
eclipse.pde.ui-20120509-1450,(default package),X,Unutilized Abstraction
eclipse.pde.ui-20120509-1450,(default package),X,Unnecessary Abstraction
eclipse.pde.ui-20120509-1450,(default package),X,Unutilized Abstraction
eclipse.pde.ui-20120509-1450,(default package),X,Unnecessary Abstraction
eclipse.pde.ui-20120509-1450,(default package),X,Unutilized Abstraction
eclipse.pde.ui-20120509-1450,(default package),Y,Unnecessary Abstraction
eclipse.pde.ui-20120509-1450,(default package),Y,Unutilized Abstraction
eclipse.pde.ui-20120509-1450,(default package),X,Unnecessary Abstraction
eclipse.pde.ui-20120509-1450,(default package),X,Unutilized Abstraction
eclipse.pde.ui-20120509-1450,(default package),Y,Unnecessary Abstraction
eclipse.pde.ui-20120509-1450,(default package),Y,Unutilized Abstraction
eclipse.pde.ui-20120509-1450,(default package),X,Unnecessary Abstraction
eclipse.pde.ui-20120509-1450,(default package),X,Unutilized Abstraction
eclipse.pde.ui-20120509-1450,(default package),Y,Unnecessary Abstraction
eclipse.pde.ui-20120509-1450,(default package),Y,Unutilized Abstraction
eclipse.pde.ui-20120509-1450,(default package),X,Unnecessary Abstraction
eclipse.pde.ui-20120509-1450,(default package),X,Unutilized Abstraction
eclipse.pde.ui-20120509-1450,(default package),Y,Unnecessary Abstraction
eclipse.pde.ui-20120509-1450,(default package),Y,Unutilized Abstraction
eclipse.pde.ui-20120509-1450,(default package),X,Unnecessary Abstraction
eclipse.pde.ui-20120509-1450,(default package),X,Unutilized Abstraction
eclipse.pde.ui-20120509-1450,(default package),X,Unnecessary Abstraction
eclipse.pde.ui-20120509-1450,(default package),X,Unutilized Abstraction
eclipse.pde.ui-20120509-1450,(default package),X,Unnecessary Abstraction
eclipse.pde.ui-20120509-1450,(default package),X,Unutilized Abstraction
eclipse.pde.ui-20120509-1450,(default package),X,Unnecessary Abstraction
eclipse.pde.ui-20120509-1450,(default package),X,Unutilized Abstraction
eclipse.pde.ui-20120509-1450,(default package),X,Unnecessary Abstraction
eclipse.pde.ui-20120509-1450,(default package),X,Unutilized Abstraction
eclipse.pde.ui-20120509-1450,(default package),X,Unutilized Abstraction
eclipse.pde.ui-20120509-1450,(default package),X,Unnecessary Abstraction
eclipse.pde.ui-20120509-1450,(default package),X,Unutilized Abstraction
eclipse.pde.ui-20120509-1450,(default package),X,Unutilized Abstraction
eclipse.pde.ui-20120509-1450,(default package),X,Unnecessary Abstraction
eclipse.pde.ui-20120509-1450,(default package),X,Unutilized Abstraction
eclipse.pde.ui-20120509-1450,(default package),X,Unutilized Abstraction
eclipse.pde.ui-20120509-1450,(default package),X,Unnecessary Abstraction
eclipse.pde.ui-20120509-1450,(default package),X,Unutilized Abstraction
eclipse.pde.ui-20120509-1450,(default package),X,Unnecessary Abstraction
eclipse.pde.ui-20120509-1450,(default package),X,Unutilized Abstraction
eclipse.pde.ui-20120509-1450,(default package),B,Unnecessary Abstraction
eclipse.pde.ui-20120509-1450,(default package),B,Unutilized Abstraction
eclipse.pde.ui-20120509-1450,(default package),X,Unnecessary Abstraction
eclipse.pde.ui-20120509-1450,(default package),X,Unutilized Abstraction
eclipse.pde.ui-20120509-1450,(default package),X,Unnecessary Abstraction
eclipse.pde.ui-20120509-1450,(default package),X,Unutilized Abstraction
eclipse.pde.ui-20120509-1450,(default package),B,Unnecessary Abstraction
eclipse.pde.ui-20120509-1450,(default package),B,Unutilized Abstraction
eclipse.pde.ui-20120509-1450,(default package),X,Unnecessary Abstraction
eclipse.pde.ui-20120509-1450,(default package),X,Unutilized Abstraction
eclipse.pde.ui-20120509-1450,(default package),X,Unnecessary Abstraction
eclipse.pde.ui-20120509-1450,(default package),X,Unutilized Abstraction
eclipse.pde.ui-20120509-1450,(default package),X,Unnecessary Abstraction
eclipse.pde.ui-20120509-1450,(default package),X,Unutilized Abstraction
eclipse.pde.ui-20120509-1450,(default package),X,Unnecessary Abstraction
eclipse.pde.ui-20120509-1450,(default package),X,Unutilized Abstraction
eclipse.pde.ui-20120509-1450,(default package),X,Unnecessary Abstraction
eclipse.pde.ui-20120509-1450,(default package),X,Unutilized Abstraction
eclipse.pde.ui-20120509-1450,(default package),X,Unnecessary Abstraction
eclipse.pde.ui-20120509-1450,(default package),X,Unutilized Abstraction
eclipse.pde.ui-20120509-1450,(default package),X,Unnecessary Abstraction
eclipse.pde.ui-20120509-1450,(default package),X,Unutilized Abstraction
eclipse.pde.ui-20120509-1450,(default package),X,Unnecessary Abstraction
eclipse.pde.ui-20120509-1450,(default package),X,Unutilized Abstraction
eclipse.pde.ui-20120509-1450,(default package),X,Unutilized Abstraction
eclipse.pde.ui-20120509-1450,(default package),X,Unnecessary Abstraction
eclipse.pde.ui-20120509-1450,(default package),X,Unutilized Abstraction
eclipse.pde.ui-20120509-1450,(default package),X,Unnecessary Abstraction
eclipse.pde.ui-20120509-1450,(default package),X,Unutilized Abstraction
eclipse.pde.ui-20120509-1450,(default package),X,Unutilized Abstraction
eclipse.pde.ui-20120509-1450,(default package),X,Unutilized Abstraction
eclipse.pde.ui-20120509-1450,(default package),X,Unnecessary Abstraction
eclipse.pde.ui-20120509-1450,(default package),X,Unutilized Abstraction
eclipse.pde.ui-20120509-1450,(default package),X,Unutilized Abstraction
eclipse.pde.ui-20120509-1450,(default package),X,Unutilized Abstraction
eclipse.pde.ui-20120509-1450,(default package),X,Unnecessary Abstraction
eclipse.pde.ui-20120509-1450,(default package),X,Unutilized Abstraction
eclipse.pde.ui-20120509-1450,(default package),X,Unutilized Abstraction
eclipse.pde.ui-20120509-1450,(default package),X,Unutilized Abstraction
eclipse.pde.ui-20120509-1450,(default package),X,Unutilized Abstraction
eclipse.pde.ui-20120509-1450,(default package),X,Unutilized Abstraction
eclipse.pde.ui-20120509-1450,(default package),X,Unutilized Abstraction
eclipse.pde.ui-20120509-1450,(default package),X,Unutilized Abstraction
eclipse.pde.ui-20120509-1450,(default package),X,Unutilized Abstraction
eclipse.pde.ui-20120509-1450,(default package),X,Unnecessary Abstraction
eclipse.pde.ui-20120509-1450,(default package),X,Unutilized Abstraction
eclipse.pde.ui-20120509-1450,(default package),X,Unnecessary Abstraction
eclipse.pde.ui-20120509-1450,(default package),X,Unutilized Abstraction
eclipse.pde.ui-20120509-1450,(default package),X,Unnecessary Abstraction
eclipse.pde.ui-20120509-1450,(default package),X,Unutilized Abstraction
eclipse.pde.ui-20120509-1450,(default package),X,Unnecessary Abstraction
eclipse.pde.ui-20120509-1450,(default package),X,Unutilized Abstraction
eclipse.pde.ui-20120509-1450,(default package),X,Unnecessary Abstraction
eclipse.pde.ui-20120509-1450,(default package),X,Unutilized Abstraction
eclipse.pde.ui-20120509-1450,(default package),X,Unnecessary Abstraction
eclipse.pde.ui-20120509-1450,(default package),X,Unutilized Abstraction
eclipse.pde.ui-20120509-1450,(default package),X,Unnecessary Abstraction
eclipse.pde.ui-20120509-1450,(default package),X,Unutilized Abstraction
eclipse.pde.ui-20120509-1450,(default package),X,Unnecessary Abstraction
eclipse.pde.ui-20120509-1450,(default package),X,Unutilized Abstraction
eclipse.pde.ui-20120509-1450,(default package),X,Unnecessary Abstraction
eclipse.pde.ui-20120509-1450,(default package),X,Unutilized Abstraction
eclipse.pde.ui-20120509-1450,(default package),X,Unnecessary Abstraction
eclipse.pde.ui-20120509-1450,(default package),X,Unutilized Abstraction
eclipse.pde.ui-20120509-1450,(default package),X,Unnecessary Abstraction
eclipse.pde.ui-20120509-1450,(default package),X,Unutilized Abstraction
eclipse.pde.ui-20120509-1450,(default package),X,Unnecessary Abstraction
eclipse.pde.ui-20120509-1450,(default package),X,Unutilized Abstraction
eclipse.pde.ui-20120509-1450,(default package),X,Unnecessary Abstraction
eclipse.pde.ui-20120509-1450,(default package),X,Unutilized Abstraction
eclipse.pde.ui-20120509-1450,(default package),X,Unnecessary Abstraction
eclipse.pde.ui-20120509-1450,(default package),X,Unutilized Abstraction
eclipse.pde.ui-20120509-1450,(default package),X,Unutilized Abstraction
eclipse.pde.ui-20120509-1450,(default package),X,Unnecessary Abstraction
eclipse.pde.ui-20120509-1450,(default package),X,Unutilized Abstraction
eclipse.pde.ui-20120509-1450,(default package),X,Unnecessary Abstraction
eclipse.pde.ui-20120509-1450,(default package),X,Unutilized Abstraction
eclipse.pde.ui-20120509-1450,(default package),X,Unnecessary Abstraction
eclipse.pde.ui-20120509-1450,(default package),X,Unutilized Abstraction
eclipse.pde.ui-20120509-1450,(default package),X,Unnecessary Abstraction
eclipse.pde.ui-20120509-1450,(default package),X,Unutilized Abstraction
eclipse.pde.ui-20120509-1450,(default package),X,Unnecessary Abstraction
eclipse.pde.ui-20120509-1450,(default package),X,Unutilized Abstraction
eclipse.pde.ui-20120509-1450,(default package),X,Unnecessary Abstraction
eclipse.pde.ui-20120509-1450,(default package),X,Unutilized Abstraction
eclipse.pde.ui-20120509-1450,(default package),X,Unnecessary Abstraction
eclipse.pde.ui-20120509-1450,(default package),X,Unutilized Abstraction
eclipse.pde.ui-20120509-1450,(default package),X,Unnecessary Abstraction
eclipse.pde.ui-20120509-1450,(default package),X,Unutilized Abstraction
eclipse.pde.ui-20120509-1450,(default package),X,Unnecessary Abstraction
eclipse.pde.ui-20120509-1450,(default package),X,Unutilized Abstraction
eclipse.pde.ui-20120509-1450,(default package),X,Unutilized Abstraction
eclipse.pde.ui-20120509-1450,(default package),Y,Unutilized Abstraction
eclipse.pde.ui-20120509-1450,(default package),X,Unutilized Abstraction
eclipse.pde.ui-20120509-1450,(default package),Y,Unutilized Abstraction
eclipse.pde.ui-20120509-1450,(default package),X,Unutilized Abstraction
eclipse.pde.ui-20120509-1450,(default package),Y,Unutilized Abstraction
eclipse.pde.ui-20120509-1450,(default package),X,Unutilized Abstraction
eclipse.pde.ui-20120509-1450,(default package),Y,Unutilized Abstraction
eclipse.pde.ui-20120509-1450,(default package),X,Unutilized Abstraction
eclipse.pde.ui-20120509-1450,(default package),Y,Unutilized Abstraction
eclipse.pde.ui-20120509-1450,(default package),X,Unutilized Abstraction
eclipse.pde.ui-20120509-1450,(default package),Y,Unutilized Abstraction
eclipse.pde.ui-20120509-1450,(default package),X,Unutilized Abstraction
eclipse.pde.ui-20120509-1450,(default package),Y,Unutilized Abstraction
eclipse.pde.ui-20120509-1450,(default package),X,Unutilized Abstraction
eclipse.pde.ui-20120509-1450,(default package),Y,Unutilized Abstraction
eclipse.pde.ui-20120509-1450,(default package),X,Unutilized Abstraction
eclipse.pde.ui-20120509-1450,(default package),Y,Unutilized Abstraction
eclipse.pde.ui-20120509-1450,(default package),X,Unutilized Abstraction
eclipse.pde.ui-20120509-1450,(default package),Y,Unutilized Abstraction
eclipse.pde.ui-20120509-1450,(default package),X,Unutilized Abstraction
eclipse.pde.ui-20120509-1450,(default package),Y,Unutilized Abstraction
eclipse.pde.ui-20120509-1450,(default package),X,Unutilized Abstraction
eclipse.pde.ui-20120509-1450,(default package),Y,Unutilized Abstraction
eclipse.pde.ui-20120509-1450,(default package),X,Unutilized Abstraction
eclipse.pde.ui-20120509-1450,(default package),X,Unnecessary Abstraction
eclipse.pde.ui-20120509-1450,(default package),X,Unutilized Abstraction
eclipse.pde.ui-20120509-1450,(default package),X,Unutilized Abstraction
eclipse.pde.ui-20120509-1450,(default package),Y,Unutilized Abstraction
eclipse.pde.ui-20120509-1450,(default package),X,Unutilized Abstraction
eclipse.pde.ui-20120509-1450,(default package),Y,Unutilized Abstraction
eclipse.pde.ui-20120509-1450,(default package),X,Unutilized Abstraction
eclipse.pde.ui-20120509-1450,(default package),Y,Unutilized Abstraction
eclipse.pde.ui-20120509-1450,(default package),X,Unutilized Abstraction
eclipse.pde.ui-20120509-1450,(default package),Y,Unutilized Abstraction
eclipse.pde.ui-20120509-1450,(default package),X,Unutilized Abstraction
eclipse.pde.ui-20120509-1450,(default package),Y,Unutilized Abstraction
eclipse.pde.ui-20120509-1450,(default package),X,Unutilized Abstraction
eclipse.pde.ui-20120509-1450,(default package),Y,Unutilized Abstraction
eclipse.pde.ui-20120509-1450,(default package),X,Unutilized Abstraction
eclipse.pde.ui-20120509-1450,(default package),Y,Unutilized Abstraction
eclipse.pde.ui-20120509-1450,(default package),X,Unutilized Abstraction
eclipse.pde.ui-20120509-1450,(default package),Y,Unutilized Abstraction
eclipse.pde.ui-20120509-1450,(default package),X,Unutilized Abstraction
eclipse.pde.ui-20120509-1450,(default package),Y,Unutilized Abstraction
eclipse.pde.ui-20120509-1450,(default package),X,Unutilized Abstraction
eclipse.pde.ui-20120509-1450,(default package),Y,Unutilized Abstraction
eclipse.pde.ui-20120509-1450,(default package),X,Unnecessary Abstraction
eclipse.pde.ui-20120509-1450,(default package),X,Unutilized Abstraction
eclipse.pde.ui-20120509-1450,(default package),X,Unnecessary Abstraction
eclipse.pde.ui-20120509-1450,(default package),X,Unutilized Abstraction
eclipse.pde.ui-20120509-1450,(default package),X,Unnecessary Abstraction
eclipse.pde.ui-20120509-1450,(default package),X,Unutilized Abstraction
eclipse.pde.ui-20120509-1450,(default package),X,Unnecessary Abstraction
eclipse.pde.ui-20120509-1450,(default package),X,Unutilized Abstraction
eclipse.pde.ui-20120509-1450,(default package),X,Unnecessary Abstraction
eclipse.pde.ui-20120509-1450,(default package),X,Unutilized Abstraction
eclipse.pde.ui-20120509-1450,(default package),X,Unnecessary Abstraction
eclipse.pde.ui-20120509-1450,(default package),X,Unutilized Abstraction
eclipse.pde.ui-20120509-1450,(default package),X,Unnecessary Abstraction
eclipse.pde.ui-20120509-1450,(default package),X,Unutilized Abstraction
eclipse.pde.ui-20120509-1450,(default package),X,Unnecessary Abstraction
eclipse.pde.ui-20120509-1450,(default package),X,Unutilized Abstraction
eclipse.pde.ui-20120509-1450,(default package),X,Unnecessary Abstraction
eclipse.pde.ui-20120509-1450,(default package),X,Unutilized Abstraction
eclipse.pde.ui-20120509-1450,(default package),X,Unnecessary Abstraction
eclipse.pde.ui-20120509-1450,(default package),X,Unutilized Abstraction
eclipse.pde.ui-20120509-1450,(default package),X,Unnecessary Abstraction
eclipse.pde.ui-20120509-1450,(default package),X,Unutilized Abstraction
eclipse.pde.ui-20120509-1450,(default package),X,Unutilized Abstraction
eclipse.pde.ui-20120509-1450,(default package),I,Unnecessary Abstraction
eclipse.pde.ui-20120509-1450,(default package),I,Unutilized Abstraction
eclipse.pde.ui-20120509-1450,(default package),J,Unnecessary Abstraction
eclipse.pde.ui-20120509-1450,(default package),J,Unutilized Abstraction
eclipse.pde.ui-20120509-1450,(default package),X,Unnecessary Abstraction
eclipse.pde.ui-20120509-1450,(default package),X,Unutilized Abstraction
eclipse.pde.ui-20120509-1450,(default package),I,Unnecessary Abstraction
eclipse.pde.ui-20120509-1450,(default package),I,Unutilized Abstraction
eclipse.pde.ui-20120509-1450,(default package),X,Unnecessary Abstraction
eclipse.pde.ui-20120509-1450,(default package),X,Unutilized Abstraction
eclipse.pde.ui-20120509-1450,(default package),X,Unnecessary Abstraction
eclipse.pde.ui-20120509-1450,(default package),X,Unutilized Abstraction
eclipse.pde.ui-20120509-1450,(default package),X,Unnecessary Abstraction
eclipse.pde.ui-20120509-1450,(default package),X,Unutilized Abstraction
eclipse.pde.ui-20120509-1450,(default package),X,Unnecessary Abstraction
eclipse.pde.ui-20120509-1450,(default package),X,Unutilized Abstraction
eclipse.pde.ui-20120509-1450,(default package),X,Unnecessary Abstraction
eclipse.pde.ui-20120509-1450,(default package),X,Unutilized Abstraction
eclipse.pde.ui-20120509-1450,(default package),X,Unnecessary Abstraction
eclipse.pde.ui-20120509-1450,(default package),X,Unutilized Abstraction
eclipse.pde.ui-20120509-1450,(default package),X,Unnecessary Abstraction
eclipse.pde.ui-20120509-1450,(default package),X,Unutilized Abstraction
eclipse.pde.ui-20120509-1450,(default package),X,Unnecessary Abstraction
eclipse.pde.ui-20120509-1450,(default package),X,Unutilized Abstraction
eclipse.pde.ui-20120509-1450,(default package),Y,Unutilized Abstraction
eclipse.pde.ui-20120509-1450,(default package),X,Unutilized Abstraction
eclipse.pde.ui-20120509-1450,(default package),Y,Unnecessary Abstraction
eclipse.pde.ui-20120509-1450,(default package),Y,Unutilized Abstraction
eclipse.pde.ui-20120509-1450,(default package),X,Unnecessary Abstraction
eclipse.pde.ui-20120509-1450,(default package),X,Unutilized Abstraction
eclipse.pde.ui-20120509-1450,(default package),Y,Unnecessary Abstraction
eclipse.pde.ui-20120509-1450,(default package),Y,Unutilized Abstraction
eclipse.pde.ui-20120509-1450,(default package),Y,Deficient Encapsulation
eclipse.pde.ui-20120509-1450,(default package),X,Unnecessary Abstraction
eclipse.pde.ui-20120509-1450,(default package),X,Unutilized Abstraction
eclipse.pde.ui-20120509-1450,(default package),X,Deficient Encapsulation
eclipse.pde.ui-20120509-1450,(default package),Y,Unnecessary Abstraction
eclipse.pde.ui-20120509-1450,(default package),Y,Unutilized Abstraction
eclipse.pde.ui-20120509-1450,(default package),X,Unutilized Abstraction
eclipse.pde.ui-20120509-1450,(default package),X,Unutilized Abstraction
eclipse.pde.ui-20120509-1450,(default package),X,Unutilized Abstraction
eclipse.pde.ui-20120509-1450,(default package),X,Unutilized Abstraction
eclipse.pde.ui-20120509-1450,(default package),C,Unnecessary Abstraction
eclipse.pde.ui-20120509-1450,(default package),C,Unutilized Abstraction
eclipse.pde.ui-20120509-1450,(default package),X,Unnecessary Abstraction
eclipse.pde.ui-20120509-1450,(default package),X,Unutilized Abstraction
eclipse.pde.ui-20120509-1450,(default package),X,Unutilized Abstraction
eclipse.pde.ui-20120509-1450,(default package),X,Unutilized Abstraction
eclipse.pde.ui-20120509-1450,(default package),X,Unutilized Abstraction
eclipse.pde.ui-20120509-1450,(default package),C,Unutilized Abstraction
eclipse.pde.ui-20120509-1450,(default package),X,Unutilized Abstraction
eclipse.pde.ui-20120509-1450,(default package),C,Unutilized Abstraction
eclipse.pde.ui-20120509-1450,(default package),X,Unutilized Abstraction
eclipse.pde.ui-20120509-1450,(default package),X,Unnecessary Abstraction
eclipse.pde.ui-20120509-1450,(default package),X,Unutilized Abstraction
eclipse.pde.ui-20120509-1450,(default package),Y,Unnecessary Abstraction
eclipse.pde.ui-20120509-1450,(default package),Y,Unutilized Abstraction
eclipse.pde.ui-20120509-1450,(default package),X,Unnecessary Abstraction
eclipse.pde.ui-20120509-1450,(default package),X,Unutilized Abstraction
eclipse.pde.ui-20120509-1450,(default package),X,Unnecessary Abstraction
eclipse.pde.ui-20120509-1450,(default package),X,Unutilized Abstraction
eclipse.pde.ui-20120509-1450,(default package),X,Unnecessary Abstraction
eclipse.pde.ui-20120509-1450,(default package),X,Unutilized Abstraction
eclipse.pde.ui-20120509-1450,(default package),Y,Unnecessary Abstraction
eclipse.pde.ui-20120509-1450,(default package),Y,Unutilized Abstraction
eclipse.pde.ui-20120509-1450,(default package),X,Unnecessary Abstraction
eclipse.pde.ui-20120509-1450,(default package),X,Unutilized Abstraction
eclipse.pde.ui-20120509-1450,(default package),Y,Unnecessary Abstraction
eclipse.pde.ui-20120509-1450,(default package),Y,Unutilized Abstraction
eclipse.pde.ui-20120509-1450,(default package),Z,Unnecessary Abstraction
eclipse.pde.ui-20120509-1450,(default package),Z,Unutilized Abstraction
eclipse.pde.ui-20120509-1450,(default package),X,Unnecessary Abstraction
eclipse.pde.ui-20120509-1450,(default package),X,Unutilized Abstraction
eclipse.pde.ui-20120509-1450,(default package),Y,Unnecessary Abstraction
eclipse.pde.ui-20120509-1450,(default package),Y,Unutilized Abstraction
eclipse.pde.ui-20120509-1450,(default package),X,Unnecessary Abstraction
eclipse.pde.ui-20120509-1450,(default package),X,Unutilized Abstraction
eclipse.pde.ui-20120509-1450,(default package),Z,Unnecessary Abstraction
eclipse.pde.ui-20120509-1450,(default package),Z,Unutilized Abstraction
eclipse.pde.ui-20120509-1450,(default package),X,Unnecessary Abstraction
eclipse.pde.ui-20120509-1450,(default package),X,Unutilized Abstraction
eclipse.pde.ui-20120509-1450,(default package),Y,Unnecessary Abstraction
eclipse.pde.ui-20120509-1450,(default package),Y,Unutilized Abstraction
eclipse.pde.ui-20120509-1450,(default package),Z,Unnecessary Abstraction
eclipse.pde.ui-20120509-1450,(default package),Z,Unutilized Abstraction
eclipse.pde.ui-20120509-1450,(default package),X,Unnecessary Abstraction
eclipse.pde.ui-20120509-1450,(default package),X,Unutilized Abstraction
eclipse.pde.ui-20120509-1450,(default package),X,Unnecessary Abstraction
eclipse.pde.ui-20120509-1450,(default package),X,Unutilized Abstraction
eclipse.pde.ui-20120509-1450,(default package),X,Deficient Encapsulation
eclipse.pde.ui-20120509-1450,(default package),X,Unnecessary Abstraction
eclipse.pde.ui-20120509-1450,(default package),X,Unutilized Abstraction
eclipse.pde.ui-20120509-1450,(default package),Y,Unnecessary Abstraction
eclipse.pde.ui-20120509-1450,(default package),Y,Unutilized Abstraction
eclipse.pde.ui-20120509-1450,(default package),X,Unnecessary Abstraction
eclipse.pde.ui-20120509-1450,(default package),X,Unutilized Abstraction
eclipse.pde.ui-20120509-1450,(default package),Y,Unnecessary Abstraction
eclipse.pde.ui-20120509-1450,(default package),Y,Unutilized Abstraction
eclipse.pde.ui-20120509-1450,(default package),X,Unnecessary Abstraction
eclipse.pde.ui-20120509-1450,(default package),X,Unutilized Abstraction
eclipse.pde.ui-20120509-1450,(default package),Y,Unutilized Abstraction
eclipse.pde.ui-20120509-1450,(default package),X,Unutilized Abstraction
eclipse.pde.ui-20120509-1450,(default package),Y,Unnecessary Abstraction
eclipse.pde.ui-20120509-1450,(default package),Y,Unutilized Abstraction
eclipse.pde.ui-20120509-1450,(default package),X,Unnecessary Abstraction
eclipse.pde.ui-20120509-1450,(default package),X,Unutilized Abstraction
eclipse.pde.ui-20120509-1450,(default package),Y,Unutilized Abstraction
eclipse.pde.ui-20120509-1450,(default package),X,Unutilized Abstraction
eclipse.pde.ui-20120509-1450,(default package),Y,Unnecessary Abstraction
eclipse.pde.ui-20120509-1450,(default package),Y,Unutilized Abstraction
eclipse.pde.ui-20120509-1450,(default package),X,Unnecessary Abstraction
eclipse.pde.ui-20120509-1450,(default package),X,Unutilized Abstraction
eclipse.pde.ui-20120509-1450,(default package),Y,Unnecessary Abstraction
eclipse.pde.ui-20120509-1450,(default package),Y,Unutilized Abstraction
eclipse.pde.ui-20120509-1450,(default package),X,Unnecessary Abstraction
eclipse.pde.ui-20120509-1450,(default package),X,Unutilized Abstraction
eclipse.pde.ui-20120509-1450,(default package),X,Unnecessary Abstraction
eclipse.pde.ui-20120509-1450,(default package),X,Unutilized Abstraction
eclipse.pde.ui-20120509-1450,(default package),Y,Unnecessary Abstraction
eclipse.pde.ui-20120509-1450,(default package),Y,Unutilized Abstraction
eclipse.pde.ui-20120509-1450,(default package),Z,Unnecessary Abstraction
eclipse.pde.ui-20120509-1450,(default package),Z,Unutilized Abstraction
eclipse.pde.ui-20120509-1450,(default package),X,Unnecessary Abstraction
eclipse.pde.ui-20120509-1450,(default package),X,Unutilized Abstraction
eclipse.pde.ui-20120509-1450,(default package),Y,Unnecessary Abstraction
eclipse.pde.ui-20120509-1450,(default package),Y,Unutilized Abstraction
eclipse.pde.ui-20120509-1450,(default package),X,Unutilized Abstraction
eclipse.pde.ui-20120509-1450,(default package),X,Unutilized Abstraction
eclipse.pde.ui-20120509-1450,(default package),X,Unutilized Abstraction
eclipse.pde.ui-20120509-1450,(default package),X,Unutilized Abstraction
eclipse.pde.ui-20120509-1450,(default package),X,Unutilized Abstraction
eclipse.pde.ui-20120509-1450,(default package),X,Unutilized Abstraction
eclipse.pde.ui-20120509-1450,(default package),X,Unnecessary Abstraction
eclipse.pde.ui-20120509-1450,(default package),X,Unutilized Abstraction
eclipse.pde.ui-20120509-1450,(default package),Y,Unnecessary Abstraction
eclipse.pde.ui-20120509-1450,(default package),Y,Unutilized Abstraction
eclipse.pde.ui-20120509-1450,(default package),Z,Unutilized Abstraction
eclipse.pde.ui-20120509-1450,(default package),X,Unutilized Abstraction
eclipse.pde.ui-20120509-1450,(default package),Y,Unnecessary Abstraction
eclipse.pde.ui-20120509-1450,(default package),Y,Unutilized Abstraction
eclipse.pde.ui-20120509-1450,(default package),Z,Unnecessary Abstraction
eclipse.pde.ui-20120509-1450,(default package),Z,Unutilized Abstraction
eclipse.pde.ui-20120509-1450,(default package),X,Unnecessary Abstraction
eclipse.pde.ui-20120509-1450,(default package),X,Unutilized Abstraction
eclipse.pde.ui-20120509-1450,(default package),X,Unnecessary Abstraction
eclipse.pde.ui-20120509-1450,(default package),X,Unutilized Abstraction
eclipse.pde.ui-20120509-1450,(default package),X,Unnecessary Abstraction
eclipse.pde.ui-20120509-1450,(default package),X,Unutilized Abstraction
eclipse.pde.ui-20120509-1450,(default package),Y,Unnecessary Abstraction
eclipse.pde.ui-20120509-1450,(default package),Y,Unutilized Abstraction
eclipse.pde.ui-20120509-1450,(default package),Z,Unnecessary Abstraction
eclipse.pde.ui-20120509-1450,(default package),Z,Unutilized Abstraction
eclipse.pde.ui-20120509-1450,(default package),Z,Deficient Encapsulation
eclipse.pde.ui-20120509-1450,(default package),X,Unnecessary Abstraction
eclipse.pde.ui-20120509-1450,(default package),X,Unutilized Abstraction
eclipse.pde.ui-20120509-1450,(default package),X,Deficient Encapsulation
eclipse.pde.ui-20120509-1450,(default package),Y,Unnecessary Abstraction
eclipse.pde.ui-20120509-1450,(default package),Y,Unutilized Abstraction
eclipse.pde.ui-20120509-1450,(default package),Z,Unnecessary Abstraction
eclipse.pde.ui-20120509-1450,(default package),Z,Unutilized Abstraction
eclipse.pde.ui-20120509-1450,(default package),X,Unnecessary Abstraction
eclipse.pde.ui-20120509-1450,(default package),X,Unutilized Abstraction
eclipse.pde.ui-20120509-1450,(default package),Y,Unnecessary Abstraction
eclipse.pde.ui-20120509-1450,(default package),Y,Unutilized Abstraction
eclipse.pde.ui-20120509-1450,(default package),X,Unnecessary Abstraction
eclipse.pde.ui-20120509-1450,(default package),X,Unutilized Abstraction
eclipse.pde.ui-20120509-1450,(default package),X,Unnecessary Abstraction
eclipse.pde.ui-20120509-1450,(default package),X,Unutilized Abstraction
eclipse.pde.ui-20120509-1450,(default package),X,Unnecessary Abstraction
eclipse.pde.ui-20120509-1450,(default package),X,Unutilized Abstraction
eclipse.pde.ui-20120509-1450,(default package),Y,Unnecessary Abstraction
eclipse.pde.ui-20120509-1450,(default package),Y,Unutilized Abstraction
eclipse.pde.ui-20120509-1450,(default package),X,Unnecessary Abstraction
eclipse.pde.ui-20120509-1450,(default package),X,Unutilized Abstraction
eclipse.pde.ui-20120509-1450,(default package),X,Unnecessary Abstraction
eclipse.pde.ui-20120509-1450,(default package),X,Unutilized Abstraction
eclipse.pde.ui-20120509-1450,(default package),Y,Unnecessary Abstraction
eclipse.pde.ui-20120509-1450,(default package),Y,Unutilized Abstraction
eclipse.pde.ui-20120509-1450,(default package),X,Unnecessary Abstraction
eclipse.pde.ui-20120509-1450,(default package),X,Unutilized Abstraction
eclipse.pde.ui-20120509-1450,(default package),X,Unnecessary Abstraction
eclipse.pde.ui-20120509-1450,(default package),X,Unutilized Abstraction
eclipse.pde.ui-20120509-1450,(default package),Y,Unnecessary Abstraction
eclipse.pde.ui-20120509-1450,(default package),Y,Unutilized Abstraction
eclipse.pde.ui-20120509-1450,(default package),X,Unnecessary Abstraction
eclipse.pde.ui-20120509-1450,(default package),X,Unutilized Abstraction
eclipse.pde.ui-20120509-1450,(default package),Z,Unnecessary Abstraction
eclipse.pde.ui-20120509-1450,(default package),Z,Unutilized Abstraction
eclipse.pde.ui-20120509-1450,(default package),X,Unnecessary Abstraction
eclipse.pde.ui-20120509-1450,(default package),X,Unutilized Abstraction
eclipse.pde.ui-20120509-1450,(default package),Y,Unnecessary Abstraction
eclipse.pde.ui-20120509-1450,(default package),Y,Unutilized Abstraction
eclipse.pde.ui-20120509-1450,(default package),Z,Unnecessary Abstraction
eclipse.pde.ui-20120509-1450,(default package),Z,Unutilized Abstraction
eclipse.pde.ui-20120509-1450,(default package),X,Unnecessary Abstraction
eclipse.pde.ui-20120509-1450,(default package),X,Unutilized Abstraction
eclipse.pde.ui-20120509-1450,(default package),Z,Unnecessary Abstraction
eclipse.pde.ui-20120509-1450,(default package),Z,Unutilized Abstraction
eclipse.pde.ui-20120509-1450,(default package),X,Unnecessary Abstraction
eclipse.pde.ui-20120509-1450,(default package),X,Unutilized Abstraction
eclipse.pde.ui-20120509-1450,(default package),Y,Unnecessary Abstraction
eclipse.pde.ui-20120509-1450,(default package),Y,Unutilized Abstraction
eclipse.pde.ui-20120509-1450,(default package),Z,Unnecessary Abstraction
eclipse.pde.ui-20120509-1450,(default package),Z,Unutilized Abstraction
eclipse.pde.ui-20120509-1450,(default package),X,Unnecessary Abstraction
eclipse.pde.ui-20120509-1450,(default package),X,Unutilized Abstraction
eclipse.pde.ui-20120509-1450,(default package),Z,Unnecessary Abstraction
eclipse.pde.ui-20120509-1450,(default package),Z,Unutilized Abstraction
eclipse.pde.ui-20120509-1450,(default package),X,Unnecessary Abstraction
eclipse.pde.ui-20120509-1450,(default package),X,Unutilized Abstraction
eclipse.pde.ui-20120509-1450,(default package),Y,Unnecessary Abstraction
eclipse.pde.ui-20120509-1450,(default package),Y,Unutilized Abstraction
eclipse.pde.ui-20120509-1450,(default package),Z,Unnecessary Abstraction
eclipse.pde.ui-20120509-1450,(default package),Z,Unutilized Abstraction
eclipse.pde.ui-20120509-1450,(default package),X,Unnecessary Abstraction
eclipse.pde.ui-20120509-1450,(default package),X,Unutilized Abstraction
eclipse.pde.ui-20120509-1450,(default package),Y,Unnecessary Abstraction
eclipse.pde.ui-20120509-1450,(default package),Y,Unutilized Abstraction
eclipse.pde.ui-20120509-1450,(default package),Z,Unnecessary Abstraction
eclipse.pde.ui-20120509-1450,(default package),Z,Unutilized Abstraction
eclipse.pde.ui-20120509-1450,(default package),X,Unnecessary Abstraction
eclipse.pde.ui-20120509-1450,(default package),X,Unutilized Abstraction
eclipse.pde.ui-20120509-1450,(default package),Z,Unnecessary Abstraction
eclipse.pde.ui-20120509-1450,(default package),Z,Unutilized Abstraction
eclipse.pde.ui-20120509-1450,(default package),X,Unnecessary Abstraction
eclipse.pde.ui-20120509-1450,(default package),X,Unutilized Abstraction
eclipse.pde.ui-20120509-1450,(default package),Y,Unnecessary Abstraction
eclipse.pde.ui-20120509-1450,(default package),Y,Unutilized Abstraction
eclipse.pde.ui-20120509-1450,(default package),Z,Unnecessary Abstraction
eclipse.pde.ui-20120509-1450,(default package),Z,Unutilized Abstraction
eclipse.pde.ui-20120509-1450,(default package),X,Unnecessary Abstraction
eclipse.pde.ui-20120509-1450,(default package),X,Unutilized Abstraction
eclipse.pde.ui-20120509-1450,(default package),Z,Unnecessary Abstraction
eclipse.pde.ui-20120509-1450,(default package),Z,Unutilized Abstraction
eclipse.pde.ui-20120509-1450,(default package),X,Unnecessary Abstraction
eclipse.pde.ui-20120509-1450,(default package),X,Unutilized Abstraction
eclipse.pde.ui-20120509-1450,(default package),X,Unnecessary Abstraction
eclipse.pde.ui-20120509-1450,(default package),X,Unutilized Abstraction
eclipse.pde.ui-20120509-1450,(default package),X,Unnecessary Abstraction
eclipse.pde.ui-20120509-1450,(default package),X,Unutilized Abstraction
eclipse.pde.ui-20120509-1450,(default package),Y,Unnecessary Abstraction
eclipse.pde.ui-20120509-1450,(default package),Y,Unutilized Abstraction
eclipse.pde.ui-20120509-1450,(default package),Z,Unnecessary Abstraction
eclipse.pde.ui-20120509-1450,(default package),Z,Unutilized Abstraction
eclipse.pde.ui-20120509-1450,(default package),X,Unnecessary Abstraction
eclipse.pde.ui-20120509-1450,(default package),X,Unutilized Abstraction
eclipse.pde.ui-20120509-1450,(default package),Z,Unnecessary Abstraction
eclipse.pde.ui-20120509-1450,(default package),Z,Unutilized Abstraction
eclipse.pde.ui-20120509-1450,(default package),X,Unnecessary Abstraction
eclipse.pde.ui-20120509-1450,(default package),X,Unutilized Abstraction
eclipse.pde.ui-20120509-1450,(default package),Y,Unnecessary Abstraction
eclipse.pde.ui-20120509-1450,(default package),Y,Unutilized Abstraction
eclipse.pde.ui-20120509-1450,(default package),Z,Unnecessary Abstraction
eclipse.pde.ui-20120509-1450,(default package),Z,Unutilized Abstraction
eclipse.pde.ui-20120509-1450,(default package),X,Unnecessary Abstraction
eclipse.pde.ui-20120509-1450,(default package),X,Unutilized Abstraction
eclipse.pde.ui-20120509-1450,(default package),Z,Unnecessary Abstraction
eclipse.pde.ui-20120509-1450,(default package),Z,Unutilized Abstraction
eclipse.pde.ui-20120509-1450,(default package),X,Unnecessary Abstraction
eclipse.pde.ui-20120509-1450,(default package),X,Unutilized Abstraction
eclipse.pde.ui-20120509-1450,(default package),Y,Unnecessary Abstraction
eclipse.pde.ui-20120509-1450,(default package),Y,Unutilized Abstraction
eclipse.pde.ui-20120509-1450,(default package),Z,Unnecessary Abstraction
eclipse.pde.ui-20120509-1450,(default package),Z,Unutilized Abstraction
eclipse.pde.ui-20120509-1450,(default package),X,Unnecessary Abstraction
eclipse.pde.ui-20120509-1450,(default package),X,Unutilized Abstraction
eclipse.pde.ui-20120509-1450,(default package),Z,Unnecessary Abstraction
eclipse.pde.ui-20120509-1450,(default package),Z,Unutilized Abstraction
eclipse.pde.ui-20120509-1450,(default package),X,Unnecessary Abstraction
eclipse.pde.ui-20120509-1450,(default package),X,Unutilized Abstraction
eclipse.pde.ui-20120509-1450,(default package),Y,Unnecessary Abstraction
eclipse.pde.ui-20120509-1450,(default package),Y,Unutilized Abstraction
eclipse.pde.ui-20120509-1450,(default package),Z,Unnecessary Abstraction
eclipse.pde.ui-20120509-1450,(default package),Z,Unutilized Abstraction
eclipse.pde.ui-20120509-1450,(default package),X,Unnecessary Abstraction
eclipse.pde.ui-20120509-1450,(default package),X,Unutilized Abstraction
eclipse.pde.ui-20120509-1450,(default package),Z,Unnecessary Abstraction
eclipse.pde.ui-20120509-1450,(default package),Z,Unutilized Abstraction
eclipse.pde.ui-20120509-1450,(default package),X,Unnecessary Abstraction
eclipse.pde.ui-20120509-1450,(default package),X,Unutilized Abstraction
eclipse.pde.ui-20120509-1450,(default package),Y,Unnecessary Abstraction
eclipse.pde.ui-20120509-1450,(default package),Y,Unutilized Abstraction
eclipse.pde.ui-20120509-1450,(default package),X,Unnecessary Abstraction
eclipse.pde.ui-20120509-1450,(default package),X,Unutilized Abstraction
eclipse.pde.ui-20120509-1450,(default package),X,Unnecessary Abstraction
eclipse.pde.ui-20120509-1450,(default package),X,Unutilized Abstraction
eclipse.pde.ui-20120509-1450,(default package),Y,Unnecessary Abstraction
eclipse.pde.ui-20120509-1450,(default package),Y,Unutilized Abstraction
eclipse.pde.ui-20120509-1450,(default package),X,Unnecessary Abstraction
eclipse.pde.ui-20120509-1450,(default package),X,Unutilized Abstraction
eclipse.pde.ui-20120509-1450,(default package),X,Unnecessary Abstraction
eclipse.pde.ui-20120509-1450,(default package),X,Unutilized Abstraction
eclipse.pde.ui-20120509-1450,(default package),Y,Unnecessary Abstraction
eclipse.pde.ui-20120509-1450,(default package),Y,Unutilized Abstraction
eclipse.pde.ui-20120509-1450,(default package),X,Unnecessary Abstraction
eclipse.pde.ui-20120509-1450,(default package),X,Unutilized Abstraction
eclipse.pde.ui-20120509-1450,(default package),I,Unnecessary Abstraction
eclipse.pde.ui-20120509-1450,(default package),I,Unutilized Abstraction
eclipse.pde.ui-20120509-1450,(default package),X,Unnecessary Abstraction
eclipse.pde.ui-20120509-1450,(default package),X,Unutilized Abstraction
eclipse.pde.ui-20120509-1450,(default package),I,Unnecessary Abstraction
eclipse.pde.ui-20120509-1450,(default package),I,Unutilized Abstraction
eclipse.pde.ui-20120509-1450,(default package),J,Unnecessary Abstraction
eclipse.pde.ui-20120509-1450,(default package),J,Unutilized Abstraction
eclipse.pde.ui-20120509-1450,(default package),X,Unnecessary Abstraction
eclipse.pde.ui-20120509-1450,(default package),X,Unutilized Abstraction
eclipse.pde.ui-20120509-1450,(default package),I,Unnecessary Abstraction
eclipse.pde.ui-20120509-1450,(default package),I,Unutilized Abstraction
eclipse.pde.ui-20120509-1450,(default package),X,Unnecessary Abstraction
eclipse.pde.ui-20120509-1450,(default package),X,Unutilized Abstraction
eclipse.pde.ui-20120509-1450,(default package),I,Unnecessary Abstraction
eclipse.pde.ui-20120509-1450,(default package),I,Unutilized Abstraction
eclipse.pde.ui-20120509-1450,(default package),J,Unnecessary Abstraction
eclipse.pde.ui-20120509-1450,(default package),J,Unutilized Abstraction
eclipse.pde.ui-20120509-1450,(default package),X,Unnecessary Abstraction
eclipse.pde.ui-20120509-1450,(default package),X,Unutilized Abstraction
eclipse.pde.ui-20120509-1450,(default package),X,Unnecessary Abstraction
eclipse.pde.ui-20120509-1450,(default package),X,Unutilized Abstraction
eclipse.pde.ui-20120509-1450,(default package),Y,Unnecessary Abstraction
eclipse.pde.ui-20120509-1450,(default package),Y,Unutilized Abstraction
eclipse.pde.ui-20120509-1450,(default package),Z,Unnecessary Abstraction
eclipse.pde.ui-20120509-1450,(default package),Z,Unutilized Abstraction
eclipse.pde.ui-20120509-1450,(default package),Z,Deficient Encapsulation
eclipse.pde.ui-20120509-1450,(default package),X,Unnecessary Abstraction
eclipse.pde.ui-20120509-1450,(default package),X,Unutilized Abstraction
eclipse.pde.ui-20120509-1450,(default package),Y,Unnecessary Abstraction
eclipse.pde.ui-20120509-1450,(default package),Y,Unutilized Abstraction
eclipse.pde.ui-20120509-1450,(default package),Z,Unnecessary Abstraction
eclipse.pde.ui-20120509-1450,(default package),Z,Unutilized Abstraction
eclipse.pde.ui-20120509-1450,(default package),X,Unnecessary Abstraction
eclipse.pde.ui-20120509-1450,(default package),X,Unutilized Abstraction
eclipse.pde.ui-20120509-1450,(default package),X,Unnecessary Abstraction
eclipse.pde.ui-20120509-1450,(default package),X,Unutilized Abstraction
eclipse.pde.ui-20120509-1450,(default package),X,Unnecessary Abstraction
eclipse.pde.ui-20120509-1450,(default package),X,Unutilized Abstraction
eclipse.pde.ui-20120509-1450,(default package),X,Unnecessary Abstraction
eclipse.pde.ui-20120509-1450,(default package),X,Unutilized Abstraction
eclipse.pde.ui-20120509-1450,(default package),X,Unnecessary Abstraction
eclipse.pde.ui-20120509-1450,(default package),X,Unutilized Abstraction
eclipse.pde.ui-20120509-1450,(default package),X,Deficient Encapsulation
eclipse.pde.ui-20120509-1450,(default package),X,Unnecessary Abstraction
eclipse.pde.ui-20120509-1450,(default package),X,Unutilized Abstraction
eclipse.pde.ui-20120509-1450,(default package),X,Unnecessary Abstraction
eclipse.pde.ui-20120509-1450,(default package),X,Unutilized Abstraction
eclipse.pde.ui-20120509-1450,(default package),X,Deficient Encapsulation
eclipse.pde.ui-20120509-1450,(default package),X,Unnecessary Abstraction
eclipse.pde.ui-20120509-1450,(default package),X,Unutilized Abstraction
eclipse.pde.ui-20120509-1450,(default package),X,Unnecessary Abstraction
eclipse.pde.ui-20120509-1450,(default package),X,Unutilized Abstraction
eclipse.pde.ui-20120509-1450,(default package),X,Deficient Encapsulation
eclipse.pde.ui-20120509-1450,(default package),X,Unnecessary Abstraction
eclipse.pde.ui-20120509-1450,(default package),X,Unutilized Abstraction
eclipse.pde.ui-20120509-1450,(default package),X,Deficient Encapsulation
eclipse.pde.ui-20120509-1450,(default package),X,Unnecessary Abstraction
eclipse.pde.ui-20120509-1450,(default package),X,Unutilized Abstraction
eclipse.pde.ui-20120509-1450,(default package),X,Deficient Encapsulation
eclipse.pde.ui-20120509-1450,(default package),X,Unnecessary Abstraction
eclipse.pde.ui-20120509-1450,(default package),X,Unutilized Abstraction
eclipse.pde.ui-20120509-1450,(default package),X,Deficient Encapsulation
eclipse.pde.ui-20120509-1450,(default package),X,Unnecessary Abstraction
eclipse.pde.ui-20120509-1450,(default package),X,Unutilized Abstraction
eclipse.pde.ui-20120509-1450,(default package),X,Deficient Encapsulation
eclipse.pde.ui-20120509-1450,(default package),X,Unnecessary Abstraction
eclipse.pde.ui-20120509-1450,(default package),X,Unutilized Abstraction
eclipse.pde.ui-20120509-1450,(default package),X,Deficient Encapsulation
eclipse.pde.ui-20120509-1450,(default package),X,Unutilized Abstraction
eclipse.pde.ui-20120509-1450,(default package),X,Deficient Encapsulation
eclipse.pde.ui-20120509-1450,(default package),X,Unutilized Abstraction
eclipse.pde.ui-20120509-1450,(default package),X,Deficient Encapsulation
eclipse.pde.ui-20120509-1450,(default package),X,Unnecessary Abstraction
eclipse.pde.ui-20120509-1450,(default package),X,Unutilized Abstraction
eclipse.pde.ui-20120509-1450,(default package),X,Deficient Encapsulation
eclipse.pde.ui-20120509-1450,(default package),X,Unnecessary Abstraction
eclipse.pde.ui-20120509-1450,(default package),X,Unutilized Abstraction
eclipse.pde.ui-20120509-1450,(default package),X,Deficient Encapsulation
eclipse.pde.ui-20120509-1450,(default package),X,Unnecessary Abstraction
eclipse.pde.ui-20120509-1450,(default package),X,Unutilized Abstraction
eclipse.pde.ui-20120509-1450,(default package),X,Deficient Encapsulation
eclipse.pde.ui-20120509-1450,(default package),X,Unnecessary Abstraction
eclipse.pde.ui-20120509-1450,(default package),X,Unutilized Abstraction
eclipse.pde.ui-20120509-1450,(default package),X,Deficient Encapsulation
eclipse.pde.ui-20120509-1450,(default package),X,Unnecessary Abstraction
eclipse.pde.ui-20120509-1450,(default package),X,Unutilized Abstraction
eclipse.pde.ui-20120509-1450,(default package),X,Deficient Encapsulation
eclipse.pde.ui-20120509-1450,(default package),X,Unnecessary Abstraction
eclipse.pde.ui-20120509-1450,(default package),X,Unutilized Abstraction
eclipse.pde.ui-20120509-1450,(default package),X,Deficient Encapsulation
eclipse.pde.ui-20120509-1450,(default package),X,Unnecessary Abstraction
eclipse.pde.ui-20120509-1450,(default package),X,Unutilized Abstraction
eclipse.pde.ui-20120509-1450,(default package),X,Deficient Encapsulation
eclipse.pde.ui-20120509-1450,(default package),X,Unnecessary Abstraction
eclipse.pde.ui-20120509-1450,(default package),X,Unutilized Abstraction
eclipse.pde.ui-20120509-1450,(default package),X,Deficient Encapsulation
eclipse.pde.ui-20120509-1450,(default package),X,Unnecessary Abstraction
eclipse.pde.ui-20120509-1450,(default package),X,Unutilized Abstraction
eclipse.pde.ui-20120509-1450,(default package),X,Unnecessary Abstraction
eclipse.pde.ui-20120509-1450,(default package),X,Unutilized Abstraction
eclipse.pde.ui-20120509-1450,(default package),X,Unnecessary Abstraction
eclipse.pde.ui-20120509-1450,(default package),X,Unutilized Abstraction
eclipse.pde.ui-20120509-1450,(default package),X,Unnecessary Abstraction
eclipse.pde.ui-20120509-1450,(default package),X,Unutilized Abstraction
eclipse.pde.ui-20120509-1450,(default package),X,Unnecessary Abstraction
eclipse.pde.ui-20120509-1450,(default package),X,Unutilized Abstraction
eclipse.pde.ui-20120509-1450,(default package),X,Unnecessary Abstraction
eclipse.pde.ui-20120509-1450,(default package),X,Unutilized Abstraction
eclipse.pde.ui-20120509-1450,(default package),X,Unnecessary Abstraction
eclipse.pde.ui-20120509-1450,(default package),X,Unutilized Abstraction
eclipse.pde.ui-20120509-1450,(default package),X,Deficient Encapsulation
eclipse.pde.ui-20120509-1450,(default package),X,Unnecessary Abstraction
eclipse.pde.ui-20120509-1450,(default package),X,Unutilized Abstraction
eclipse.pde.ui-20120509-1450,(default package),X,Deficient Encapsulation
eclipse.pde.ui-20120509-1450,(default package),X,Unnecessary Abstraction
eclipse.pde.ui-20120509-1450,(default package),X,Unutilized Abstraction
eclipse.pde.ui-20120509-1450,(default package),X,Unnecessary Abstraction
eclipse.pde.ui-20120509-1450,(default package),X,Unutilized Abstraction
eclipse.pde.ui-20120509-1450,(default package),X,Unnecessary Abstraction
eclipse.pde.ui-20120509-1450,(default package),X,Unutilized Abstraction
eclipse.pde.ui-20120509-1450,(default package),X,Unnecessary Abstraction
eclipse.pde.ui-20120509-1450,(default package),X,Unutilized Abstraction
eclipse.pde.ui-20120509-1450,(default package),X,Unnecessary Abstraction
eclipse.pde.ui-20120509-1450,(default package),X,Unutilized Abstraction
eclipse.pde.ui-20120509-1450,(default package),X,Unnecessary Abstraction
eclipse.pde.ui-20120509-1450,(default package),X,Unutilized Abstraction
eclipse.pde.ui-20120509-1450,(default package),X,Unnecessary Abstraction
eclipse.pde.ui-20120509-1450,(default package),X,Unutilized Abstraction
eclipse.pde.ui-20120509-1450,(default package),X,Unnecessary Abstraction
eclipse.pde.ui-20120509-1450,(default package),X,Unutilized Abstraction
eclipse.pde.ui-20120509-1450,(default package),X,Unnecessary Abstraction
eclipse.pde.ui-20120509-1450,(default package),X,Unutilized Abstraction
eclipse.pde.ui-20120509-1450,(default package),X,Unnecessary Abstraction
eclipse.pde.ui-20120509-1450,(default package),X,Unutilized Abstraction
eclipse.pde.ui-20120509-1450,(default package),X,Unnecessary Abstraction
eclipse.pde.ui-20120509-1450,(default package),X,Unutilized Abstraction
eclipse.pde.ui-20120509-1450,(default package),X,Unnecessary Abstraction
eclipse.pde.ui-20120509-1450,(default package),X,Unutilized Abstraction
eclipse.pde.ui-20120509-1450,(default package),X,Unnecessary Abstraction
eclipse.pde.ui-20120509-1450,(default package),X,Unutilized Abstraction
eclipse.pde.ui-20120509-1450,(default package),X,Deficient Encapsulation
eclipse.pde.ui-20120509-1450,(default package),X,Unnecessary Abstraction
eclipse.pde.ui-20120509-1450,(default package),X,Unutilized Abstraction
eclipse.pde.ui-20120509-1450,(default package),X,Deficient Encapsulation
eclipse.pde.ui-20120509-1450,(default package),X,Unnecessary Abstraction
eclipse.pde.ui-20120509-1450,(default package),X,Unutilized Abstraction
eclipse.pde.ui-20120509-1450,(default package),X,Unnecessary Abstraction
eclipse.pde.ui-20120509-1450,(default package),X,Unutilized Abstraction
eclipse.pde.ui-20120509-1450,(default package),X,Unnecessary Abstraction
eclipse.pde.ui-20120509-1450,(default package),X,Unutilized Abstraction
eclipse.pde.ui-20120509-1450,(default package),X,Deficient Encapsulation
eclipse.pde.ui-20120509-1450,(default package),X,Unnecessary Abstraction
eclipse.pde.ui-20120509-1450,(default package),X,Unutilized Abstraction
eclipse.pde.ui-20120509-1450,(default package),X,Deficient Encapsulation
eclipse.pde.ui-20120509-1450,(default package),X,Unnecessary Abstraction
eclipse.pde.ui-20120509-1450,(default package),X,Unutilized Abstraction
eclipse.pde.ui-20120509-1450,(default package),X,Deficient Encapsulation
eclipse.pde.ui-20120509-1450,(default package),X,Unnecessary Abstraction
eclipse.pde.ui-20120509-1450,(default package),X,Unutilized Abstraction
eclipse.pde.ui-20120509-1450,(default package),X,Deficient Encapsulation
eclipse.pde.ui-20120509-1450,(default package),X,Unnecessary Abstraction
eclipse.pde.ui-20120509-1450,(default package),X,Unutilized Abstraction
eclipse.pde.ui-20120509-1450,(default package),X,Deficient Encapsulation
eclipse.pde.ui-20120509-1450,(default package),X,Unnecessary Abstraction
eclipse.pde.ui-20120509-1450,(default package),X,Unutilized Abstraction
eclipse.pde.ui-20120509-1450,(default package),X,Deficient Encapsulation
eclipse.pde.ui-20120509-1450,(default package),X,Unnecessary Abstraction
eclipse.pde.ui-20120509-1450,(default package),X,Unutilized Abstraction
eclipse.pde.ui-20120509-1450,(default package),X,Deficient Encapsulation
eclipse.pde.ui-20120509-1450,(default package),X,Unnecessary Abstraction
eclipse.pde.ui-20120509-1450,(default package),X,Unutilized Abstraction
eclipse.pde.ui-20120509-1450,(default package),X,Deficient Encapsulation
eclipse.pde.ui-20120509-1450,(default package),X,Unnecessary Abstraction
eclipse.pde.ui-20120509-1450,(default package),X,Unutilized Abstraction
eclipse.pde.ui-20120509-1450,(default package),X,Deficient Encapsulation
eclipse.pde.ui-20120509-1450,(default package),X,Unnecessary Abstraction
eclipse.pde.ui-20120509-1450,(default package),X,Unutilized Abstraction
eclipse.pde.ui-20120509-1450,(default package),X,Deficient Encapsulation
eclipse.pde.ui-20120509-1450,(default package),X,Unnecessary Abstraction
eclipse.pde.ui-20120509-1450,(default package),X,Unutilized Abstraction
eclipse.pde.ui-20120509-1450,(default package),X,Unnecessary Abstraction
eclipse.pde.ui-20120509-1450,(default package),X,Unutilized Abstraction
eclipse.pde.ui-20120509-1450,(default package),I,Unnecessary Abstraction
eclipse.pde.ui-20120509-1450,(default package),I,Unutilized Abstraction
eclipse.pde.ui-20120509-1450,(default package),I,Deficient Encapsulation
eclipse.pde.ui-20120509-1450,(default package),I,Unnecessary Abstraction
eclipse.pde.ui-20120509-1450,(default package),I,Unutilized Abstraction
eclipse.pde.ui-20120509-1450,(default package),I,Deficient Encapsulation
eclipse.pde.ui-20120509-1450,(default package),I,Unnecessary Abstraction
eclipse.pde.ui-20120509-1450,(default package),I,Unutilized Abstraction
eclipse.pde.ui-20120509-1450,(default package),I,Deficient Encapsulation
eclipse.pde.ui-20120509-1450,(default package),I,Unnecessary Abstraction
eclipse.pde.ui-20120509-1450,(default package),I,Unutilized Abstraction
eclipse.pde.ui-20120509-1450,(default package),I,Deficient Encapsulation
eclipse.pde.ui-20120509-1450,(default package),X,Unnecessary Abstraction
eclipse.pde.ui-20120509-1450,(default package),X,Unutilized Abstraction
eclipse.pde.ui-20120509-1450,(default package),X,Unnecessary Abstraction
eclipse.pde.ui-20120509-1450,(default package),X,Unutilized Abstraction
eclipse.pde.ui-20120509-1450,(default package),SWT,Unnecessary Abstraction
eclipse.pde.ui-20120509-1450,(default package),SWT,Deficient Encapsulation
eclipse.pde.ui-20120509-1450,(default package),X,Unutilized Abstraction
eclipse.pde.ui-20120509-1450,(default package),X,Deficient Encapsulation
eclipse.pde.ui-20120509-1450,(default package),SWT,Unnecessary Abstraction
eclipse.pde.ui-20120509-1450,(default package),SWT,Unutilized Abstraction
eclipse.pde.ui-20120509-1450,(default package),SWT,Deficient Encapsulation
eclipse.pde.ui-20120509-1450,(default package),X,Unnecessary Abstraction
eclipse.pde.ui-20120509-1450,(default package),X,Unutilized Abstraction
eclipse.pde.ui-20120509-1450,(default package),X,Deficient Encapsulation
eclipse.pde.ui-20120509-1450,(default package),X,Unnecessary Abstraction
eclipse.pde.ui-20120509-1450,(default package),X,Unutilized Abstraction
eclipse.pde.ui-20120509-1450,(default package),X,Unnecessary Abstraction
eclipse.pde.ui-20120509-1450,(default package),X,Unutilized Abstraction
eclipse.pde.ui-20120509-1450,(default package),SWT,Unnecessary Abstraction
eclipse.pde.ui-20120509-1450,(default package),SWT,Unutilized Abstraction
eclipse.pde.ui-20120509-1450,(default package),SWT,Deficient Encapsulation
eclipse.pde.ui-20120509-1450,(default package),X,Unnecessary Abstraction
eclipse.pde.ui-20120509-1450,(default package),X,Unutilized Abstraction
eclipse.pde.ui-20120509-1450,(default package),X,Deficient Encapsulation
eclipse.pde.ui-20120509-1450,(default package),X,Unnecessary Abstraction
eclipse.pde.ui-20120509-1450,(default package),X,Unutilized Abstraction
eclipse.pde.ui-20120509-1450,(default package),X,Unnecessary Abstraction
eclipse.pde.ui-20120509-1450,(default package),X,Unutilized Abstraction
eclipse.pde.ui-20120509-1450,(default package),X,Unnecessary Abstraction
eclipse.pde.ui-20120509-1450,(default package),X,Unutilized Abstraction
eclipse.pde.ui-20120509-1450,(default package),X,Unnecessary Abstraction
eclipse.pde.ui-20120509-1450,(default package),X,Unutilized Abstraction
eclipse.pde.ui-20120509-1450,(default package),X,Deficient Encapsulation
eclipse.pde.ui-20120509-1450,(default package),X,Unnecessary Abstraction
eclipse.pde.ui-20120509-1450,(default package),X,Unutilized Abstraction
eclipse.pde.ui-20120509-1450,(default package),X,Deficient Encapsulation
eclipse.pde.ui-20120509-1450,(default package),X,Unnecessary Abstraction
eclipse.pde.ui-20120509-1450,(default package),X,Unutilized Abstraction
eclipse.pde.ui-20120509-1450,(default package),X,Deficient Encapsulation
eclipse.pde.ui-20120509-1450,(default package),X,Unnecessary Abstraction
eclipse.pde.ui-20120509-1450,(default package),X,Unutilized Abstraction
eclipse.pde.ui-20120509-1450,(default package),X,Deficient Encapsulation
eclipse.pde.ui-20120509-1450,(default package),X,Unnecessary Abstraction
eclipse.pde.ui-20120509-1450,(default package),X,Unutilized Abstraction
eclipse.pde.ui-20120509-1450,(default package),X,Deficient Encapsulation
eclipse.pde.ui-20120509-1450,(default package),X,Unnecessary Abstraction
eclipse.pde.ui-20120509-1450,(default package),X,Unutilized Abstraction
eclipse.pde.ui-20120509-1450,(default package),X,Deficient Encapsulation
eclipse.pde.ui-20120509-1450,(default package),X,Unnecessary Abstraction
eclipse.pde.ui-20120509-1450,(default package),X,Unutilized Abstraction
eclipse.pde.ui-20120509-1450,(default package),X,Deficient Encapsulation
eclipse.pde.ui-20120509-1450,(default package),X,Unnecessary Abstraction
eclipse.pde.ui-20120509-1450,(default package),X,Unutilized Abstraction
eclipse.pde.ui-20120509-1450,(default package),X,Deficient Encapsulation
eclipse.pde.ui-20120509-1450,(default package),X,Unnecessary Abstraction
eclipse.pde.ui-20120509-1450,(default package),X,Unutilized Abstraction
eclipse.pde.ui-20120509-1450,(default package),X,Deficient Encapsulation
eclipse.pde.ui-20120509-1450,(default package),X,Unnecessary Abstraction
eclipse.pde.ui-20120509-1450,(default package),X,Unutilized Abstraction
eclipse.pde.ui-20120509-1450,(default package),X,Unnecessary Abstraction
eclipse.pde.ui-20120509-1450,(default package),X,Unutilized Abstraction
eclipse.pde.ui-20120509-1450,(default package),X,Deficient Encapsulation
eclipse.pde.ui-20120509-1450,(default package),X,Unnecessary Abstraction
eclipse.pde.ui-20120509-1450,(default package),X,Unutilized Abstraction
eclipse.pde.ui-20120509-1450,(default package),X,Unnecessary Abstraction
eclipse.pde.ui-20120509-1450,(default package),X,Unutilized Abstraction
eclipse.pde.ui-20120509-1450,(default package),X,Deficient Encapsulation
eclipse.pde.ui-20120509-1450,(default package),X,Unnecessary Abstraction
eclipse.pde.ui-20120509-1450,(default package),X,Unutilized Abstraction
eclipse.pde.ui-20120509-1450,(default package),X,Unnecessary Abstraction
eclipse.pde.ui-20120509-1450,(default package),X,Unutilized Abstraction
eclipse.pde.ui-20120509-1450,(default package),X,Unnecessary Abstraction
eclipse.pde.ui-20120509-1450,(default package),X,Unutilized Abstraction
eclipse.pde.ui-20120509-1450,(default package),X,Deficient Encapsulation
eclipse.pde.ui-20120509-1450,(default package),X,Unnecessary Abstraction
eclipse.pde.ui-20120509-1450,(default package),X,Unutilized Abstraction
eclipse.pde.ui-20120509-1450,(default package),X,Unnecessary Abstraction
eclipse.pde.ui-20120509-1450,(default package),X,Unutilized Abstraction
eclipse.pde.ui-20120509-1450,(default package),X,Unnecessary Abstraction
eclipse.pde.ui-20120509-1450,(default package),X,Unutilized Abstraction
eclipse.pde.ui-20120509-1450,(default package),X,Unnecessary Abstraction
eclipse.pde.ui-20120509-1450,(default package),X,Unutilized Abstraction
eclipse.pde.ui-20120509-1450,(default package),X,Deficient Encapsulation
eclipse.pde.ui-20120509-1450,(default package),X,Unnecessary Abstraction
eclipse.pde.ui-20120509-1450,(default package),X,Unutilized Abstraction
eclipse.pde.ui-20120509-1450,(default package),X,Unnecessary Abstraction
eclipse.pde.ui-20120509-1450,(default package),X,Unutilized Abstraction
eclipse.pde.ui-20120509-1450,(default package),X,Unnecessary Abstraction
eclipse.pde.ui-20120509-1450,(default package),X,Unutilized Abstraction
eclipse.pde.ui-20120509-1450,(default package),X,Deficient Encapsulation
eclipse.pde.ui-20120509-1450,(default package),X,Unnecessary Abstraction
eclipse.pde.ui-20120509-1450,(default package),X,Unutilized Abstraction
eclipse.pde.ui-20120509-1450,(default package),X,Deficient Encapsulation
eclipse.pde.ui-20120509-1450,(default package),X,Unnecessary Abstraction
eclipse.pde.ui-20120509-1450,(default package),X,Unutilized Abstraction
eclipse.pde.ui-20120509-1450,(default package),X,Deficient Encapsulation
eclipse.pde.ui-20120509-1450,(default package),X,Unnecessary Abstraction
eclipse.pde.ui-20120509-1450,(default package),X,Unutilized Abstraction
eclipse.pde.ui-20120509-1450,(default package),X,Deficient Encapsulation
eclipse.pde.ui-20120509-1450,(default package),X,Unnecessary Abstraction
eclipse.pde.ui-20120509-1450,(default package),X,Unutilized Abstraction
eclipse.pde.ui-20120509-1450,(default package),X,Unnecessary Abstraction
eclipse.pde.ui-20120509-1450,(default package),X,Unutilized Abstraction
eclipse.pde.ui-20120509-1450,(default package),X,Unnecessary Abstraction
eclipse.pde.ui-20120509-1450,(default package),X,Unutilized Abstraction
eclipse.pde.ui-20120509-1450,(default package),X,Deficient Encapsulation
eclipse.pde.ui-20120509-1450,(default package),Y,Unnecessary Abstraction
eclipse.pde.ui-20120509-1450,(default package),Y,Unutilized Abstraction
eclipse.pde.ui-20120509-1450,(default package),X,Unnecessary Abstraction
eclipse.pde.ui-20120509-1450,(default package),X,Unutilized Abstraction
eclipse.pde.ui-20120509-1450,(default package),X,Deficient Encapsulation
eclipse.pde.ui-20120509-1450,(default package),Y,Unnecessary Abstraction
eclipse.pde.ui-20120509-1450,(default package),Y,Unutilized Abstraction
eclipse.pde.ui-20120509-1450,(default package),X,Unnecessary Abstraction
eclipse.pde.ui-20120509-1450,(default package),X,Unutilized Abstraction
eclipse.pde.ui-20120509-1450,(default package),X,Deficient Encapsulation
eclipse.pde.ui-20120509-1450,(default package),Y,Unnecessary Abstraction
eclipse.pde.ui-20120509-1450,(default package),Y,Unutilized Abstraction
eclipse.pde.ui-20120509-1450,(default package),X,Unnecessary Abstraction
eclipse.pde.ui-20120509-1450,(default package),X,Unutilized Abstraction
eclipse.pde.ui-20120509-1450,(default package),X,Deficient Encapsulation
eclipse.pde.ui-20120509-1450,(default package),Y,Unnecessary Abstraction
eclipse.pde.ui-20120509-1450,(default package),Y,Unutilized Abstraction
eclipse.pde.ui-20120509-1450,(default package),X,Unnecessary Abstraction
eclipse.pde.ui-20120509-1450,(default package),X,Unutilized Abstraction
eclipse.pde.ui-20120509-1450,(default package),X,Unnecessary Abstraction
eclipse.pde.ui-20120509-1450,(default package),X,Unutilized Abstraction
eclipse.pde.ui-20120509-1450,(default package),X,Deficient Encapsulation
eclipse.pde.ui-20120509-1450,(default package),X,Unnecessary Abstraction
eclipse.pde.ui-20120509-1450,(default package),X,Unutilized Abstraction
eclipse.pde.ui-20120509-1450,(default package),X,Unnecessary Abstraction
eclipse.pde.ui-20120509-1450,(default package),X,Unutilized Abstraction
eclipse.pde.ui-20120509-1450,(default package),X,Deficient Encapsulation
eclipse.pde.ui-20120509-1450,(default package),I,Unnecessary Abstraction
eclipse.pde.ui-20120509-1450,(default package),I,Unutilized Abstraction
eclipse.pde.ui-20120509-1450,(default package),I,Deficient Encapsulation
eclipse.pde.ui-20120509-1450,(default package),I,Unnecessary Abstraction
eclipse.pde.ui-20120509-1450,(default package),I,Unutilized Abstraction
eclipse.pde.ui-20120509-1450,(default package),I,Deficient Encapsulation
eclipse.pde.ui-20120509-1450,(default package),I,Unnecessary Abstraction
eclipse.pde.ui-20120509-1450,(default package),I,Unutilized Abstraction
eclipse.pde.ui-20120509-1450,(default package),I,Deficient Encapsulation
eclipse.pde.ui-20120509-1450,(default package),I,Unnecessary Abstraction
eclipse.pde.ui-20120509-1450,(default package),I,Unutilized Abstraction
eclipse.pde.ui-20120509-1450,(default package),I,Deficient Encapsulation
eclipse.pde.ui-20120509-1450,(default package),X,Unnecessary Abstraction
eclipse.pde.ui-20120509-1450,(default package),X,Unutilized Abstraction
eclipse.pde.ui-20120509-1450,(default package),X,Deficient Encapsulation
eclipse.pde.ui-20120509-1450,(default package),X,Unnecessary Abstraction
eclipse.pde.ui-20120509-1450,(default package),X,Unutilized Abstraction
eclipse.pde.ui-20120509-1450,(default package),X,Deficient Encapsulation
eclipse.pde.ui-20120509-1450,(default package),X,Unnecessary Abstraction
eclipse.pde.ui-20120509-1450,(default package),X,Unutilized Abstraction
eclipse.pde.ui-20120509-1450,(default package),X,Deficient Encapsulation
eclipse.pde.ui-20120509-1450,(default package),X,Unnecessary Abstraction
eclipse.pde.ui-20120509-1450,(default package),X,Unutilized Abstraction
eclipse.pde.ui-20120509-1450,(default package),X,Deficient Encapsulation
eclipse.pde.ui-20120509-1450,(default package),X,Unnecessary Abstraction
eclipse.pde.ui-20120509-1450,(default package),X,Unutilized Abstraction
eclipse.pde.ui-20120509-1450,(default package),X,Unnecessary Abstraction
eclipse.pde.ui-20120509-1450,(default package),X,Unutilized Abstraction
eclipse.pde.ui-20120509-1450,(default package),X,Deficient Encapsulation
eclipse.pde.ui-20120509-1450,(default package),X,Unnecessary Abstraction
eclipse.pde.ui-20120509-1450,(default package),X,Unutilized Abstraction
eclipse.pde.ui-20120509-1450,(default package),X,Deficient Encapsulation
eclipse.pde.ui-20120509-1450,(default package),X,Unnecessary Abstraction
eclipse.pde.ui-20120509-1450,(default package),X,Unutilized Abstraction
eclipse.pde.ui-20120509-1450,(default package),I,Unnecessary Abstraction
eclipse.pde.ui-20120509-1450,(default package),I,Unutilized Abstraction
eclipse.pde.ui-20120509-1450,(default package),I,Unutilized Abstraction
eclipse.pde.ui-20120509-1450,(default package),I,Unnecessary Abstraction
eclipse.pde.ui-20120509-1450,(default package),I,Unutilized Abstraction
eclipse.pde.ui-20120509-1450,(default package),I,Unnecessary Abstraction
eclipse.pde.ui-20120509-1450,(default package),I,Unutilized Abstraction
eclipse.pde.ui-20120509-1450,(default package),I,Unnecessary Abstraction
eclipse.pde.ui-20120509-1450,(default package),I,Unutilized Abstraction
eclipse.pde.ui-20120509-1450,(default package),I,Unnecessary Abstraction
eclipse.pde.ui-20120509-1450,(default package),I,Unutilized Abstraction
eclipse.pde.ui-20120509-1450,(default package),I,Unnecessary Abstraction
eclipse.pde.ui-20120509-1450,(default package),I,Unutilized Abstraction
eclipse.pde.ui-20120509-1450,(default package),I,Unnecessary Abstraction
eclipse.pde.ui-20120509-1450,(default package),I,Unutilized Abstraction
eclipse.pde.ui-20120509-1450,(default package),I,Unnecessary Abstraction
eclipse.pde.ui-20120509-1450,(default package),I,Unutilized Abstraction
eclipse.pde.ui-20120509-1450,(default package),I,Unnecessary Abstraction
eclipse.pde.ui-20120509-1450,(default package),I,Unutilized Abstraction
eclipse.pde.ui-20120509-1450,(default package),I,Unnecessary Abstraction
eclipse.pde.ui-20120509-1450,(default package),I,Unutilized Abstraction
eclipse.pde.ui-20120509-1450,(default package),J,Unutilized Abstraction
eclipse.pde.ui-20120509-1450,(default package),I,Unutilized Abstraction
eclipse.pde.ui-20120509-1450,(default package),J,Unnecessary Abstraction
eclipse.pde.ui-20120509-1450,(default package),J,Unutilized Abstraction
eclipse.pde.ui-20120509-1450,(default package),I,Unnecessary Abstraction
eclipse.pde.ui-20120509-1450,(default package),I,Unutilized Abstraction
eclipse.pde.ui-20120509-1450,(default package),J,Unutilized Abstraction
eclipse.pde.ui-20120509-1450,(default package),I,Unutilized Abstraction
eclipse.pde.ui-20120509-1450,(default package),J,Unnecessary Abstraction
eclipse.pde.ui-20120509-1450,(default package),J,Unutilized Abstraction
eclipse.pde.ui-20120509-1450,(default package),I,Unnecessary Abstraction
eclipse.pde.ui-20120509-1450,(default package),I,Unutilized Abstraction
eclipse.pde.ui-20120509-1450,(default package),Y,Unnecessary Abstraction
eclipse.pde.ui-20120509-1450,(default package),Y,Unutilized Abstraction
eclipse.pde.ui-20120509-1450,(default package),Z,Unnecessary Abstraction
eclipse.pde.ui-20120509-1450,(default package),Z,Unutilized Abstraction
eclipse.pde.ui-20120509-1450,(default package),I,Unnecessary Abstraction
eclipse.pde.ui-20120509-1450,(default package),I,Unutilized Abstraction
eclipse.pde.ui-20120509-1450,(default package),Y,Unnecessary Abstraction
eclipse.pde.ui-20120509-1450,(default package),Y,Unutilized Abstraction
eclipse.pde.ui-20120509-1450,(default package),I,Unnecessary Abstraction
eclipse.pde.ui-20120509-1450,(default package),I,Unutilized Abstraction
eclipse.pde.ui-20120509-1450,(default package),I,Unnecessary Abstraction
eclipse.pde.ui-20120509-1450,(default package),I,Unutilized Abstraction
eclipse.pde.ui-20120509-1450,(default package),I,Unnecessary Abstraction
eclipse.pde.ui-20120509-1450,(default package),I,Unutilized Abstraction
eclipse.pde.ui-20120509-1450,(default package),Y,Unnecessary Abstraction
eclipse.pde.ui-20120509-1450,(default package),Y,Unutilized Abstraction
eclipse.pde.ui-20120509-1450,(default package),Z,Unnecessary Abstraction
eclipse.pde.ui-20120509-1450,(default package),Z,Unutilized Abstraction
eclipse.pde.ui-20120509-1450,(default package),I,Unnecessary Abstraction
eclipse.pde.ui-20120509-1450,(default package),I,Unutilized Abstraction
eclipse.pde.ui-20120509-1450,(default package),I,Unnecessary Abstraction
eclipse.pde.ui-20120509-1450,(default package),I,Unutilized Abstraction
eclipse.pde.ui-20120509-1450,(default package),I,Unnecessary Abstraction
eclipse.pde.ui-20120509-1450,(default package),I,Unutilized Abstraction
eclipse.pde.ui-20120509-1450,(default package),Y,Unnecessary Abstraction
eclipse.pde.ui-20120509-1450,(default package),Y,Unutilized Abstraction
eclipse.pde.ui-20120509-1450,(default package),I,Unnecessary Abstraction
eclipse.pde.ui-20120509-1450,(default package),I,Unutilized Abstraction
eclipse.pde.ui-20120509-1450,(default package),Y,Unnecessary Abstraction
eclipse.pde.ui-20120509-1450,(default package),Y,Unutilized Abstraction
eclipse.pde.ui-20120509-1450,(default package),Z,Unnecessary Abstraction
eclipse.pde.ui-20120509-1450,(default package),Z,Unutilized Abstraction
eclipse.pde.ui-20120509-1450,(default package),I,Unnecessary Abstraction
eclipse.pde.ui-20120509-1450,(default package),I,Unutilized Abstraction
eclipse.pde.ui-20120509-1450,(default package),I,Unnecessary Abstraction
eclipse.pde.ui-20120509-1450,(default package),I,Unutilized Abstraction
eclipse.pde.ui-20120509-1450,(default package),J,Unnecessary Abstraction
eclipse.pde.ui-20120509-1450,(default package),J,Unutilized Abstraction
eclipse.pde.ui-20120509-1450,(default package),I,Unnecessary Abstraction
eclipse.pde.ui-20120509-1450,(default package),I,Unutilized Abstraction
eclipse.pde.ui-20120509-1450,(default package),J,Unnecessary Abstraction
eclipse.pde.ui-20120509-1450,(default package),J,Unutilized Abstraction
eclipse.pde.ui-20120509-1450,(default package),I,Unutilized Abstraction
eclipse.pde.ui-20120509-1450,(default package),I,Unutilized Abstraction
eclipse.pde.ui-20120509-1450,(default package),I,Unutilized Abstraction
eclipse.pde.ui-20120509-1450,(default package),I,Unutilized Abstraction
eclipse.pde.ui-20120509-1450,(default package),I,Unnecessary Abstraction
eclipse.pde.ui-20120509-1450,(default package),I,Unutilized Abstraction
eclipse.pde.ui-20120509-1450,(default package),J,Unutilized Abstraction
eclipse.pde.ui-20120509-1450,(default package),I,Unutilized Abstraction
eclipse.pde.ui-20120509-1450,(default package),J,Unnecessary Abstraction
eclipse.pde.ui-20120509-1450,(default package),J,Unutilized Abstraction
eclipse.pde.ui-20120509-1450,(default package),I,Unnecessary Abstraction
eclipse.pde.ui-20120509-1450,(default package),I,Unutilized Abstraction
eclipse.pde.ui-20120509-1450,(default package),J,Unutilized Abstraction
eclipse.pde.ui-20120509-1450,(default package),I,Unutilized Abstraction
eclipse.pde.ui-20120509-1450,(default package),J,Unnecessary Abstraction
eclipse.pde.ui-20120509-1450,(default package),J,Unutilized Abstraction
eclipse.pde.ui-20120509-1450,(default package),X,Unnecessary Abstraction
eclipse.pde.ui-20120509-1450,(default package),X,Unutilized Abstraction
eclipse.pde.ui-20120509-1450,(default package),X,Unnecessary Abstraction
eclipse.pde.ui-20120509-1450,(default package),X,Unutilized Abstraction
eclipse.pde.ui-20120509-1450,(default package),I,Unnecessary Abstraction
eclipse.pde.ui-20120509-1450,(default package),I,Unutilized Abstraction
eclipse.pde.ui-20120509-1450,(default package),I,Unnecessary Abstraction
eclipse.pde.ui-20120509-1450,(default package),I,Unutilized Abstraction
eclipse.pde.ui-20120509-1450,(default package),X,Unnecessary Abstraction
eclipse.pde.ui-20120509-1450,(default package),X,Unutilized Abstraction
eclipse.pde.ui-20120509-1450,(default package),X,Unnecessary Abstraction
eclipse.pde.ui-20120509-1450,(default package),X,Unutilized Abstraction
eclipse.pde.ui-20120509-1450,(default package),I,Unnecessary Abstraction
eclipse.pde.ui-20120509-1450,(default package),I,Unutilized Abstraction
eclipse.pde.ui-20120509-1450,(default package),I,Unnecessary Abstraction
eclipse.pde.ui-20120509-1450,(default package),I,Unutilized Abstraction
eclipse.pde.ui-20120509-1450,(default package),I,Unnecessary Abstraction
eclipse.pde.ui-20120509-1450,(default package),I,Unutilized Abstraction
eclipse.pde.ui-20120509-1450,(default package),I,Unnecessary Abstraction
eclipse.pde.ui-20120509-1450,(default package),I,Unutilized Abstraction
eclipse.pde.ui-20120509-1450,(default package),I,Unnecessary Abstraction
eclipse.pde.ui-20120509-1450,(default package),I,Unutilized Abstraction
eclipse.pde.ui-20120509-1450,(default package),I,Unnecessary Abstraction
eclipse.pde.ui-20120509-1450,(default package),I,Unutilized Abstraction
eclipse.pde.ui-20120509-1450,(default package),I,Unnecessary Abstraction
eclipse.pde.ui-20120509-1450,(default package),I,Unutilized Abstraction
eclipse.pde.ui-20120509-1450,(default package),I,Unnecessary Abstraction
eclipse.pde.ui-20120509-1450,(default package),I,Unutilized Abstraction
eclipse.pde.ui-20120509-1450,(default package),I,Unnecessary Abstraction
eclipse.pde.ui-20120509-1450,(default package),I,Unutilized Abstraction
eclipse.pde.ui-20120509-1450,(default package),I,Unnecessary Abstraction
eclipse.pde.ui-20120509-1450,(default package),I,Unutilized Abstraction
eclipse.pde.ui-20120509-1450,(default package),X,Unutilized Abstraction
eclipse.pde.ui-20120509-1450,(default package),X,Unutilized Abstraction
eclipse.pde.ui-20120509-1450,(default package),X,Unutilized Abstraction
eclipse.pde.ui-20120509-1450,(default package),X,Unutilized Abstraction
eclipse.pde.ui-20120509-1450,(default package),X,Unutilized Abstraction
eclipse.pde.ui-20120509-1450,(default package),X,Unnecessary Abstraction
eclipse.pde.ui-20120509-1450,(default package),X,Unutilized Abstraction
eclipse.pde.ui-20120509-1450,(default package),X,Unutilized Abstraction
eclipse.pde.ui-20120509-1450,(default package),X,Unutilized Abstraction
eclipse.pde.ui-20120509-1450,(default package),X,Unutilized Abstraction
eclipse.pde.ui-20120509-1450,(default package),X,Unutilized Abstraction
eclipse.pde.ui-20120509-1450,(default package),X,Unutilized Abstraction
eclipse.pde.ui-20120509-1450,(default package),X,Unutilized Abstraction
eclipse.pde.ui-20120509-1450,(default package),X,Unutilized Abstraction
eclipse.pde.ui-20120509-1450,(default package),X,Unutilized Abstraction
eclipse.pde.ui-20120509-1450,(default package),X,Unutilized Abstraction
eclipse.pde.ui-20120509-1450,(default package),X,Unutilized Abstraction
eclipse.pde.ui-20120509-1450,(default package),X,Unutilized Abstraction
eclipse.pde.ui-20120509-1450,(default package),X,Unutilized Abstraction
eclipse.pde.ui-20120509-1450,(default package),X,Unutilized Abstraction
eclipse.pde.ui-20120509-1450,(default package),X,Unutilized Abstraction
eclipse.pde.ui-20120509-1450,(default package),X,Unutilized Abstraction
eclipse.pde.ui-20120509-1450,(default package),X,Unutilized Abstraction
eclipse.pde.ui-20120509-1450,(default package),X,Unutilized Abstraction
eclipse.pde.ui-20120509-1450,(default package),X,Unutilized Abstraction
eclipse.pde.ui-20120509-1450,(default package),X,Unutilized Abstraction
eclipse.pde.ui-20120509-1450,(default package),X,Unutilized Abstraction
eclipse.pde.ui-20120509-1450,(default package),X,Unutilized Abstraction
eclipse.pde.ui-20120509-1450,(default package),X,Unutilized Abstraction
eclipse.pde.ui-20120509-1450,(default package),X,Unutilized Abstraction
eclipse.pde.ui-20120509-1450,(default package),X,Unutilized Abstraction
eclipse.pde.ui-20120509-1450,(default package),X,Unutilized Abstraction
eclipse.pde.ui-20120509-1450,(default package),X,Unutilized Abstraction
eclipse.pde.ui-20120509-1450,(default package),X,Unutilized Abstraction
eclipse.pde.ui-20120509-1450,(default package),X,Unutilized Abstraction
eclipse.pde.ui-20120509-1450,(default package),X,Unutilized Abstraction
eclipse.pde.ui-20120509-1450,(default package),X,Unutilized Abstraction
eclipse.pde.ui-20120509-1450,(default package),X,Unutilized Abstraction
eclipse.pde.ui-20120509-1450,(default package),X,Unutilized Abstraction
eclipse.pde.ui-20120509-1450,(default package),X,Unutilized Abstraction
eclipse.pde.ui-20120509-1450,(default package),X,Unutilized Abstraction
eclipse.pde.ui-20120509-1450,(default package),X,Unutilized Abstraction
eclipse.pde.ui-20120509-1450,(default package),X,Unutilized Abstraction
eclipse.pde.ui-20120509-1450,(default package),X,Unutilized Abstraction
eclipse.pde.ui-20120509-1450,(default package),X,Unutilized Abstraction
eclipse.pde.ui-20120509-1450,(default package),X,Unutilized Abstraction
eclipse.pde.ui-20120509-1450,(default package),X,Unutilized Abstraction
eclipse.pde.ui-20120509-1450,(default package),X,Unutilized Abstraction
eclipse.pde.ui-20120509-1450,(default package),X,Unutilized Abstraction
eclipse.pde.ui-20120509-1450,(default package),X,Unutilized Abstraction
eclipse.pde.ui-20120509-1450,(default package),X,Unutilized Abstraction
eclipse.pde.ui-20120509-1450,(default package),X,Unutilized Abstraction
eclipse.pde.ui-20120509-1450,(default package),X,Unutilized Abstraction
eclipse.pde.ui-20120509-1450,(default package),X,Unutilized Abstraction
eclipse.pde.ui-20120509-1450,(default package),X,Unutilized Abstraction
eclipse.pde.ui-20120509-1450,(default package),X,Unutilized Abstraction
eclipse.pde.ui-20120509-1450,(default package),X,Unutilized Abstraction
eclipse.pde.ui-20120509-1450,(default package),X,Unutilized Abstraction
eclipse.pde.ui-20120509-1450,(default package),X,Unutilized Abstraction
eclipse.pde.ui-20120509-1450,(default package),X,Unutilized Abstraction
eclipse.pde.ui-20120509-1450,(default package),X,Unutilized Abstraction
eclipse.pde.ui-20120509-1450,(default package),X,Unutilized Abstraction
eclipse.pde.ui-20120509-1450,(default package),X,Unutilized Abstraction
eclipse.pde.ui-20120509-1450,(default package),X,Unutilized Abstraction
eclipse.pde.ui-20120509-1450,(default package),X,Unutilized Abstraction
eclipse.pde.ui-20120509-1450,(default package),X,Unutilized Abstraction
eclipse.pde.ui-20120509-1450,(default package),X,Unutilized Abstraction
eclipse.pde.ui-20120509-1450,(default package),X,Unutilized Abstraction
eclipse.pde.ui-20120509-1450,(default package),X,Unutilized Abstraction
eclipse.pde.ui-20120509-1450,(default package),X,Unutilized Abstraction
eclipse.pde.ui-20120509-1450,(default package),X,Unutilized Abstraction
eclipse.pde.ui-20120509-1450,(default package),X,Unutilized Abstraction
eclipse.pde.ui-20120509-1450,(default package),X,Unutilized Abstraction
eclipse.pde.ui-20120509-1450,(default package),X,Unutilized Abstraction
eclipse.pde.ui-20120509-1450,(default package),X,Unutilized Abstraction
eclipse.pde.ui-20120509-1450,(default package),X,Unutilized Abstraction
eclipse.pde.ui-20120509-1450,(default package),X,Unutilized Abstraction
eclipse.pde.ui-20120509-1450,(default package),X,Unutilized Abstraction
eclipse.pde.ui-20120509-1450,(default package),X,Unutilized Abstraction
eclipse.pde.ui-20120509-1450,(default package),X,Unutilized Abstraction
eclipse.pde.ui-20120509-1450,(default package),X,Unutilized Abstraction
eclipse.pde.ui-20120509-1450,(default package),X,Unutilized Abstraction
eclipse.pde.ui-20120509-1450,(default package),X,Unutilized Abstraction
eclipse.pde.ui-20120509-1450,(default package),X,Unutilized Abstraction
eclipse.pde.ui-20120509-1450,(default package),X,Unutilized Abstraction
eclipse.pde.ui-20120509-1450,(default package),X,Unutilized Abstraction
eclipse.pde.ui-20120509-1450,(default package),X,Unutilized Abstraction
eclipse.pde.ui-20120509-1450,(default package),X,Unutilized Abstraction
eclipse.pde.ui-20120509-1450,(default package),X,Unutilized Abstraction
eclipse.pde.ui-20120509-1450,(default package),X,Unutilized Abstraction
eclipse.pde.ui-20120509-1450,(default package),X,Unutilized Abstraction
eclipse.pde.ui-20120509-1450,(default package),X,Unutilized Abstraction
eclipse.pde.ui-20120509-1450,(default package),X,Unutilized Abstraction
eclipse.pde.ui-20120509-1450,(default package),X,Unutilized Abstraction
eclipse.pde.ui-20120509-1450,(default package),X,Unutilized Abstraction
eclipse.pde.ui-20120509-1450,(default package),X,Unutilized Abstraction
eclipse.pde.ui-20120509-1450,(default package),X,Unutilized Abstraction
eclipse.pde.ui-20120509-1450,(default package),X,Unutilized Abstraction
eclipse.pde.ui-20120509-1450,(default package),X,Unutilized Abstraction
eclipse.pde.ui-20120509-1450,(default package),X,Unutilized Abstraction
eclipse.pde.ui-20120509-1450,(default package),X,Unutilized Abstraction
eclipse.pde.ui-20120509-1450,(default package),X,Unutilized Abstraction
eclipse.pde.ui-20120509-1450,(default package),X,Unutilized Abstraction
eclipse.pde.ui-20120509-1450,(default package),X,Unutilized Abstraction
eclipse.pde.ui-20120509-1450,(default package),X,Unutilized Abstraction
eclipse.pde.ui-20120509-1450,(default package),X,Unutilized Abstraction
eclipse.pde.ui-20120509-1450,(default package),X,Unutilized Abstraction
eclipse.pde.ui-20120509-1450,(default package),X,Unutilized Abstraction
eclipse.pde.ui-20120509-1450,(default package),X,Unutilized Abstraction
eclipse.pde.ui-20120509-1450,(default package),X,Unutilized Abstraction
eclipse.pde.ui-20120509-1450,(default package),X,Unnecessary Abstraction
eclipse.pde.ui-20120509-1450,(default package),X,Unutilized Abstraction
eclipse.pde.ui-20120509-1450,(default package),X,Unutilized Abstraction
eclipse.pde.ui-20120509-1450,(default package),X,Unutilized Abstraction
eclipse.pde.ui-20120509-1450,(default package),X,Unutilized Abstraction
eclipse.pde.ui-20120509-1450,(default package),X,Unnecessary Abstraction
eclipse.pde.ui-20120509-1450,(default package),X,Unutilized Abstraction
eclipse.pde.ui-20120509-1450,(default package),X,Unutilized Abstraction
eclipse.pde.ui-20120509-1450,(default package),X,Unnecessary Abstraction
eclipse.pde.ui-20120509-1450,(default package),X,Unutilized Abstraction
eclipse.pde.ui-20120509-1450,(default package),X,Unutilized Abstraction
eclipse.pde.ui-20120509-1450,(default package),X,Unnecessary Abstraction
eclipse.pde.ui-20120509-1450,(default package),X,Unutilized Abstraction
eclipse.pde.ui-20120509-1450,(default package),X,Unutilized Abstraction
eclipse.pde.ui-20120509-1450,(default package),X,Unnecessary Abstraction
eclipse.pde.ui-20120509-1450,(default package),X,Unutilized Abstraction
eclipse.pde.ui-20120509-1450,(default package),X,Unutilized Abstraction
eclipse.pde.ui-20120509-1450,(default package),X,Unutilized Abstraction
eclipse.pde.ui-20120509-1450,(default package),X,Unutilized Abstraction
eclipse.pde.ui-20120509-1450,(default package),Y,Unutilized Abstraction
eclipse.pde.ui-20120509-1450,(default package),X,Unnecessary Abstraction
eclipse.pde.ui-20120509-1450,(default package),X,Unutilized Abstraction
eclipse.pde.ui-20120509-1450,(default package),Y,Unutilized Abstraction
eclipse.pde.ui-20120509-1450,(default package),X,Unutilized Abstraction
eclipse.pde.ui-20120509-1450,(default package),Y,Unutilized Abstraction
eclipse.pde.ui-20120509-1450,(default package),X,Unnecessary Abstraction
eclipse.pde.ui-20120509-1450,(default package),X,Unutilized Abstraction
eclipse.pde.ui-20120509-1450,(default package),Y,Unutilized Abstraction
eclipse.pde.ui-20120509-1450,(default package),X,Unutilized Abstraction
eclipse.pde.ui-20120509-1450,(default package),X,Unnecessary Abstraction
eclipse.pde.ui-20120509-1450,(default package),X,Unutilized Abstraction
eclipse.pde.ui-20120509-1450,(default package),X,Unutilized Abstraction
eclipse.pde.ui-20120509-1450,(default package),Y,Unnecessary Abstraction
eclipse.pde.ui-20120509-1450,(default package),Y,Unutilized Abstraction
eclipse.pde.ui-20120509-1450,(default package),X,Unnecessary Abstraction
eclipse.pde.ui-20120509-1450,(default package),X,Unutilized Abstraction
eclipse.pde.ui-20120509-1450,(default package),Y,Unnecessary Abstraction
eclipse.pde.ui-20120509-1450,(default package),Y,Unutilized Abstraction
eclipse.pde.ui-20120509-1450,(default package),X,Unutilized Abstraction
eclipse.pde.ui-20120509-1450,(default package),X,Unutilized Abstraction
eclipse.pde.ui-20120509-1450,(default package),X,Unutilized Abstraction
eclipse.pde.ui-20120509-1450,(default package),X,Unutilized Abstraction
eclipse.pde.ui-20120509-1450,(default package),X,Unutilized Abstraction
eclipse.pde.ui-20120509-1450,(default package),X,Unutilized Abstraction
eclipse.pde.ui-20120509-1450,(default package),X,Unutilized Abstraction
eclipse.pde.ui-20120509-1450,(default package),Y,Unnecessary Abstraction
eclipse.pde.ui-20120509-1450,(default package),Y,Unutilized Abstraction
eclipse.pde.ui-20120509-1450,(default package),X,Unnecessary Abstraction
eclipse.pde.ui-20120509-1450,(default package),X,Unutilized Abstraction
eclipse.pde.ui-20120509-1450,(default package),Y,Unnecessary Abstraction
eclipse.pde.ui-20120509-1450,(default package),Y,Unutilized Abstraction
eclipse.pde.ui-20120509-1450,(default package),I,Unutilized Abstraction
eclipse.pde.ui-20120509-1450,(default package),J,Unutilized Abstraction
eclipse.pde.ui-20120509-1450,(default package),I,Unnecessary Abstraction
eclipse.pde.ui-20120509-1450,(default package),I,Unutilized Abstraction
eclipse.pde.ui-20120509-1450,(default package),J,Unutilized Abstraction
eclipse.pde.ui-20120509-1450,(default package),X,Unutilized Abstraction
eclipse.pde.ui-20120509-1450,(default package),X,Unutilized Abstraction
eclipse.pde.ui-20120509-1450,(default package),X,Unutilized Abstraction
eclipse.pde.ui-20120509-1450,(default package),X,Unutilized Abstraction
eclipse.pde.ui-20120509-1450,(default package),X,Unutilized Abstraction
eclipse.pde.ui-20120509-1450,(default package),X,Unnecessary Abstraction
eclipse.pde.ui-20120509-1450,(default package),X,Unutilized Abstraction
eclipse.pde.ui-20120509-1450,(default package),X,Unutilized Abstraction
eclipse.pde.ui-20120509-1450,(default package),X,Unnecessary Abstraction
eclipse.pde.ui-20120509-1450,(default package),X,Unutilized Abstraction
eclipse.pde.ui-20120509-1450,(default package),X,Unutilized Abstraction
eclipse.pde.ui-20120509-1450,(default package),X,Unutilized Abstraction
eclipse.pde.ui-20120509-1450,(default package),X,Unutilized Abstraction
eclipse.pde.ui-20120509-1450,(default package),X,Unutilized Abstraction
eclipse.pde.ui-20120509-1450,(default package),X,Unutilized Abstraction
eclipse.pde.ui-20120509-1450,(default package),X,Unutilized Abstraction
eclipse.pde.ui-20120509-1450,(default package),X,Unutilized Abstraction
eclipse.pde.ui-20120509-1450,(default package),X,Unutilized Abstraction
eclipse.pde.ui-20120509-1450,(default package),X,Unutilized Abstraction
eclipse.pde.ui-20120509-1450,(default package),X,Unutilized Abstraction
eclipse.pde.ui-20120509-1450,(default package),X,Unutilized Abstraction
eclipse.pde.ui-20120509-1450,(default package),X,Unutilized Abstraction
eclipse.pde.ui-20120509-1450,(default package),X,Unutilized Abstraction
eclipse.pde.ui-20120509-1450,(default package),X,Unutilized Abstraction
eclipse.pde.ui-20120509-1450,(default package),X,Unnecessary Abstraction
eclipse.pde.ui-20120509-1450,(default package),X,Unutilized Abstraction
eclipse.pde.ui-20120509-1450,(default package),X,Unnecessary Abstraction
eclipse.pde.ui-20120509-1450,(default package),X,Unutilized Abstraction
eclipse.pde.ui-20120509-1450,(default package),X,Unnecessary Abstraction
eclipse.pde.ui-20120509-1450,(default package),X,Unutilized Abstraction
eclipse.pde.ui-20120509-1450,(default package),X,Unnecessary Abstraction
eclipse.pde.ui-20120509-1450,(default package),X,Unutilized Abstraction
eclipse.pde.ui-20120509-1450,(default package),X,Unnecessary Abstraction
eclipse.pde.ui-20120509-1450,(default package),X,Unutilized Abstraction
eclipse.pde.ui-20120509-1450,(default package),X,Unnecessary Abstraction
eclipse.pde.ui-20120509-1450,(default package),X,Unutilized Abstraction
eclipse.pde.ui-20120509-1450,(default package),X,Unnecessary Abstraction
eclipse.pde.ui-20120509-1450,(default package),X,Unutilized Abstraction
eclipse.pde.ui-20120509-1450,(default package),X,Unnecessary Abstraction
eclipse.pde.ui-20120509-1450,(default package),X,Unutilized Abstraction
eclipse.pde.ui-20120509-1450,(default package),X,Unnecessary Abstraction
eclipse.pde.ui-20120509-1450,(default package),X,Unutilized Abstraction
eclipse.pde.ui-20120509-1450,(default package),X,Unnecessary Abstraction
eclipse.pde.ui-20120509-1450,(default package),X,Unutilized Abstraction
eclipse.pde.ui-20120509-1450,(default package),X,Unnecessary Abstraction
eclipse.pde.ui-20120509-1450,(default package),X,Unutilized Abstraction
eclipse.pde.ui-20120509-1450,(default package),X,Unnecessary Abstraction
eclipse.pde.ui-20120509-1450,(default package),X,Unutilized Abstraction
eclipse.pde.ui-20120509-1450,(default package),X,Unutilized Abstraction
eclipse.pde.ui-20120509-1450,(default package),X,Unutilized Abstraction
eclipse.pde.ui-20120509-1450,(default package),X,Unnecessary Abstraction
eclipse.pde.ui-20120509-1450,(default package),X,Unutilized Abstraction
eclipse.pde.ui-20120509-1450,(default package),X,Unnecessary Abstraction
eclipse.pde.ui-20120509-1450,(default package),X,Unutilized Abstraction
eclipse.pde.ui-20120509-1450,(default package),X,Unnecessary Abstraction
eclipse.pde.ui-20120509-1450,(default package),X,Unutilized Abstraction
eclipse.pde.ui-20120509-1450,(default package),X,Unnecessary Abstraction
eclipse.pde.ui-20120509-1450,(default package),X,Unutilized Abstraction
eclipse.pde.ui-20120509-1450,(default package),X,Unutilized Abstraction
eclipse.pde.ui-20120509-1450,(default package),X,Unutilized Abstraction
eclipse.pde.ui-20120509-1450,(default package),X,Unutilized Abstraction
eclipse.pde.ui-20120509-1450,(default package),X,Unutilized Abstraction
eclipse.pde.ui-20120509-1450,(default package),X,Unutilized Abstraction
eclipse.pde.ui-20120509-1450,(default package),X,Unutilized Abstraction
eclipse.pde.ui-20120509-1450,(default package),X,Unnecessary Abstraction
eclipse.pde.ui-20120509-1450,(default package),X,Unutilized Abstraction
eclipse.pde.ui-20120509-1450,(default package),X,Unnecessary Abstraction
eclipse.pde.ui-20120509-1450,(default package),X,Unutilized Abstraction
eclipse.pde.ui-20120509-1450,(default package),X,Unnecessary Abstraction
eclipse.pde.ui-20120509-1450,(default package),X,Unutilized Abstraction
eclipse.pde.ui-20120509-1450,(default package),X,Unnecessary Abstraction
eclipse.pde.ui-20120509-1450,(default package),X,Unutilized Abstraction
eclipse.pde.ui-20120509-1450,(default package),X,Unnecessary Abstraction
eclipse.pde.ui-20120509-1450,(default package),X,Unutilized Abstraction
eclipse.pde.ui-20120509-1450,(default package),X,Unnecessary Abstraction
eclipse.pde.ui-20120509-1450,(default package),X,Unutilized Abstraction
eclipse.pde.ui-20120509-1450,(default package),X,Unnecessary Abstraction
eclipse.pde.ui-20120509-1450,(default package),X,Unutilized Abstraction
eclipse.pde.ui-20120509-1450,(default package),X,Unnecessary Abstraction
eclipse.pde.ui-20120509-1450,(default package),X,Unutilized Abstraction
eclipse.pde.ui-20120509-1450,(default package),X,Unnecessary Abstraction
eclipse.pde.ui-20120509-1450,(default package),X,Unutilized Abstraction
eclipse.pde.ui-20120509-1450,(default package),X,Unnecessary Abstraction
eclipse.pde.ui-20120509-1450,(default package),X,Unutilized Abstraction
eclipse.pde.ui-20120509-1450,(default package),X,Unnecessary Abstraction
eclipse.pde.ui-20120509-1450,(default package),X,Unutilized Abstraction
eclipse.pde.ui-20120509-1450,(default package),X,Deficient Encapsulation
eclipse.pde.ui-20120509-1450,(default package),X,Unnecessary Abstraction
eclipse.pde.ui-20120509-1450,(default package),X,Unutilized Abstraction
eclipse.pde.ui-20120509-1450,(default package),X,Deficient Encapsulation
eclipse.pde.ui-20120509-1450,(default package),X,Unutilized Abstraction
eclipse.pde.ui-20120509-1450,(default package),X2,Unutilized Abstraction
eclipse.pde.ui-20120509-1450,c,classref,Unnecessary Abstraction
eclipse.pde.ui-20120509-1450,c,classref,Unnecessary Abstraction
eclipse.pde.ui-20120509-1450,c,classref,Unutilized Abstraction
eclipse.pde.ui-20120509-1450,c,classref,Unnecessary Abstraction
eclipse.pde.ui-20120509-1450,c,classref,Unutilized Abstraction
eclipse.pde.ui-20120509-1450,c,classref,Unnecessary Abstraction
eclipse.pde.ui-20120509-1450,c,classref,Unutilized Abstraction
eclipse.pde.ui-20120509-1450,c,classref,Unnecessary Abstraction
eclipse.pde.ui-20120509-1450,c,classref,Unutilized Abstraction
eclipse.pde.ui-20120509-1450,c,classref,Unnecessary Abstraction
eclipse.pde.ui-20120509-1450,c,classref,Unutilized Abstraction
eclipse.pde.ui-20120509-1450,c,TryWithResourcesClass,Unutilized Abstraction
eclipse.pde.ui-20120509-1450,c,BaseImpl1,Unnecessary Abstraction
eclipse.pde.ui-20120509-1450,c,BaseImpl1,Unutilized Abstraction
eclipse.pde.ui-20120509-1450,c,BaseImpl1_2_3_4,Unnecessary Abstraction
eclipse.pde.ui-20120509-1450,c,BaseImpl1_2_3_4,Unutilized Abstraction
eclipse.pde.ui-20120509-1450,c,BaseImpl2,Unnecessary Abstraction
eclipse.pde.ui-20120509-1450,c,BaseImpl2,Unutilized Abstraction
eclipse.pde.ui-20120509-1450,c,BaseImpl3,Unnecessary Abstraction
eclipse.pde.ui-20120509-1450,c,BaseImpl3,Unutilized Abstraction
eclipse.pde.ui-20120509-1450,c,BaseImplExt,Unnecessary Abstraction
eclipse.pde.ui-20120509-1450,c,BaseImplExt,Unutilized Abstraction
eclipse.pde.ui-20120509-1450,c,ClassUsageClass,Unnecessary Abstraction
eclipse.pde.ui-20120509-1450,c,inner,Unnecessary Abstraction
eclipse.pde.ui-20120509-1450,c,inner,Unutilized Abstraction
eclipse.pde.ui-20120509-1450,c,outer,Unnecessary Abstraction
eclipse.pde.ui-20120509-1450,c,outer,Unutilized Abstraction
eclipse.pde.ui-20120509-1450,c,GenericClassUsageClass,Unnecessary Abstraction
eclipse.pde.ui-20120509-1450,c,MultipleThrowableClass,Deficient Encapsulation
eclipse.pde.ui-20120509-1450,c,ExceptionA,Unnecessary Abstraction
eclipse.pde.ui-20120509-1450,c,ExceptionB,Unnecessary Abstraction
eclipse.pde.ui-20120509-1450,c,ExceptionB,Unutilized Abstraction
eclipse.pde.ui-20120509-1450,c,NoExtendC,Unnecessary Abstraction
eclipse.pde.ui-20120509-1450,c,NoExtendC,Unutilized Abstraction
eclipse.pde.ui-20120509-1450,c,NoInstantiateC,Unnecessary Abstraction
eclipse.pde.ui-20120509-1450,c,NoInstantiateC,Unutilized Abstraction
eclipse.pde.ui-20120509-1450,i,interref,Unnecessary Abstraction
eclipse.pde.ui-20120509-1450,i,interref,Unutilized Abstraction
eclipse.pde.ui-20120509-1450,i,interref,Unnecessary Abstraction
eclipse.pde.ui-20120509-1450,i,interref,Unutilized Abstraction
eclipse.pde.ui-20120509-1450,i,interref,Unnecessary Abstraction
eclipse.pde.ui-20120509-1450,i,interref,Unutilized Abstraction
eclipse.pde.ui-20120509-1450,i,interref,Unnecessary Abstraction
eclipse.pde.ui-20120509-1450,i,interref,Unutilized Abstraction
eclipse.pde.ui-20120509-1450,i,interref,Unnecessary Abstraction
eclipse.pde.ui-20120509-1450,i,interref,Unutilized Abstraction
eclipse.pde.ui-20120509-1450,i,interref,Unnecessary Abstraction
eclipse.pde.ui-20120509-1450,i,interref,Unutilized Abstraction
eclipse.pde.ui-20120509-1450,i,IExtInterface1,Unnecessary Abstraction
eclipse.pde.ui-20120509-1450,i,IExtInterface1,Unutilized Abstraction
eclipse.pde.ui-20120509-1450,i,IExtInterface2,Unnecessary Abstraction
eclipse.pde.ui-20120509-1450,i,IExtInterface2,Unutilized Abstraction
eclipse.pde.ui-20120509-1450,i,IExtInterface3,Unnecessary Abstraction
eclipse.pde.ui-20120509-1450,i,IExtInterface3,Unutilized Abstraction
eclipse.pde.ui-20120509-1450,i,IExtInterface4,Unnecessary Abstraction
eclipse.pde.ui-20120509-1450,i,IExtInterface4,Unutilized Abstraction
eclipse.pde.ui-20120509-1450,i,IExtInterface5,Unnecessary Abstraction
eclipse.pde.ui-20120509-1450,i,IExtInterface5,Unutilized Abstraction
eclipse.pde.ui-20120509-1450,i,INoImpl1,Unnecessary Abstraction
eclipse.pde.ui-20120509-1450,i,INoImpl1,Unutilized Abstraction
eclipse.pde.ui-20120509-1450,i,INoImpl2,Unnecessary Abstraction
eclipse.pde.ui-20120509-1450,i,INoImpl2,Unutilized Abstraction
eclipse.pde.ui-20120509-1450,i,INoImpl3,Unnecessary Abstraction
eclipse.pde.ui-20120509-1450,i,INoImpl3,Unutilized Abstraction
eclipse.pde.ui-20120509-1450,i,INoImpl4,Unnecessary Abstraction
eclipse.pde.ui-20120509-1450,i,INoImpl4,Unutilized Abstraction
eclipse.pde.ui-20120509-1450,i,INoImpl5,Unnecessary Abstraction
eclipse.pde.ui-20120509-1450,i,INoImpl5,Unutilized Abstraction
eclipse.pde.ui-20120509-1450,i,INoImpl6,Unnecessary Abstraction
eclipse.pde.ui-20120509-1450,i,INoImpl6,Unutilized Abstraction
eclipse.pde.ui-20120509-1450,i,InterfaceUsageInterface,Unnecessary Abstraction
eclipse.pde.ui-20120509-1450,i,Iinner,Unnecessary Abstraction
eclipse.pde.ui-20120509-1450,i,Iinner,Unutilized Abstraction
eclipse.pde.ui-20120509-1450,i,InterfaceUsageInterface2,Unnecessary Abstraction
eclipse.pde.ui-20120509-1450,i,Iinner,Unnecessary Abstraction
eclipse.pde.ui-20120509-1450,i,Iinner,Unutilized Abstraction
eclipse.pde.ui-20120509-1450,i,NoExtendI,Unnecessary Abstraction
eclipse.pde.ui-20120509-1450,i,NoExtendI,Unutilized Abstraction
eclipse.pde.ui-20120509-1450,pack.multi.part,mpClassRef,Unnecessary Abstraction
eclipse.pde.ui-20120509-1450,pack.multi.part,mpClassRef,Unnecessary Abstraction
eclipse.pde.ui-20120509-1450,pack.multi.part,mpClassRef,Unutilized Abstraction
eclipse.pde.ui-20120509-1450,pack.multi.part,mpClassRef,Unnecessary Abstraction
eclipse.pde.ui-20120509-1450,pack.multi.part,mpClassRef,Unutilized Abstraction
eclipse.pde.ui-20120509-1450,pack.multi.part,mpClassRef,Unnecessary Abstraction
eclipse.pde.ui-20120509-1450,pack.multi.part,mpClassRef,Unutilized Abstraction
eclipse.pde.ui-20120509-1450,m,constref,Unutilized Abstraction
eclipse.pde.ui-20120509-1450,m,constref,Unutilized Abstraction
eclipse.pde.ui-20120509-1450,m,methodref,Unutilized Abstraction
eclipse.pde.ui-20120509-1450,m,methodref,Unutilized Abstraction
eclipse.pde.ui-20120509-1450,m,methodref,Unutilized Abstraction
eclipse.pde.ui-20120509-1450,m,ConstNoRef,Unutilized Abstraction
eclipse.pde.ui-20120509-1450,m,inner,Unutilized Abstraction
eclipse.pde.ui-20120509-1450,m,inner2,Unutilized Abstraction
eclipse.pde.ui-20120509-1450,m,outer2,Unutilized Abstraction
eclipse.pde.ui-20120509-1450,m,inner,Unutilized Abstraction
eclipse.pde.ui-20120509-1450,m,inner2,Unutilized Abstraction
eclipse.pde.ui-20120509-1450,m,outer,Unutilized Abstraction
eclipse.pde.ui-20120509-1450,m,MethodUsageImpl,Unutilized Abstraction
eclipse.pde.ui-20120509-1450,f,fieldref,Unnecessary Abstraction
eclipse.pde.ui-20120509-1450,f,fieldref,Deficient Encapsulation
eclipse.pde.ui-20120509-1450,f,fieldref,Unnecessary Abstraction
eclipse.pde.ui-20120509-1450,f,fieldref,Unutilized Abstraction
eclipse.pde.ui-20120509-1450,f,fieldref,Deficient Encapsulation
eclipse.pde.ui-20120509-1450,f,FieldUsageClass,Deficient Encapsulation
eclipse.pde.ui-20120509-1450,f,FieldUsageClass,Broken Modularization
eclipse.pde.ui-20120509-1450,f,inner,Unnecessary Abstraction
eclipse.pde.ui-20120509-1450,f,inner,Unutilized Abstraction
eclipse.pde.ui-20120509-1450,f,inner,Deficient Encapsulation
eclipse.pde.ui-20120509-1450,f,FieldUsageInterface,Unnecessary Abstraction
eclipse.pde.ui-20120509-1450,f,FieldUsageInterface,Deficient Encapsulation
eclipse.pde.ui-20120509-1450,f,FieldUsageInterface,Broken Modularization
eclipse.pde.ui-20120509-1450,classes,Test1,Unnecessary Abstraction
eclipse.pde.ui-20120509-1450,classes,Test1,Unutilized Abstraction
eclipse.pde.ui-20120509-1450,classes,Test10,Unutilized Abstraction
eclipse.pde.ui-20120509-1450,classes,Test11,Unutilized Abstraction
eclipse.pde.ui-20120509-1450,classes,Test12,Unutilized Abstraction
eclipse.pde.ui-20120509-1450,classes,Test13,Unutilized Abstraction
eclipse.pde.ui-20120509-1450,classes,Test13,Broken Hierarchy
eclipse.pde.ui-20120509-1450,classes,Super,Unutilized Abstraction
eclipse.pde.ui-20120509-1450,classes,Test2,Unnecessary Abstraction
eclipse.pde.ui-20120509-1450,classes,Test2,Unutilized Abstraction
eclipse.pde.ui-20120509-1450,classes,Test3,Unnecessary Abstraction
eclipse.pde.ui-20120509-1450,classes,Test3,Unutilized Abstraction
eclipse.pde.ui-20120509-1450,classes,Inner,Unnecessary Abstraction
eclipse.pde.ui-20120509-1450,classes,Inner,Unutilized Abstraction
eclipse.pde.ui-20120509-1450,classes,Inner2,Unnecessary Abstraction
eclipse.pde.ui-20120509-1450,classes,Inner2,Unutilized Abstraction
eclipse.pde.ui-20120509-1450,classes,Inner3,Unnecessary Abstraction
eclipse.pde.ui-20120509-1450,classes,Inner3,Unutilized Abstraction
eclipse.pde.ui-20120509-1450,classes,Test3Outer,Unnecessary Abstraction
eclipse.pde.ui-20120509-1450,classes,Test3Outer,Unutilized Abstraction
eclipse.pde.ui-20120509-1450,classes,Inner,Unnecessary Abstraction
eclipse.pde.ui-20120509-1450,classes,Inner,Unutilized Abstraction
eclipse.pde.ui-20120509-1450,classes,Test4,Unnecessary Abstraction
eclipse.pde.ui-20120509-1450,classes,Test4,Unutilized Abstraction
eclipse.pde.ui-20120509-1450,classes,Inner,Unnecessary Abstraction
eclipse.pde.ui-20120509-1450,classes,Inner,Unutilized Abstraction
eclipse.pde.ui-20120509-1450,classes,Inner2,Unnecessary Abstraction
eclipse.pde.ui-20120509-1450,classes,Inner2,Unutilized Abstraction
eclipse.pde.ui-20120509-1450,classes,Inner2,Unnecessary Abstraction
eclipse.pde.ui-20120509-1450,classes,Inner2,Unutilized Abstraction
eclipse.pde.ui-20120509-1450,classes,Test4Outer,Unnecessary Abstraction
eclipse.pde.ui-20120509-1450,classes,Test4Outer,Unutilized Abstraction
eclipse.pde.ui-20120509-1450,classes,Inner,Unnecessary Abstraction
eclipse.pde.ui-20120509-1450,classes,Inner,Unutilized Abstraction
eclipse.pde.ui-20120509-1450,classes,Test5,Unnecessary Abstraction
eclipse.pde.ui-20120509-1450,classes,Test5,Unutilized Abstraction
eclipse.pde.ui-20120509-1450,classes,ITest5,Unnecessary Abstraction
eclipse.pde.ui-20120509-1450,classes,ITest5,Unutilized Abstraction
eclipse.pde.ui-20120509-1450,classes,Test6,Unutilized Abstraction
eclipse.pde.ui-20120509-1450,classes,Test6,Broken Hierarchy
eclipse.pde.ui-20120509-1450,classes,Test6Abstract,Unnecessary Abstraction
eclipse.pde.ui-20120509-1450,classes,Test6Abstract,Unutilized Abstraction
eclipse.pde.ui-20120509-1450,classes,Test7,Unutilized Abstraction
eclipse.pde.ui-20120509-1450,classes,Test8,Unutilized Abstraction
eclipse.pde.ui-20120509-1450,classes,Test8Outer,Unnecessary Abstraction
eclipse.pde.ui-20120509-1450,classes,Test8Outer,Unutilized Abstraction
eclipse.pde.ui-20120509-1450,classes,Test9,Unutilized Abstraction
eclipse.pde.ui-20120509-1450,classes,Test9,Deficient Encapsulation
eclipse.pde.ui-20120509-1450,javadoc,JavadocTestClass1,Unnecessary Abstraction
eclipse.pde.ui-20120509-1450,javadoc,JavadocTestClass1,Unutilized Abstraction
eclipse.pde.ui-20120509-1450,javadoc,JavadocTestClass2,Unnecessary Abstraction
eclipse.pde.ui-20120509-1450,javadoc,JavadocTestClass2,Unutilized Abstraction
eclipse.pde.ui-20120509-1450,javadoc,Inner,Unnecessary Abstraction
eclipse.pde.ui-20120509-1450,javadoc,Inner,Unutilized Abstraction
eclipse.pde.ui-20120509-1450,javadoc,JavadocTestClass3,Unutilized Abstraction
eclipse.pde.ui-20120509-1450,javadoc,JavadocTestClass4,Unnecessary Abstraction
eclipse.pde.ui-20120509-1450,javadoc,JavadocTestClass4,Unutilized Abstraction
eclipse.pde.ui-20120509-1450,javadoc,JavadocTestClass4,Deficient Encapsulation
eclipse.pde.ui-20120509-1450,javadoc,JavadocTestClass5,Unnecessary Abstraction
eclipse.pde.ui-20120509-1450,javadoc,JavadocTestClass5,Unutilized Abstraction
eclipse.pde.ui-20120509-1450,javadoc,JavadocTestClass5,Deficient Encapsulation
eclipse.pde.ui-20120509-1450,javadoc,Inner,Unnecessary Abstraction
eclipse.pde.ui-20120509-1450,javadoc,Inner,Unutilized Abstraction
eclipse.pde.ui-20120509-1450,javadoc,Inner,Deficient Encapsulation
eclipse.pde.ui-20120509-1450,javadoc,Inner2,Unnecessary Abstraction
eclipse.pde.ui-20120509-1450,javadoc,Inner2,Unutilized Abstraction
eclipse.pde.ui-20120509-1450,javadoc,Inner2,Deficient Encapsulation
eclipse.pde.ui-20120509-1450,javadoc,JavadocTestClass6,Unutilized Abstraction
eclipse.pde.ui-20120509-1450,javadoc,Inner,Unutilized Abstraction
eclipse.pde.ui-20120509-1450,javadoc,Inner2,Unutilized Abstraction
eclipse.pde.ui-20120509-1450,javadoc,JavadocTestClass7,Unutilized Abstraction
eclipse.pde.ui-20120509-1450,javadoc,JavadocTestClass7,Deficient Encapsulation
eclipse.pde.ui-20120509-1450,javadoc,JavadocTestClass8,Unutilized Abstraction
eclipse.pde.ui-20120509-1450,x,C1,Unnecessary Abstraction
eclipse.pde.ui-20120509-1450,x,C1,Unutilized Abstraction
eclipse.pde.ui-20120509-1450,x,C2,Unnecessary Abstraction
eclipse.pde.ui-20120509-1450,x,C2,Unutilized Abstraction
eclipse.pde.ui-20120509-1450,x.y,C3,Unutilized Abstraction
eclipse.pde.ui-20120509-1450,p.internal,X2,Unnecessary Abstraction
eclipse.pde.ui-20120509-1450,p.internal,X2,Unutilized Abstraction
eclipse.pde.ui-20120509-1450,p.internal,Y,Unutilized Abstraction
eclipse.pde.ui-20120509-1450,p.internal,Y,Unnecessary Abstraction
eclipse.pde.ui-20120509-1450,p.internal,Y,Unutilized Abstraction
eclipse.pde.ui-20120509-1450,internal.p,Z,Unnecessary Abstraction
eclipse.pde.ui-20120509-1450,internal.p,Z,Unutilized Abstraction
eclipse.pde.ui-20120509-1450,internal.p,Y,Unnecessary Abstraction
eclipse.pde.ui-20120509-1450,internal.p,Y,Unutilized Abstraction
eclipse.pde.ui-20120509-1450,internal.p,Y,Unnecessary Abstraction
eclipse.pde.ui-20120509-1450,internal.p,Y,Unutilized Abstraction
eclipse.pde.ui-20120509-1450,internal.p,Z,Unnecessary Abstraction
eclipse.pde.ui-20120509-1450,internal.p,Z,Unutilized Abstraction
eclipse.pde.ui-20120509-1450,internal.p,Y,Unnecessary Abstraction
eclipse.pde.ui-20120509-1450,internal.p,Y,Unutilized Abstraction
eclipse.pde.ui-20120509-1450,internal.p,Z,Unnecessary Abstraction
eclipse.pde.ui-20120509-1450,internal.p,Z,Unutilized Abstraction
eclipse.pde.ui-20120509-1450,internal.p,Y,Unnecessary Abstraction
eclipse.pde.ui-20120509-1450,internal.p,Y,Unutilized Abstraction
eclipse.pde.ui-20120509-1450,internal.p,Y,Unnecessary Abstraction
eclipse.pde.ui-20120509-1450,internal.p,Y,Unutilized Abstraction
eclipse.pde.ui-20120509-1450,internal.p,Y,Unnecessary Abstraction
eclipse.pde.ui-20120509-1450,internal.p,Y,Unutilized Abstraction
eclipse.pde.ui-20120509-1450,internal.p,Y,Unutilized Abstraction
eclipse.pde.ui-20120509-1450,internal.p,I,Unnecessary Abstraction
eclipse.pde.ui-20120509-1450,internal.p,I,Unutilized Abstraction
eclipse.pde.ui-20120509-1450,internal.p,I,Unnecessary Abstraction
eclipse.pde.ui-20120509-1450,internal.p,I,Unutilized Abstraction
eclipse.pde.ui-20120509-1450,internal.p,X,Unnecessary Abstraction
eclipse.pde.ui-20120509-1450,internal.p,X,Unutilized Abstraction
eclipse.pde.ui-20120509-1450,internal.p,X,Unnecessary Abstraction
eclipse.pde.ui-20120509-1450,internal.p,X,Unutilized Abstraction
eclipse.pde.ui-20120509-1450,internal.p,X,Unnecessary Abstraction
eclipse.pde.ui-20120509-1450,internal.p,X,Unutilized Abstraction
eclipse.pde.ui-20120509-1450,internal.p,B,Unnecessary Abstraction
eclipse.pde.ui-20120509-1450,internal.p,B,Unutilized Abstraction
eclipse.pde.ui-20120509-1450,internal.p,X,Unnecessary Abstraction
eclipse.pde.ui-20120509-1450,internal.p,X,Unutilized Abstraction
eclipse.pde.ui-20120509-1450,internal.p,B,Unnecessary Abstraction
eclipse.pde.ui-20120509-1450,internal.p,B,Unutilized Abstraction
eclipse.pde.ui-20120509-1450,internal.p,X,Unnecessary Abstraction
eclipse.pde.ui-20120509-1450,internal.p,X,Unutilized Abstraction
eclipse.pde.ui-20120509-1450,internal.p,B,Unnecessary Abstraction
eclipse.pde.ui-20120509-1450,internal.p,B,Unutilized Abstraction
eclipse.pde.ui-20120509-1450,internal.p,X,Unnecessary Abstraction
eclipse.pde.ui-20120509-1450,internal.p,X,Unutilized Abstraction
eclipse.pde.ui-20120509-1450,internal.p,B,Unnecessary Abstraction
eclipse.pde.ui-20120509-1450,internal.p,B,Unutilized Abstraction
eclipse.pde.ui-20120509-1450,internal.p,X,Unnecessary Abstraction
eclipse.pde.ui-20120509-1450,internal.p,X,Unutilized Abstraction
eclipse.pde.ui-20120509-1450,internal.p,X,Unnecessary Abstraction
eclipse.pde.ui-20120509-1450,internal.p,X,Unutilized Abstraction
eclipse.pde.ui-20120509-1450,internal.p,Y,Unnecessary Abstraction
eclipse.pde.ui-20120509-1450,internal.p,Y,Unutilized Abstraction
eclipse.pde.ui-20120509-1450,internal.p,Y,Unnecessary Abstraction
eclipse.pde.ui-20120509-1450,internal.p,Y,Unutilized Abstraction
eclipse.pde.ui-20120509-1450,internal.p,X,Unnecessary Abstraction
eclipse.pde.ui-20120509-1450,internal.p,X,Unutilized Abstraction
eclipse.pde.ui-20120509-1450,internal.p,X,Unnecessary Abstraction
eclipse.pde.ui-20120509-1450,internal.p,X,Unutilized Abstraction
eclipse.pde.ui-20120509-1450,internal,Y,Unutilized Abstraction
eclipse.pde.ui-20120509-1450,internal,Y,Unutilized Abstraction
eclipse.pde.ui-20120509-1450,org.eclipse.pde.api.tools.ui.internal,ApiImageDescriptor,Deficient Encapsulation
eclipse.pde.ui-20120509-1450,org.eclipse.pde.api.tools.ui.internal,ApiImageDescriptor,Cyclic-Dependent Modularization
eclipse.pde.ui-20120509-1450,org.eclipse.pde.api.tools.ui.internal,ApiToolsLabelProvider,Unutilized Abstraction
eclipse.pde.ui-20120509-1450,org.eclipse.pde.api.tools.ui.internal,ApiUIPlugin,Deficient Encapsulation
eclipse.pde.ui-20120509-1450,org.eclipse.pde.api.tools.ui.internal,ApiUIPlugin,Cyclic-Dependent Modularization
eclipse.pde.ui-20120509-1450,org.eclipse.pde.api.tools.ui.internal,CompositeApiImageDescriptor,Deficient Encapsulation
eclipse.pde.ui-20120509-1450,org.eclipse.pde.api.tools.ui.internal,IApiToolsConstants,Deficient Encapsulation
eclipse.pde.ui-20120509-1450,org.eclipse.pde.api.tools.ui.internal,IApiToolsConstants,Broken Modularization
eclipse.pde.ui-20120509-1450,org.eclipse.pde.api.tools.ui.internal,IApiToolsHelpContextIds,Deficient Encapsulation
eclipse.pde.ui-20120509-1450,org.eclipse.pde.api.tools.ui.internal,IApiToolsHelpContextIds,Broken Modularization
eclipse.pde.ui-20120509-1450,org.eclipse.pde.api.tools.ui.internal,JavaElementActionFilter,Unutilized Abstraction
eclipse.pde.ui-20120509-1450,org.eclipse.pde.api.tools.ui.internal,Messages,Deficient Encapsulation
eclipse.pde.ui-20120509-1450,org.eclipse.pde.api.tools.ui.internal,SWTFactory,Insufficient Modularization
eclipse.pde.ui-20120509-1450,org.eclipse.pde.api.tools.ui.internal.actions,ActionMessages,Deficient Encapsulation
eclipse.pde.ui-20120509-1450,org.eclipse.pde.api.tools.ui.internal.actions,ApiToolingSetupObjectContribution,Unutilized Abstraction
eclipse.pde.ui-20120509-1450,org.eclipse.pde.api.tools.ui.internal.actions,CompareWithAction,Unutilized Abstraction
eclipse.pde.ui-20120509-1450,org.eclipse.pde.api.tools.ui.internal.actions,ConfigureProblemFiltersAction,Unutilized Abstraction
eclipse.pde.ui-20120509-1450,org.eclipse.pde.api.tools.ui.internal.actions,DeltaSession,Deficient Encapsulation
eclipse.pde.ui-20120509-1450,org.eclipse.pde.api.tools.ui.internal.actions,DeltaSession,Cyclic-Dependent Modularization
eclipse.pde.ui-20120509-1450,org.eclipse.pde.api.tools.ui.internal.actions,DeltaSession,Insufficient Modularization
eclipse.pde.ui-20120509-1450,org.eclipse.pde.api.tools.ui.internal.actions,TreeNode,Deficient Encapsulation
eclipse.pde.ui-20120509-1450,org.eclipse.pde.api.tools.ui.internal.actions,TreeNode,Cyclic-Dependent Modularization
eclipse.pde.ui-20120509-1450,org.eclipse.pde.api.tools.ui.internal.actions,TreeModel,Cyclic-Dependent Modularization
eclipse.pde.ui-20120509-1450,org.eclipse.pde.api.tools.ui.internal.actions,TreeBuilder,Unutilized Abstraction
eclipse.pde.ui-20120509-1450,org.eclipse.pde.api.tools.ui.internal.actions,ExpandAllAction,Cyclic-Dependent Modularization
eclipse.pde.ui-20120509-1450,org.eclipse.pde.api.tools.ui.internal.actions,ExportDialog,Cyclic-Dependent Modularization
eclipse.pde.ui-20120509-1450,org.eclipse.pde.api.tools.ui.internal.actions,ExportSessionAction,Cyclic-Dependent Modularization
eclipse.pde.ui-20120509-1450,org.eclipse.pde.api.tools.ui.internal.actions,NavigateAction,Cyclic-Dependent Modularization
eclipse.pde.ui-20120509-1450,org.eclipse.pde.api.tools.ui.internal.actions,RemoveActiveSessionAction,Unutilized Abstraction
eclipse.pde.ui-20120509-1450,org.eclipse.pde.api.tools.ui.internal.actions,RemoveAllSessionsAction,Unutilized Abstraction
eclipse.pde.ui-20120509-1450,org.eclipse.pde.api.tools.ui.internal.actions,SelectSessionAction,Unutilized Abstraction
eclipse.pde.ui-20120509-1450,org.eclipse.pde.api.tools.ui.internal.completion,APIToolsJavadocCompletionProposal,Unutilized Abstraction
eclipse.pde.ui-20120509-1450,org.eclipse.pde.api.tools.ui.internal.completion,APIToolsJavadocCompletionProposalComputer,Unutilized Abstraction
eclipse.pde.ui-20120509-1450,org.eclipse.pde.api.tools.ui.internal.completion,TagCollector,Unutilized Abstraction
eclipse.pde.ui-20120509-1450,org.eclipse.pde.api.tools.ui.internal.markers,DuplicateTagResolution,Unutilized Abstraction
eclipse.pde.ui-20120509-1450,org.eclipse.pde.api.tools.ui.internal.markers,FilterProblemResolution,Unutilized Abstraction
eclipse.pde.ui-20120509-1450,org.eclipse.pde.api.tools.ui.internal.markers,FilterProblemWithCommentResolution,Unutilized Abstraction
eclipse.pde.ui-20120509-1450,org.eclipse.pde.api.tools.ui.internal.markers,JavadocTagOperation,Unutilized Abstraction
eclipse.pde.ui-20120509-1450,org.eclipse.pde.api.tools.ui.internal.markers,MarkerMessages,Deficient Encapsulation
eclipse.pde.ui-20120509-1450,org.eclipse.pde.api.tools.ui.internal.markers,OpenPropertyPageResolution,Unutilized Abstraction
eclipse.pde.ui-20120509-1450,org.eclipse.pde.api.tools.ui.internal.markers,RemoveFilterProblemResolution,Unutilized Abstraction
eclipse.pde.ui-20120509-1450,org.eclipse.pde.api.tools.ui.internal.markers,SinceTagResolution,Unutilized Abstraction
eclipse.pde.ui-20120509-1450,org.eclipse.pde.api.tools.ui.internal.markers,UnsupportedTagResolution,Unutilized Abstraction
eclipse.pde.ui-20120509-1450,org.eclipse.pde.api.tools.ui.internal.markers,UpdateProjectSettingResolution,Unutilized Abstraction
eclipse.pde.ui-20120509-1450,org.eclipse.pde.api.tools.ui.internal.markers,VersionNumberingResolution,Unutilized Abstraction
eclipse.pde.ui-20120509-1450,org.eclipse.pde.api.tools.ui.internal.preferences,ApiBaselinePreferencePage,Deficient Encapsulation
eclipse.pde.ui-20120509-1450,org.eclipse.pde.api.tools.ui.internal.preferences,ApiBaselinePreferencePage,Cyclic-Dependent Modularization
eclipse.pde.ui-20120509-1450,org.eclipse.pde.api.tools.ui.internal.preferences,BaselineLabelProvider,Unutilized Abstraction
eclipse.pde.ui-20120509-1450,org.eclipse.pde.api.tools.ui.internal.preferences,ApiBaselinesConfigurationBlock,Cyclic-Dependent Modularization
eclipse.pde.ui-20120509-1450,org.eclipse.pde.api.tools.ui.internal.preferences,ApiErrorsWarningsConfigurationBlock,Deficient Encapsulation
eclipse.pde.ui-20120509-1450,org.eclipse.pde.api.tools.ui.internal.preferences,ApiErrorsWarningsConfigurationBlock,Insufficient Modularization
eclipse.pde.ui-20120509-1450,org.eclipse.pde.api.tools.ui.internal.preferences,ControlData,Unutilized Abstraction
eclipse.pde.ui-20120509-1450,org.eclipse.pde.api.tools.ui.internal.preferences,Key,Unutilized Abstraction
eclipse.pde.ui-20120509-1450,org.eclipse.pde.api.tools.ui.internal.preferences,SetAllSelectionAdapter,Unutilized Abstraction
eclipse.pde.ui-20120509-1450,org.eclipse.pde.api.tools.ui.internal.preferences,ApiErrorsWarningsPreferencePage,Deficient Encapsulation
eclipse.pde.ui-20120509-1450,org.eclipse.pde.api.tools.ui.internal.preferences,ApiUseScanConfigurationBlock,Unutilized Abstraction
eclipse.pde.ui-20120509-1450,org.eclipse.pde.api.tools.ui.internal.preferences,ApiUseScanConfigurationBlock,Insufficient Modularization
eclipse.pde.ui-20120509-1450,org.eclipse.pde.api.tools.ui.internal.preferences,ControlData,Unutilized Abstraction
eclipse.pde.ui-20120509-1450,org.eclipse.pde.api.tools.ui.internal.preferences,Key,Unutilized Abstraction
eclipse.pde.ui-20120509-1450,org.eclipse.pde.api.tools.ui.internal.preferences,ApiUseScanPreferencePage,Unutilized Abstraction
eclipse.pde.ui-20120509-1450,org.eclipse.pde.api.tools.ui.internal.preferences,ApiUseScanPreferencePage,Deficient Encapsulation
eclipse.pde.ui-20120509-1450,org.eclipse.pde.api.tools.ui.internal.preferences,TableColumnLabelProvider,Unutilized Abstraction
eclipse.pde.ui-20120509-1450,org.eclipse.pde.api.tools.ui.internal.preferences,PreferenceMessages,Deficient Encapsulation
eclipse.pde.ui-20120509-1450,org.eclipse.pde.api.tools.ui.internal.preferences,ApiJavaElementContentProvider,Unutilized Abstraction
eclipse.pde.ui-20120509-1450,org.eclipse.pde.api.tools.ui.internal.properties,ApiErrorsWarningsPropertyPage,Unutilized Abstraction
eclipse.pde.ui-20120509-1450,org.eclipse.pde.api.tools.ui.internal.properties,ApiFiltersPropertyPage,Unutilized Abstraction
eclipse.pde.ui-20120509-1450,org.eclipse.pde.api.tools.ui.internal.properties,CommentChange,Unutilized Abstraction
eclipse.pde.ui-20120509-1450,org.eclipse.pde.api.tools.ui.internal.properties,ApiFilterComparator,Unutilized Abstraction
eclipse.pde.ui-20120509-1450,org.eclipse.pde.api.tools.ui.internal.properties,TreeContentProvider,Unutilized Abstraction
eclipse.pde.ui-20120509-1450,org.eclipse.pde.api.tools.ui.internal.properties,PropertiesMessages,Deficient Encapsulation
eclipse.pde.ui-20120509-1450,org.eclipse.pde.api.tools.ui.internal.refactoring,FilterDeleteParticipant,Unutilized Abstraction
eclipse.pde.ui-20120509-1450,org.eclipse.pde.api.tools.ui.internal.refactoring,FilterMoveParticipant,Unutilized Abstraction
eclipse.pde.ui-20120509-1450,org.eclipse.pde.api.tools.ui.internal.refactoring,FilterRenameParticipant,Unutilized Abstraction
eclipse.pde.ui-20120509-1450,org.eclipse.pde.api.tools.ui.internal.refactoring,RefactoringMessages,Deficient Encapsulation
eclipse.pde.ui-20120509-1450,org.eclipse.pde.api.tools.ui.internal.refactoring,TypeFilterChange,Unutilized Abstraction
eclipse.pde.ui-20120509-1450,org.eclipse.pde.api.tools.ui.internal.refactoring,TypeFilterChange,Broken Hierarchy
eclipse.pde.ui-20120509-1450,org.eclipse.pde.api.tools.ui.internal.use,ApiUseLaunchDelegate,Deficient Encapsulation
eclipse.pde.ui-20120509-1450,org.eclipse.pde.api.tools.ui.internal.use,ApiUseLaunchDelegate,Cyclic-Dependent Modularization
eclipse.pde.ui-20120509-1450,org.eclipse.pde.api.tools.ui.internal.use,ApiUsePatternTab,Unutilized Abstraction
eclipse.pde.ui-20120509-1450,org.eclipse.pde.api.tools.ui.internal.use,Labels,Unutilized Abstraction
eclipse.pde.ui-20120509-1450,org.eclipse.pde.api.tools.ui.internal.use,RegexValidator,Unutilized Abstraction
eclipse.pde.ui-20120509-1450,org.eclipse.pde.api.tools.ui.internal.use,ApiUseScanJob,Cyclic-Dependent Modularization
eclipse.pde.ui-20120509-1450,org.eclipse.pde.api.tools.ui.internal.use,ApiUseScanTab,Unutilized Abstraction
eclipse.pde.ui-20120509-1450,org.eclipse.pde.api.tools.ui.internal.use,ApiUseScanTab,Insufficient Modularization
eclipse.pde.ui-20120509-1450,org.eclipse.pde.api.tools.ui.internal.use,ApiUseTabGroup,Unutilized Abstraction
eclipse.pde.ui-20120509-1450,org.eclipse.pde.api.tools.ui.internal.use,Messages,Deficient Encapsulation
eclipse.pde.ui-20120509-1450,org.eclipse.pde.api.tools.ui.internal.use,PatternElement,Unutilized Abstraction
eclipse.pde.ui-20120509-1450,org.eclipse.pde.api.tools.ui.internal.use,LP,Unutilized Abstraction
eclipse.pde.ui-20120509-1450,org.eclipse.pde.api.tools.ui.internal.views,APIToolingView,Deficient Encapsulation
eclipse.pde.ui-20120509-1450,org.eclipse.pde.api.tools.ui.internal.views,APIToolingView,Cyclic-Dependent Modularization
eclipse.pde.ui-20120509-1450,org.eclipse.pde.api.tools.ui.internal.views,APIToolingView,Insufficient Modularization
eclipse.pde.ui-20120509-1450,org.eclipse.pde.api.tools.ui.internal.views,ViewContentProvider,Unutilized Abstraction
eclipse.pde.ui-20120509-1450,org.eclipse.pde.api.tools.ui.internal.views,ViewLabelProvider,Unutilized Abstraction
eclipse.pde.ui-20120509-1450,org.eclipse.pde.api.tools.ui.internal.wizards,ApiBaselineWizard,Cyclic-Dependent Modularization
eclipse.pde.ui-20120509-1450,org.eclipse.pde.api.tools.ui.internal.wizards,ApiBaselineWizardPage,Cyclic-Dependent Modularization
eclipse.pde.ui-20120509-1450,org.eclipse.pde.api.tools.ui.internal.wizards,ApiBaselineWizardPage,Insufficient Modularization
eclipse.pde.ui-20120509-1450,org.eclipse.pde.api.tools.ui.internal.wizards,EEEntry,Unutilized Abstraction
eclipse.pde.ui-20120509-1450,org.eclipse.pde.api.tools.ui.internal.wizards,ContentProvider,Unutilized Abstraction
eclipse.pde.ui-20120509-1450,org.eclipse.pde.api.tools.ui.internal.wizards,ReloadOperation,Unutilized Abstraction
eclipse.pde.ui-20120509-1450,org.eclipse.pde.api.tools.ui.internal.wizards,ApiToolingSetupWizardPage,Unutilized Abstraction
eclipse.pde.ui-20120509-1450,org.eclipse.pde.api.tools.ui.internal.wizards,UpdateJob,Unutilized Abstraction
eclipse.pde.ui-20120509-1450,org.eclipse.pde.api.tools.ui.internal.wizards,CompareToBaselineWizardPage,Unutilized Abstraction
eclipse.pde.ui-20120509-1450,org.eclipse.pde.api.tools.ui.internal.wizards,ProjectUpdateChange,Unutilized Abstraction
eclipse.pde.ui-20120509-1450,org.eclipse.pde.api.tools.ui.internal.wizards,WizardMessages,Deficient Encapsulation
eclipse.pde.ui-20120509-1450,org.eclipse.pde.api.tools.internal,ApiAccess,Deficient Encapsulation
eclipse.pde.ui-20120509-1450,org.eclipse.pde.api.tools.internal,NormalAccess,Unutilized Abstraction
eclipse.pde.ui-20120509-1450,org.eclipse.pde.api.tools.internal,ApiAnnotations,Deficient Encapsulation
eclipse.pde.ui-20120509-1450,org.eclipse.pde.api.tools.internal,ApiBaselineManager,Deficient Encapsulation
eclipse.pde.ui-20120509-1450,org.eclipse.pde.api.tools.internal,ApiBaselineManager,Cyclic-Dependent Modularization
eclipse.pde.ui-20120509-1450,org.eclipse.pde.api.tools.internal,ApiDescription,Cyclic-Dependent Modularization
eclipse.pde.ui-20120509-1450,org.eclipse.pde.api.tools.internal,ApiDescription,Insufficient Modularization
eclipse.pde.ui-20120509-1450,org.eclipse.pde.api.tools.internal,ManifestNode,Cyclic-Dependent Modularization
eclipse.pde.ui-20120509-1450,org.eclipse.pde.api.tools.internal,ApiDescriptionManager,Deficient Encapsulation
eclipse.pde.ui-20120509-1450,org.eclipse.pde.api.tools.internal,ApiDescriptionManager,Cyclic-Dependent Modularization
eclipse.pde.ui-20120509-1450,org.eclipse.pde.api.tools.internal,ApiDescriptionProcessor,Cyclic-Dependent Modularization
eclipse.pde.ui-20120509-1450,org.eclipse.pde.api.tools.internal,ApiDescriptionProcessor,Insufficient Modularization
eclipse.pde.ui-20120509-1450,org.eclipse.pde.api.tools.internal,DescriptionVisitor,Cyclic-Dependent Modularization
eclipse.pde.ui-20120509-1450,org.eclipse.pde.api.tools.internal,ASTTagVisitor,Cyclic-Dependent Modularization
eclipse.pde.ui-20120509-1450,org.eclipse.pde.api.tools.internal,ApiFilterStore,Deficient Encapsulation
eclipse.pde.ui-20120509-1450,org.eclipse.pde.api.tools.internal,ApiFilterStore,Cyclic-Dependent Modularization
eclipse.pde.ui-20120509-1450,org.eclipse.pde.api.tools.internal,ApiFilterStore,Insufficient Modularization
eclipse.pde.ui-20120509-1450,org.eclipse.pde.api.tools.internal,ApiJavadocTag,Cyclic-Dependent Modularization
eclipse.pde.ui-20120509-1450,org.eclipse.pde.api.tools.internal,ApiPluginPreferenceInitializer,Unutilized Abstraction
eclipse.pde.ui-20120509-1450,org.eclipse.pde.api.tools.internal,CompositeApiDescription,Unutilized Abstraction
eclipse.pde.ui-20120509-1450,org.eclipse.pde.api.tools.internal,CoreMessages,Deficient Encapsulation
eclipse.pde.ui-20120509-1450,org.eclipse.pde.api.tools.internal,IApiCoreConstants,Deficient Encapsulation
eclipse.pde.ui-20120509-1450,org.eclipse.pde.api.tools.internal,IApiCoreConstants,Broken Modularization
eclipse.pde.ui-20120509-1450,org.eclipse.pde.api.tools.internal,IApiXmlConstants,Deficient Encapsulation
eclipse.pde.ui-20120509-1450,org.eclipse.pde.api.tools.internal,IApiXmlConstants,Broken Modularization
eclipse.pde.ui-20120509-1450,org.eclipse.pde.api.tools.internal,IApiXmlConstants,Cyclic-Dependent Modularization
eclipse.pde.ui-20120509-1450,org.eclipse.pde.api.tools.internal,JavadocTagManager,Cyclic-Dependent Modularization
eclipse.pde.ui-20120509-1450,org.eclipse.pde.api.tools.internal,NonApiProjectDescription,Unutilized Abstraction
eclipse.pde.ui-20120509-1450,org.eclipse.pde.api.tools.internal,NonApiProjectDescription,Broken Hierarchy
eclipse.pde.ui-20120509-1450,org.eclipse.pde.api.tools.internal,ProjectApiDescription,Deficient Encapsulation
eclipse.pde.ui-20120509-1450,org.eclipse.pde.api.tools.internal,ProjectApiDescription,Unexploited Encapsulation
eclipse.pde.ui-20120509-1450,org.eclipse.pde.api.tools.internal,ProjectApiDescription,Missing Hierarchy
eclipse.pde.ui-20120509-1450,org.eclipse.pde.api.tools.internal,ProjectApiDescription,Cyclic-Dependent Modularization
eclipse.pde.ui-20120509-1450,org.eclipse.pde.api.tools.internal,ProjectApiDescription,Insufficient Modularization
eclipse.pde.ui-20120509-1450,org.eclipse.pde.api.tools.internal,PackageNode,Unutilized Abstraction
eclipse.pde.ui-20120509-1450,org.eclipse.pde.api.tools.internal,TypeNode,Cyclic-Dependent Modularization
eclipse.pde.ui-20120509-1450,org.eclipse.pde.api.tools.internal,SessionManager,Unutilized Abstraction
eclipse.pde.ui-20120509-1450,org.eclipse.pde.api.tools.internal,WorkspaceDeltaProcessor,Cyclic-Dependent Modularization
eclipse.pde.ui-20120509-1450,org.eclipse.pde.api.tools.internal.builder,AbstractIllegalMethodReference,Unutilized Abstraction
eclipse.pde.ui-20120509-1450,org.eclipse.pde.api.tools.internal.builder,AbstractIllegalTypeReference,Unutilized Abstraction
eclipse.pde.ui-20120509-1450,org.eclipse.pde.api.tools.internal.builder,AbstractLeakProblemDetector,Unutilized Abstraction
eclipse.pde.ui-20120509-1450,org.eclipse.pde.api.tools.internal.builder,AbstractLeakProblemDetector,Broken Hierarchy
eclipse.pde.ui-20120509-1450,org.eclipse.pde.api.tools.internal.builder,AbstractProblemDetector,Unutilized Abstraction
eclipse.pde.ui-20120509-1450,org.eclipse.pde.api.tools.internal.builder,AbstractTypeLeakDetector,Unutilized Abstraction
eclipse.pde.ui-20120509-1450,org.eclipse.pde.api.tools.internal.builder,AbstractTypeLeakDetector,Broken Hierarchy
eclipse.pde.ui-20120509-1450,org.eclipse.pde.api.tools.internal.builder,ApiAnalysisBuilder,Deficient Encapsulation
eclipse.pde.ui-20120509-1450,org.eclipse.pde.api.tools.internal.builder,ApiAnalysisBuilder,Cyclic-Dependent Modularization
eclipse.pde.ui-20120509-1450,org.eclipse.pde.api.tools.internal.builder,ApiAnalysisBuilder,Insufficient Modularization
eclipse.pde.ui-20120509-1450,org.eclipse.pde.api.tools.internal.builder,BaseApiAnalyzer,Insufficient Modularization
eclipse.pde.ui-20120509-1450,org.eclipse.pde.api.tools.internal.builder,BuildState,Cyclic-Dependent Modularization
eclipse.pde.ui-20120509-1450,org.eclipse.pde.api.tools.internal.builder,BuildState,Insufficient Modularization
eclipse.pde.ui-20120509-1450,org.eclipse.pde.api.tools.internal.builder,BuilderMessages,Deficient Encapsulation
eclipse.pde.ui-20120509-1450,org.eclipse.pde.api.tools.internal.builder,IllegalExtendsProblemDetector,Unutilized Abstraction
eclipse.pde.ui-20120509-1450,org.eclipse.pde.api.tools.internal.builder,IllegalExtendsProblemDetector,Broken Hierarchy
eclipse.pde.ui-20120509-1450,org.eclipse.pde.api.tools.internal.builder,MethodFinder,Unutilized Abstraction
eclipse.pde.ui-20120509-1450,org.eclipse.pde.api.tools.internal.builder,IllegalFieldReferenceDetector,Unutilized Abstraction
eclipse.pde.ui-20120509-1450,org.eclipse.pde.api.tools.internal.builder,IllegalImplementsProblemDetector,Unutilized Abstraction
eclipse.pde.ui-20120509-1450,org.eclipse.pde.api.tools.internal.builder,IllegalInstantiateProblemDetector,Unutilized Abstraction
eclipse.pde.ui-20120509-1450,org.eclipse.pde.api.tools.internal.builder,IllegalInstantiateProblemDetector,Broken Hierarchy
eclipse.pde.ui-20120509-1450,org.eclipse.pde.api.tools.internal.builder,IllegalMethodReferenceDetector,Unutilized Abstraction
eclipse.pde.ui-20120509-1450,org.eclipse.pde.api.tools.internal.builder,IllegalMethodReferenceDetector,Broken Hierarchy
eclipse.pde.ui-20120509-1450,org.eclipse.pde.api.tools.internal.builder,IllegalOverrideProblemDetector,Unutilized Abstraction
eclipse.pde.ui-20120509-1450,org.eclipse.pde.api.tools.internal.builder,IllegalOverrideProblemDetector,Broken Hierarchy
eclipse.pde.ui-20120509-1450,org.eclipse.pde.api.tools.internal.builder,IncrementalApiBuilder,Cyclic-Dependent Modularization
eclipse.pde.ui-20120509-1450,org.eclipse.pde.api.tools.internal.builder,Change,Unutilized Abstraction
eclipse.pde.ui-20120509-1450,org.eclipse.pde.api.tools.internal.builder,ResourceDeltaVisitor,Imperative Abstraction
eclipse.pde.ui-20120509-1450,org.eclipse.pde.api.tools.internal.builder,ResourceDeltaVisitor,Unutilized Abstraction
eclipse.pde.ui-20120509-1450,org.eclipse.pde.api.tools.internal.builder,LeakExtendsProblemDetector,Unutilized Abstraction
eclipse.pde.ui-20120509-1450,org.eclipse.pde.api.tools.internal.builder,LeakExtendsProblemDetector,Broken Hierarchy
eclipse.pde.ui-20120509-1450,org.eclipse.pde.api.tools.internal.builder,LeakFieldProblemDetector,Unutilized Abstraction
eclipse.pde.ui-20120509-1450,org.eclipse.pde.api.tools.internal.builder,LeakFieldProblemDetector,Broken Hierarchy
eclipse.pde.ui-20120509-1450,org.eclipse.pde.api.tools.internal.builder,LeakImplementsProblemDetector,Unutilized Abstraction
eclipse.pde.ui-20120509-1450,org.eclipse.pde.api.tools.internal.builder,LeakImplementsProblemDetector,Broken Hierarchy
eclipse.pde.ui-20120509-1450,org.eclipse.pde.api.tools.internal.builder,LeakParameterTypeDetector,Unutilized Abstraction
eclipse.pde.ui-20120509-1450,org.eclipse.pde.api.tools.internal.builder,LeakParameterTypeDetector,Broken Hierarchy
eclipse.pde.ui-20120509-1450,org.eclipse.pde.api.tools.internal.builder,LeakReturnTypeDetector,Unutilized Abstraction
eclipse.pde.ui-20120509-1450,org.eclipse.pde.api.tools.internal.builder,LeakReturnTypeDetector,Broken Hierarchy
eclipse.pde.ui-20120509-1450,org.eclipse.pde.api.tools.internal.builder,MethodLeakDetector,Unutilized Abstraction
eclipse.pde.ui-20120509-1450,org.eclipse.pde.api.tools.internal.builder,MethodLeakDetector,Broken Hierarchy
eclipse.pde.ui-20120509-1450,org.eclipse.pde.api.tools.internal.builder,ProblemDetectorBuilder,Deficient Encapsulation
eclipse.pde.ui-20120509-1450,org.eclipse.pde.api.tools.internal.builder,Reference,Cyclic-Dependent Modularization
eclipse.pde.ui-20120509-1450,org.eclipse.pde.api.tools.internal.builder,Reference,Insufficient Modularization
eclipse.pde.ui-20120509-1450,org.eclipse.pde.api.tools.internal.builder,Visitor,Unutilized Abstraction
eclipse.pde.ui-20120509-1450,org.eclipse.pde.api.tools.internal.builder,ReferenceExtractor,Deficient Encapsulation
eclipse.pde.ui-20120509-1450,org.eclipse.pde.api.tools.internal.builder,ReferenceExtractor,Missing Hierarchy
eclipse.pde.ui-20120509-1450,org.eclipse.pde.api.tools.internal.builder,ReferenceExtractor,Cyclic-Dependent Modularization
eclipse.pde.ui-20120509-1450,org.eclipse.pde.api.tools.internal.builder,ReferenceExtractor,Insufficient Modularization
eclipse.pde.ui-20120509-1450,org.eclipse.pde.api.tools.internal.builder,ClassFileSignatureVisitor,Unutilized Abstraction
eclipse.pde.ui-20120509-1450,org.eclipse.pde.api.tools.internal.builder,ClassFileMethodVisitor,Unutilized Abstraction
eclipse.pde.ui-20120509-1450,org.eclipse.pde.api.tools.internal.builder,FieldTracker,Cyclic-Dependent Modularization
eclipse.pde.ui-20120509-1450,org.eclipse.pde.api.tools.internal.builder,LinePositionTracker,Missing Hierarchy
eclipse.pde.ui-20120509-1450,org.eclipse.pde.api.tools.internal.builder,LinePositionTracker,Cyclic-Dependent Modularization
eclipse.pde.ui-20120509-1450,org.eclipse.pde.api.tools.internal.builder,LabelInfo,Deficient Encapsulation
eclipse.pde.ui-20120509-1450,org.eclipse.pde.api.tools.internal.builder,LabelInfo,Cyclic-Dependent Modularization
eclipse.pde.ui-20120509-1450,org.eclipse.pde.api.tools.internal.builder,SystemApiDetector,Unutilized Abstraction
eclipse.pde.ui-20120509-1450,org.eclipse.pde.api.tools.internal.builder,TypeScope,Unutilized Abstraction
eclipse.pde.ui-20120509-1450,org.eclipse.pde.api.tools.internal.comparator,ClassFileComparator,Cyclic-Dependent Modularization
eclipse.pde.ui-20120509-1450,org.eclipse.pde.api.tools.internal.comparator,ClassFileComparator,Insufficient Modularization
eclipse.pde.ui-20120509-1450,org.eclipse.pde.api.tools.internal.comparator,ComparatorMessages,Deficient Encapsulation
eclipse.pde.ui-20120509-1450,org.eclipse.pde.api.tools.internal.comparator,Delta,Deficient Encapsulation
eclipse.pde.ui-20120509-1450,org.eclipse.pde.api.tools.internal.comparator,Delta,Cyclic-Dependent Modularization
eclipse.pde.ui-20120509-1450,org.eclipse.pde.api.tools.internal.comparator,Delta,Insufficient Modularization
eclipse.pde.ui-20120509-1450,org.eclipse.pde.api.tools.internal.comparator,Messages,Deficient Encapsulation
eclipse.pde.ui-20120509-1450,org.eclipse.pde.api.tools.internal.comparator,Messages,Cyclic-Dependent Modularization
eclipse.pde.ui-20120509-1450,org.eclipse.pde.api.tools.internal.comparator,Messages,Insufficient Modularization
eclipse.pde.ui-20120509-1450,org.eclipse.pde.api.tools.internal.comparator,SignatureDecoder,Unutilized Abstraction
eclipse.pde.ui-20120509-1450,org.eclipse.pde.api.tools.internal.descriptors,ComponentDescriptorImpl,Unutilized Abstraction
eclipse.pde.ui-20120509-1450,org.eclipse.pde.api.tools.internal.descriptors,ComponentDescriptorImpl,Broken Hierarchy
eclipse.pde.ui-20120509-1450,org.eclipse.pde.api.tools.internal.descriptors,FieldDescriptorImpl,Unutilized Abstraction
eclipse.pde.ui-20120509-1450,org.eclipse.pde.api.tools.internal.descriptors,FieldDescriptorImpl,Broken Hierarchy
eclipse.pde.ui-20120509-1450,org.eclipse.pde.api.tools.internal.descriptors,MemberDescriptorImpl,Unutilized Abstraction
eclipse.pde.ui-20120509-1450,org.eclipse.pde.api.tools.internal.descriptors,MemberDescriptorImpl,Broken Hierarchy
eclipse.pde.ui-20120509-1450,org.eclipse.pde.api.tools.internal.descriptors,MethodDescriptorImpl,Unutilized Abstraction
eclipse.pde.ui-20120509-1450,org.eclipse.pde.api.tools.internal.descriptors,MethodDescriptorImpl,Broken Hierarchy
eclipse.pde.ui-20120509-1450,org.eclipse.pde.api.tools.internal.descriptors,NamedElementDescriptorImpl,Unutilized Abstraction
eclipse.pde.ui-20120509-1450,org.eclipse.pde.api.tools.internal.descriptors,NamedElementDescriptorImpl,Broken Hierarchy
eclipse.pde.ui-20120509-1450,org.eclipse.pde.api.tools.internal.descriptors,PackageDescriptorImpl,Unutilized Abstraction
eclipse.pde.ui-20120509-1450,org.eclipse.pde.api.tools.internal.descriptors,PackageDescriptorImpl,Broken Hierarchy
eclipse.pde.ui-20120509-1450,org.eclipse.pde.api.tools.internal.descriptors,ReferenceTypeDescriptorImpl,Unutilized Abstraction
eclipse.pde.ui-20120509-1450,org.eclipse.pde.api.tools.internal.descriptors,ReferenceTypeDescriptorImpl,Broken Hierarchy
eclipse.pde.ui-20120509-1450,org.eclipse.pde.api.tools.internal.model,AbstractApiTypeContainer,Unutilized Abstraction
eclipse.pde.ui-20120509-1450,org.eclipse.pde.api.tools.internal.model,AbstractApiTypeContainer,Broken Hierarchy
eclipse.pde.ui-20120509-1450,org.eclipse.pde.api.tools.internal.model,AbstractApiTypeRoot,Unutilized Abstraction
eclipse.pde.ui-20120509-1450,org.eclipse.pde.api.tools.internal.model,AbstractApiTypeRoot,Cyclic-Dependent Modularization
eclipse.pde.ui-20120509-1450,org.eclipse.pde.api.tools.internal.model,ApiBaseline,Unutilized Abstraction
eclipse.pde.ui-20120509-1450,org.eclipse.pde.api.tools.internal.model,ApiBaseline,Cyclic-Dependent Modularization
eclipse.pde.ui-20120509-1450,org.eclipse.pde.api.tools.internal.model,ApiBaseline,Insufficient Modularization
eclipse.pde.ui-20120509-1450,org.eclipse.pde.api.tools.internal.model,ApiElement,Unutilized Abstraction
eclipse.pde.ui-20120509-1450,org.eclipse.pde.api.tools.internal.model,ApiField,Unutilized Abstraction
eclipse.pde.ui-20120509-1450,org.eclipse.pde.api.tools.internal.model,ApiField,Cyclic-Dependent Modularization
eclipse.pde.ui-20120509-1450,org.eclipse.pde.api.tools.internal.model,ApiMember,Unutilized Abstraction
eclipse.pde.ui-20120509-1450,org.eclipse.pde.api.tools.internal.model,ApiMethod,Unutilized Abstraction
eclipse.pde.ui-20120509-1450,org.eclipse.pde.api.tools.internal.model,ApiMethod,Deficient Encapsulation
eclipse.pde.ui-20120509-1450,org.eclipse.pde.api.tools.internal.model,ApiMethod,Cyclic-Dependent Modularization
eclipse.pde.ui-20120509-1450,org.eclipse.pde.api.tools.internal.model,ApiModelCache,Cyclic-Dependent Modularization
eclipse.pde.ui-20120509-1450,org.eclipse.pde.api.tools.internal.model,Cache,Unutilized Abstraction
eclipse.pde.ui-20120509-1450,org.eclipse.pde.api.tools.internal.model,ApiModelFactory,Deficient Encapsulation
eclipse.pde.ui-20120509-1450,org.eclipse.pde.api.tools.internal.model,ApiModelFactory,Cyclic-Dependent Modularization
eclipse.pde.ui-20120509-1450,org.eclipse.pde.api.tools.internal.model,ApiType,Unutilized Abstraction
eclipse.pde.ui-20120509-1450,org.eclipse.pde.api.tools.internal.model,ApiType,Cyclic-Dependent Modularization
eclipse.pde.ui-20120509-1450,org.eclipse.pde.api.tools.internal.model,ApiType,Insufficient Modularization
eclipse.pde.ui-20120509-1450,org.eclipse.pde.api.tools.internal.model,ArchiveApiTypeContainer,Unutilized Abstraction
eclipse.pde.ui-20120509-1450,org.eclipse.pde.api.tools.internal.model,ArchiveApiTypeContainer,Broken Hierarchy
eclipse.pde.ui-20120509-1450,org.eclipse.pde.api.tools.internal.model,ArchiveApiTypeContainer,Cyclic-Dependent Modularization
eclipse.pde.ui-20120509-1450,org.eclipse.pde.api.tools.internal.model,ArchiveApiTypeRoot,Cyclic-Dependent Modularization
eclipse.pde.ui-20120509-1450,org.eclipse.pde.api.tools.internal.model,BundleComponent,Cyclic-Dependent Modularization
eclipse.pde.ui-20120509-1450,org.eclipse.pde.api.tools.internal.model,BundleComponent,Insufficient Modularization
eclipse.pde.ui-20120509-1450,org.eclipse.pde.api.tools.internal.model,Component,Unutilized Abstraction
eclipse.pde.ui-20120509-1450,org.eclipse.pde.api.tools.internal.model,CompositeApiTypeContainer,Unutilized Abstraction
eclipse.pde.ui-20120509-1450,org.eclipse.pde.api.tools.internal.model,CompositeApiTypeContainer,Broken Hierarchy
eclipse.pde.ui-20120509-1450,org.eclipse.pde.api.tools.internal.model,DirectoryApiTypeContainer,Unutilized Abstraction
eclipse.pde.ui-20120509-1450,org.eclipse.pde.api.tools.internal.model,DirectoryApiTypeContainer,Broken Hierarchy
eclipse.pde.ui-20120509-1450,org.eclipse.pde.api.tools.internal.model,LocalApiTypeRoot,Unutilized Abstraction
eclipse.pde.ui-20120509-1450,org.eclipse.pde.api.tools.internal.model,Messages,Deficient Encapsulation
eclipse.pde.ui-20120509-1450,org.eclipse.pde.api.tools.internal.model,ProjectComponent,Deficient Encapsulation
eclipse.pde.ui-20120509-1450,org.eclipse.pde.api.tools.internal.model,ProjectComponent,Cyclic-Dependent Modularization
eclipse.pde.ui-20120509-1450,org.eclipse.pde.api.tools.internal.model,ProjectTypeContainer,Unutilized Abstraction
eclipse.pde.ui-20120509-1450,org.eclipse.pde.api.tools.internal.model,ProjectTypeContainer,Broken Hierarchy
eclipse.pde.ui-20120509-1450,org.eclipse.pde.api.tools.internal.model,ContainerVisitor,Unutilized Abstraction
eclipse.pde.ui-20120509-1450,org.eclipse.pde.api.tools.internal.model,StubApiComponent,Unutilized Abstraction
eclipse.pde.ui-20120509-1450,org.eclipse.pde.api.tools.internal.model,StubApiComponent,Cyclic-Dependent Modularization
eclipse.pde.ui-20120509-1450,org.eclipse.pde.api.tools.internal.model,StubArchiveApiTypeContainer,Unutilized Abstraction
eclipse.pde.ui-20120509-1450,org.eclipse.pde.api.tools.internal.model,StubArchiveApiTypeContainer,Broken Hierarchy
eclipse.pde.ui-20120509-1450,org.eclipse.pde.api.tools.internal.model,ArchiveApiTypeRoot,Unutilized Abstraction
eclipse.pde.ui-20120509-1450,org.eclipse.pde.api.tools.internal.model,SystemLibraryApiComponent,Unutilized Abstraction
eclipse.pde.ui-20120509-1450,org.eclipse.pde.api.tools.internal.model,SystemLibraryApiComponent,Broken Hierarchy
eclipse.pde.ui-20120509-1450,org.eclipse.pde.api.tools.internal.model,TypeStructureBuilder,Cyclic-Dependent Modularization
eclipse.pde.ui-20120509-1450,org.eclipse.pde.api.tools.internal.model,TypeStructureBuilder,Insufficient Modularization
eclipse.pde.ui-20120509-1450,org.eclipse.pde.api.tools.internal.model,TypeNameFinder,Unutilized Abstraction
eclipse.pde.ui-20120509-1450,org.eclipse.pde.api.tools.internal.model,TypeNameFinderInConstructor,Unutilized Abstraction
eclipse.pde.ui-20120509-1450,org.eclipse.pde.api.tools.internal.model,WorkspaceBaseline,Unutilized Abstraction
eclipse.pde.ui-20120509-1450,org.eclipse.pde.api.tools.internal.natures,ApiToolProjectNature,Unutilized Abstraction
eclipse.pde.ui-20120509-1450,org.eclipse.pde.api.tools.internal.problems,ApiProblem,Deficient Encapsulation
eclipse.pde.ui-20120509-1450,org.eclipse.pde.api.tools.internal.problems,ApiProblem,Cyclic-Dependent Modularization
eclipse.pde.ui-20120509-1450,org.eclipse.pde.api.tools.internal.problems,ApiProblem,Insufficient Modularization
eclipse.pde.ui-20120509-1450,org.eclipse.pde.api.tools.internal.problems,ApiProblemFactory,Deficient Encapsulation
eclipse.pde.ui-20120509-1450,org.eclipse.pde.api.tools.internal.problems,ApiProblemFactory,Cyclic-Dependent Modularization
eclipse.pde.ui-20120509-1450,org.eclipse.pde.api.tools.internal.problems,ApiProblemFactory,Insufficient Modularization
eclipse.pde.ui-20120509-1450,org.eclipse.pde.api.tools.internal.problems,ApiProblemFilter,Deficient Encapsulation
eclipse.pde.ui-20120509-1450,org.eclipse.pde.api.tools.internal.provisional,ApiPlugin,Deficient Encapsulation
eclipse.pde.ui-20120509-1450,org.eclipse.pde.api.tools.internal.provisional,ApiPlugin,Cyclic-Dependent Modularization
eclipse.pde.ui-20120509-1450,org.eclipse.pde.api.tools.internal.provisional,ApiPlugin,Insufficient Modularization
eclipse.pde.ui-20120509-1450,org.eclipse.pde.api.tools.internal.provisional,Factory,Cyclic-Dependent Modularization
eclipse.pde.ui-20120509-1450,org.eclipse.pde.api.tools.internal.provisional,IApiAccess,Deficient Encapsulation
eclipse.pde.ui-20120509-1450,org.eclipse.pde.api.tools.internal.provisional,IApiDescription,Deficient Encapsulation
eclipse.pde.ui-20120509-1450,org.eclipse.pde.api.tools.internal.provisional,IApiJavadocTag,Deficient Encapsulation
eclipse.pde.ui-20120509-1450,org.eclipse.pde.api.tools.internal.provisional,IApiMarkerConstants,Deficient Encapsulation
eclipse.pde.ui-20120509-1450,org.eclipse.pde.api.tools.internal.provisional,IApiMarkerConstants,Broken Modularization
eclipse.pde.ui-20120509-1450,org.eclipse.pde.api.tools.internal.provisional,IApiMarkerConstants,Cyclic-Dependent Modularization
eclipse.pde.ui-20120509-1450,org.eclipse.pde.api.tools.internal.provisional,ITreeNode,Deficient Encapsulation
eclipse.pde.ui-20120509-1450,org.eclipse.pde.api.tools.internal.provisional,ProfileModifiers,Deficient Encapsulation
eclipse.pde.ui-20120509-1450,org.eclipse.pde.api.tools.internal.provisional,ProfileModifiers,Insufficient Modularization
eclipse.pde.ui-20120509-1450,org.eclipse.pde.api.tools.internal.provisional,RestrictionModifiers,Deficient Encapsulation
eclipse.pde.ui-20120509-1450,org.eclipse.pde.api.tools.internal.provisional,RestrictionModifiers,Cyclic-Dependent Modularization
eclipse.pde.ui-20120509-1450,org.eclipse.pde.api.tools.internal.provisional,VisibilityModifiers,Deficient Encapsulation
eclipse.pde.ui-20120509-1450,org.eclipse.pde.api.tools.internal.provisional,VisibilityModifiers,Cyclic-Dependent Modularization
eclipse.pde.ui-20120509-1450,org.eclipse.pde.api.tools.internal.provisional.builder,IApiAnalyzer,Cyclic-Dependent Modularization
eclipse.pde.ui-20120509-1450,org.eclipse.pde.api.tools.internal.provisional.builder,IReference,Deficient Encapsulation
eclipse.pde.ui-20120509-1450,org.eclipse.pde.api.tools.internal.provisional.comparator,ApiComparator,Deficient Encapsulation
eclipse.pde.ui-20120509-1450,org.eclipse.pde.api.tools.internal.provisional.comparator,ApiComparator,Cyclic-Dependent Modularization
eclipse.pde.ui-20120509-1450,org.eclipse.pde.api.tools.internal.provisional.comparator,ApiComparator,Insufficient Modularization
eclipse.pde.ui-20120509-1450,org.eclipse.pde.api.tools.internal.provisional.comparator,CompareApiScopeVisitor,Cyclic-Dependent Modularization
eclipse.pde.ui-20120509-1450,org.eclipse.pde.api.tools.internal.provisional.comparator,DeltaProcessor,Cyclic-Dependent Modularization
eclipse.pde.ui-20120509-1450,org.eclipse.pde.api.tools.internal.provisional.comparator,DeltaProcessor,Insufficient Modularization
eclipse.pde.ui-20120509-1450,org.eclipse.pde.api.tools.internal.provisional.comparator,CompatibleVisitor,Unutilized Abstraction
eclipse.pde.ui-20120509-1450,org.eclipse.pde.api.tools.internal.provisional.comparator,DeltaVisitor,Cyclic-Dependent Modularization
eclipse.pde.ui-20120509-1450,org.eclipse.pde.api.tools.internal.provisional.comparator,IDelta,Deficient Encapsulation
eclipse.pde.ui-20120509-1450,org.eclipse.pde.api.tools.internal.provisional.comparator,IDelta,Cyclic-Dependent Modularization
eclipse.pde.ui-20120509-1450,org.eclipse.pde.api.tools.internal.provisional.descriptors,IComponentDescriptor,Broken Hierarchy
eclipse.pde.ui-20120509-1450,org.eclipse.pde.api.tools.internal.provisional.descriptors,IElementDescriptor,Deficient Encapsulation
eclipse.pde.ui-20120509-1450,org.eclipse.pde.api.tools.internal.provisional.descriptors,IFieldDescriptor,Unnecessary Abstraction
eclipse.pde.ui-20120509-1450,org.eclipse.pde.api.tools.internal.provisional.descriptors,IMemberDescriptor,Broken Hierarchy
eclipse.pde.ui-20120509-1450,org.eclipse.pde.api.tools.internal.provisional.descriptors,IMethodDescriptor,Broken Hierarchy
eclipse.pde.ui-20120509-1450,org.eclipse.pde.api.tools.internal.provisional.descriptors,IPackageDescriptor,Broken Hierarchy
eclipse.pde.ui-20120509-1450,org.eclipse.pde.api.tools.internal.provisional.descriptors,IReferenceTypeDescriptor,Rebellious Hierarchy
eclipse.pde.ui-20120509-1450,org.eclipse.pde.api.tools.internal.provisional.model,ApiTypeContainerVisitor,Cyclic-Dependent Modularization
eclipse.pde.ui-20120509-1450,org.eclipse.pde.api.tools.internal.provisional.model,IApiComponent,Broken Hierarchy
eclipse.pde.ui-20120509-1450,org.eclipse.pde.api.tools.internal.provisional.model,IApiComponent,Insufficient Modularization
eclipse.pde.ui-20120509-1450,org.eclipse.pde.api.tools.internal.provisional.model,IApiElement,Deficient Encapsulation
eclipse.pde.ui-20120509-1450,org.eclipse.pde.api.tools.internal.provisional.model,IApiField,Broken Hierarchy
eclipse.pde.ui-20120509-1450,org.eclipse.pde.api.tools.internal.provisional.model,IApiMember,Broken Hierarchy
eclipse.pde.ui-20120509-1450,org.eclipse.pde.api.tools.internal.provisional.model,IApiMethod,Rebellious Hierarchy
eclipse.pde.ui-20120509-1450,org.eclipse.pde.api.tools.internal.provisional.model,IApiType,Broken Hierarchy
eclipse.pde.ui-20120509-1450,org.eclipse.pde.api.tools.internal.provisional.model,IApiType,Insufficient Modularization
eclipse.pde.ui-20120509-1450,org.eclipse.pde.api.tools.internal.provisional.model,IApiTypeContainer,Deficient Encapsulation
eclipse.pde.ui-20120509-1450,org.eclipse.pde.api.tools.internal.provisional.model,IApiTypeContainer,Broken Hierarchy
eclipse.pde.ui-20120509-1450,org.eclipse.pde.api.tools.internal.provisional.model,IApiTypeContainer,Cyclic-Dependent Modularization
eclipse.pde.ui-20120509-1450,org.eclipse.pde.api.tools.internal.provisional.model,IApiTypeRoot,Rebellious Hierarchy
eclipse.pde.ui-20120509-1450,org.eclipse.pde.api.tools.internal.provisional.problems,IApiProblem,Deficient Encapsulation
eclipse.pde.ui-20120509-1450,org.eclipse.pde.api.tools.internal.provisional.problems,IApiProblemTypes,Deficient Encapsulation
eclipse.pde.ui-20120509-1450,org.eclipse.pde.api.tools.internal.provisional.problems,IApiProblemTypes,Broken Modularization
eclipse.pde.ui-20120509-1450,org.eclipse.pde.api.tools.internal.provisional.scanner,ScannerMessages,Deficient Encapsulation
eclipse.pde.ui-20120509-1450,org.eclipse.pde.api.tools.internal.provisional.scanner,TagScanner,Cyclic-Dependent Modularization
eclipse.pde.ui-20120509-1450,org.eclipse.pde.api.tools.internal.provisional.scanner,Visitor,Cyclic-Dependent Modularization
eclipse.pde.ui-20120509-1450,org.eclipse.pde.api.tools.internal.provisional.search,ApiSearchEngine,Deficient Encapsulation
eclipse.pde.ui-20120509-1450,org.eclipse.pde.api.tools.internal.provisional.search,ReferenceExtractor,Unutilized Abstraction
eclipse.pde.ui-20120509-1450,org.eclipse.pde.api.tools.internal.provisional.search,IApiSearchRequestor,Deficient Encapsulation
eclipse.pde.ui-20120509-1450,org.eclipse.pde.api.tools.internal.search,ListConsumersVisitor,Unutilized Abstraction
eclipse.pde.ui-20120509-1450,org.eclipse.pde.api.tools.internal.search,ConsumerReportVisitor,Unutilized Abstraction
eclipse.pde.ui-20120509-1450,org.eclipse.pde.api.tools.internal.search,Consumer,Unnecessary Abstraction
eclipse.pde.ui-20120509-1450,org.eclipse.pde.api.tools.internal.search,Consumer,Unutilized Abstraction
eclipse.pde.ui-20120509-1450,org.eclipse.pde.api.tools.internal.search,Producer,Unnecessary Abstraction
eclipse.pde.ui-20120509-1450,org.eclipse.pde.api.tools.internal.search,Producer,Unutilized Abstraction
eclipse.pde.ui-20120509-1450,org.eclipse.pde.api.tools.internal.search,Type2,Unutilized Abstraction
eclipse.pde.ui-20120509-1450,org.eclipse.pde.api.tools.internal.search,Type2,Broken Hierarchy
eclipse.pde.ui-20120509-1450,org.eclipse.pde.api.tools.internal.search,HTMLConvertor,Unutilized Abstraction
eclipse.pde.ui-20120509-1450,org.eclipse.pde.api.tools.internal.search,HTMLConvertor,Deficient Encapsulation
eclipse.pde.ui-20120509-1450,org.eclipse.pde.api.tools.internal.search,MigrationReportConvertor,Broken Hierarchy
eclipse.pde.ui-20120509-1450,org.eclipse.pde.api.tools.internal.search,MissingRefMetadata,Deficient Encapsulation
eclipse.pde.ui-20120509-1450,org.eclipse.pde.api.tools.internal.search,MissingRefProblemHandler,Unutilized Abstraction
eclipse.pde.ui-20120509-1450,org.eclipse.pde.api.tools.internal.search,MissingRefReportConverter,Deficient Encapsulation
eclipse.pde.ui-20120509-1450,org.eclipse.pde.api.tools.internal.search,MissingRefReportConverter,Insufficient Modularization
eclipse.pde.ui-20120509-1450,org.eclipse.pde.api.tools.internal.search,MissingRefVisitor,Deficient Encapsulation
eclipse.pde.ui-20120509-1450,org.eclipse.pde.api.tools.internal.search,Report,Cyclic-Dependent Modularization
eclipse.pde.ui-20120509-1450,org.eclipse.pde.api.tools.internal.search,SearchMessages,Deficient Encapsulation
eclipse.pde.ui-20120509-1450,org.eclipse.pde.api.tools.internal.search,UseMetadata,Deficient Encapsulation
eclipse.pde.ui-20120509-1450,org.eclipse.pde.api.tools.internal.search,UseMetadata,Cyclic-Dependent Modularization
eclipse.pde.ui-20120509-1450,org.eclipse.pde.api.tools.internal.search,UseMetadata,Insufficient Modularization
eclipse.pde.ui-20120509-1450,org.eclipse.pde.api.tools.internal.search,UseReportConverter,Unutilized Abstraction
eclipse.pde.ui-20120509-1450,org.eclipse.pde.api.tools.internal.search,UseReportConverter,Deficient Encapsulation
eclipse.pde.ui-20120509-1450,org.eclipse.pde.api.tools.internal.search,UseReportConverter,Broken Hierarchy
eclipse.pde.ui-20120509-1450,org.eclipse.pde.api.tools.internal.search,UseReportConverter,Cyclic-Dependent Modularization
eclipse.pde.ui-20120509-1450,org.eclipse.pde.api.tools.internal.search,UseReportConverter,Insufficient Modularization
eclipse.pde.ui-20120509-1450,org.eclipse.pde.api.tools.internal.search,Visitor,Unutilized Abstraction
eclipse.pde.ui-20120509-1450,org.eclipse.pde.api.tools.internal.search,Report,Unnecessary Abstraction
eclipse.pde.ui-20120509-1450,org.eclipse.pde.api.tools.internal.search,Report,Unutilized Abstraction
eclipse.pde.ui-20120509-1450,org.eclipse.pde.api.tools.internal.search,MissingHandler,Cyclic-Dependent Modularization
eclipse.pde.ui-20120509-1450,org.eclipse.pde.api.tools.internal.search,UseScanManager,Deficient Encapsulation
eclipse.pde.ui-20120509-1450,org.eclipse.pde.api.tools.internal.search,UseScanParser,Cyclic-Dependent Modularization
eclipse.pde.ui-20120509-1450,org.eclipse.pde.api.tools.internal.search,ReferenceHandler,Unutilized Abstraction
eclipse.pde.ui-20120509-1450,org.eclipse.pde.api.tools.internal.search,UseScanReferences,Unutilized Abstraction
eclipse.pde.ui-20120509-1450,org.eclipse.pde.api.tools.internal.search,XmlReferenceDescriptorWriter,Deficient Encapsulation
eclipse.pde.ui-20120509-1450,org.eclipse.pde.api.tools.internal.search,XmlReferenceDescriptorWriter,Cyclic-Dependent Modularization
eclipse.pde.ui-20120509-1450,org.eclipse.pde.api.tools.internal.search,XmlSearchReporter,Unutilized Abstraction
eclipse.pde.ui-20120509-1450,org.eclipse.pde.api.tools.internal.util,FileManager,Cyclic-Dependent Modularization
eclipse.pde.ui-20120509-1450,org.eclipse.pde.api.tools.internal.util,Signatures,Cyclic-Dependent Modularization
eclipse.pde.ui-20120509-1450,org.eclipse.pde.api.tools.internal.util,Signatures,Insufficient Modularization
eclipse.pde.ui-20120509-1450,org.eclipse.pde.api.tools.internal.util,TarEntry,Deficient Encapsulation
eclipse.pde.ui-20120509-1450,org.eclipse.pde.api.tools.internal.util,Util,Deficient Encapsulation
eclipse.pde.ui-20120509-1450,org.eclipse.pde.api.tools.internal.util,Util,Cyclic-Dependent Modularization
eclipse.pde.ui-20120509-1450,org.eclipse.pde.api.tools.internal.util,Util,Insufficient Modularization
eclipse.pde.ui-20120509-1450,org.eclipse.pde.api.tools.internal.util,Util,Hub-like Modularization
eclipse.pde.ui-20120509-1450,org.eclipse.pde.api.tools.internal.util,BuildJob,Cyclic-Dependent Modularization
eclipse.pde.ui-20120509-1450,org.eclipse.pde.api.tools.internal.util,UtilMessages,Deficient Encapsulation
eclipse.pde.ui-20120509-1450,org.eclipse.pde.api.tools.internal.tasks,APIDeprecationReportConversionTask,Unutilized Abstraction
eclipse.pde.ui-20120509-1450,org.eclipse.pde.api.tools.internal.tasks,APIDeprecationTask,Unutilized Abstraction
eclipse.pde.ui-20120509-1450,org.eclipse.pde.api.tools.internal.tasks,APIDeprecationTask,Broken Hierarchy
eclipse.pde.ui-20120509-1450,org.eclipse.pde.api.tools.internal.tasks,APIFreezeReportConversionTask,Unutilized Abstraction
eclipse.pde.ui-20120509-1450,org.eclipse.pde.api.tools.internal.tasks,ConverterDefaultHandler,Unutilized Abstraction
eclipse.pde.ui-20120509-1450,org.eclipse.pde.api.tools.internal.tasks,Entry,Unutilized Abstraction
eclipse.pde.ui-20120509-1450,org.eclipse.pde.api.tools.internal.tasks,APIFreezeTask,Unutilized Abstraction
eclipse.pde.ui-20120509-1450,org.eclipse.pde.api.tools.internal.tasks,APIFreezeTask,Broken Hierarchy
eclipse.pde.ui-20120509-1450,org.eclipse.pde.api.tools.internal.tasks,APIToolsAnalysisTask,Deficient Encapsulation
eclipse.pde.ui-20120509-1450,org.eclipse.pde.api.tools.internal.tasks,APIToolsAnalysisTask,Broken Hierarchy
eclipse.pde.ui-20120509-1450,org.eclipse.pde.api.tools.internal.tasks,APIToolsAnalysisTask,Insufficient Modularization
eclipse.pde.ui-20120509-1450,org.eclipse.pde.api.tools.internal.tasks,AnalysisReportConversionTask,Unutilized Abstraction
eclipse.pde.ui-20120509-1450,org.eclipse.pde.api.tools.internal.tasks,AnalysisReportConversionTask,Insufficient Modularization
eclipse.pde.ui-20120509-1450,org.eclipse.pde.api.tools.internal.tasks,ConverterDefaultHandler,Unutilized Abstraction
eclipse.pde.ui-20120509-1450,org.eclipse.pde.api.tools.internal.tasks,Summary,Unutilized Abstraction
eclipse.pde.ui-20120509-1450,org.eclipse.pde.api.tools.internal.tasks,ApiConsumerUseReportConversionTask,Unutilized Abstraction
eclipse.pde.ui-20120509-1450,org.eclipse.pde.api.tools.internal.tasks,ApiConsumerUseReportConversionTask,Broken Hierarchy
eclipse.pde.ui-20120509-1450,org.eclipse.pde.api.tools.internal.tasks,ApiMigrationReportConversionTask,Unutilized Abstraction
eclipse.pde.ui-20120509-1450,org.eclipse.pde.api.tools.internal.tasks,ApiMigrationReportConversionTask,Broken Hierarchy
eclipse.pde.ui-20120509-1450,org.eclipse.pde.api.tools.internal.tasks,ApiMigrationTask,Unutilized Abstraction
eclipse.pde.ui-20120509-1450,org.eclipse.pde.api.tools.internal.tasks,ApiMigrationTask,Broken Hierarchy
eclipse.pde.ui-20120509-1450,org.eclipse.pde.api.tools.internal.tasks,ApiUseReportConversionTask,Unutilized Abstraction
eclipse.pde.ui-20120509-1450,org.eclipse.pde.api.tools.internal.tasks,ApiUseReportConversionTask,Broken Hierarchy
eclipse.pde.ui-20120509-1450,org.eclipse.pde.api.tools.internal.tasks,ApiUseTask,Unutilized Abstraction
eclipse.pde.ui-20120509-1450,org.eclipse.pde.api.tools.internal.tasks,ApiUseTask,Broken Hierarchy
eclipse.pde.ui-20120509-1450,org.eclipse.pde.api.tools.internal.tasks,CommonUtilsTask,Multifaceted Abstraction
eclipse.pde.ui-20120509-1450,org.eclipse.pde.api.tools.internal.tasks,CommonUtilsTask,Wide Hierarchy
eclipse.pde.ui-20120509-1450,org.eclipse.pde.api.tools.internal.tasks,CompareTask,Unutilized Abstraction
eclipse.pde.ui-20120509-1450,org.eclipse.pde.api.tools.internal.tasks,CompareTask,Broken Hierarchy
eclipse.pde.ui-20120509-1450,org.eclipse.pde.api.tools.internal.tasks,FilterListDeltaVisitor,Deficient Encapsulation
eclipse.pde.ui-20120509-1450,org.eclipse.pde.api.tools.internal.tasks,FilterListDeltaVisitor,Insufficient Modularization
eclipse.pde.ui-20120509-1450,org.eclipse.pde.api.tools.internal.tasks,Messages,Deficient Encapsulation
eclipse.pde.ui-20120509-1450,org.eclipse.pde.api.tools.internal.tasks,MissingRefProblemsReportConversionTask,Unutilized Abstraction
eclipse.pde.ui-20120509-1450,org.eclipse.pde.api.tools.internal.tasks,MissingRefProblemsReportConversionTask,Broken Hierarchy
eclipse.pde.ui-20120509-1450,org.eclipse.pde.api.tools.internal.tasks,MissingRefProblemsTask,Unutilized Abstraction
eclipse.pde.ui-20120509-1450,org.eclipse.pde.api.tools.internal.tasks,MissingRefProblemsTask,Deficient Encapsulation
eclipse.pde.ui-20120509-1450,org.eclipse.pde.api.tools.internal.tasks,MissingRefProblemsTask,Broken Hierarchy
eclipse.pde.ui-20120509-1450,org.eclipse.pde.api.tools.internal.tasks,Summary,Unutilized Abstraction
eclipse.pde.ui-20120509-1450,org.eclipse.pde.internal.ds.core,Activator,Deficient Encapsulation
eclipse.pde.ui-20120509-1450,org.eclipse.pde.internal.ds.core,IDSComponent,Broken Hierarchy
eclipse.pde.ui-20120509-1450,org.eclipse.pde.internal.ds.core,IDSComponent,Insufficient Modularization
eclipse.pde.ui-20120509-1450,org.eclipse.pde.internal.ds.core,IDSConstants,Deficient Encapsulation
eclipse.pde.ui-20120509-1450,org.eclipse.pde.internal.ds.core,IDSConstants,Broken Modularization
eclipse.pde.ui-20120509-1450,org.eclipse.pde.internal.ds.core,IDSImplementation,Broken Hierarchy
eclipse.pde.ui-20120509-1450,org.eclipse.pde.internal.ds.core,IDSProperties,Broken Hierarchy
eclipse.pde.ui-20120509-1450,org.eclipse.pde.internal.ds.core,IDSProperty,Broken Hierarchy
eclipse.pde.ui-20120509-1450,org.eclipse.pde.internal.ds.core,IDSProvide,Broken Hierarchy
eclipse.pde.ui-20120509-1450,org.eclipse.pde.internal.ds.core,IDSReference,Broken Hierarchy
eclipse.pde.ui-20120509-1450,org.eclipse.pde.internal.ds.core,IDSService,Broken Hierarchy
eclipse.pde.ui-20120509-1450,org.eclipse.pde.internal.ds.core,Messages,Deficient Encapsulation
eclipse.pde.ui-20120509-1450,org.eclipse.pde.internal.ds.core,Messages,Broken Modularization
eclipse.pde.ui-20120509-1450,org.eclipse.pde.internal.ds.core.builders,DSBuilder,Unutilized Abstraction
eclipse.pde.ui-20120509-1450,org.eclipse.pde.internal.ds.core.builders,ResourceVisitor,Unutilized Abstraction
eclipse.pde.ui-20120509-1450,org.eclipse.pde.internal.ds.core.builders,DeltaVisitor,Unutilized Abstraction
eclipse.pde.ui-20120509-1450,org.eclipse.pde.internal.ds.core.builders,DSErrorReporter,Deficient Encapsulation
eclipse.pde.ui-20120509-1450,org.eclipse.pde.internal.ds.core.builders,DSErrorReporter,Insufficient Modularization
eclipse.pde.ui-20120509-1450,org.eclipse.pde.internal.ds.core.builders,DSMarkerFactory,Deficient Encapsulation
eclipse.pde.ui-20120509-1450,org.eclipse.pde.internal.ds.core.builders,XMLErrorReporter,Deficient Encapsulation
eclipse.pde.ui-20120509-1450,org.eclipse.pde.internal.ds.core.builders,ElementData,Unutilized Abstraction
eclipse.pde.ui-20120509-1450,org.eclipse.pde.internal.ds.core.text,DSComponent,Unutilized Abstraction
eclipse.pde.ui-20120509-1450,org.eclipse.pde.internal.ds.core.text,DSComponent,Insufficient Modularization
eclipse.pde.ui-20120509-1450,org.eclipse.pde.internal.ds.core.text,DSDocumentFactory,Unutilized Abstraction
eclipse.pde.ui-20120509-1450,org.eclipse.pde.internal.ds.core.text,DSDocumentHandler,Cyclic-Dependent Modularization
eclipse.pde.ui-20120509-1450,org.eclipse.pde.internal.ds.core.text,DSImplementation,Unutilized Abstraction
eclipse.pde.ui-20120509-1450,org.eclipse.pde.internal.ds.core.text,DSModel,Cyclic-Dependent Modularization
eclipse.pde.ui-20120509-1450,org.eclipse.pde.internal.ds.core.text,DSObject,Unutilized Abstraction
eclipse.pde.ui-20120509-1450,org.eclipse.pde.internal.ds.core.text,DSProperties,Unutilized Abstraction
eclipse.pde.ui-20120509-1450,org.eclipse.pde.internal.ds.core.text,DSProperty,Unutilized Abstraction
eclipse.pde.ui-20120509-1450,org.eclipse.pde.internal.ds.core.text,DSProvide,Unutilized Abstraction
eclipse.pde.ui-20120509-1450,org.eclipse.pde.internal.ds.core.text,DSReference,Unutilized Abstraction
eclipse.pde.ui-20120509-1450,org.eclipse.pde.internal.ds.core.text,DSReference,Insufficient Modularization
eclipse.pde.ui-20120509-1450,org.eclipse.pde.internal.ds.core.text,DSService,Unutilized Abstraction
eclipse.pde.ui-20120509-1450,org.eclipse.pde.internal.ds.tests,AbstractDSModelTestCase,Unutilized Abstraction
eclipse.pde.ui-20120509-1450,org.eclipse.pde.internal.ds.tests,AbstractDSModelTestCase,Deficient Encapsulation
eclipse.pde.ui-20120509-1450,org.eclipse.pde.internal.ds.tests,Activator,Deficient Encapsulation
eclipse.pde.ui-20120509-1450,org.eclipse.pde.internal.ds.tests,AllDSModelTests,Unutilized Abstraction
eclipse.pde.ui-20120509-1450,org.eclipse.pde.internal.ds.tests,DSComponentTestCase,Unutilized Abstraction
eclipse.pde.ui-20120509-1450,org.eclipse.pde.internal.ds.tests,DSComponentTestCase,Broken Hierarchy
eclipse.pde.ui-20120509-1450,org.eclipse.pde.internal.ds.tests,DSImplementationTestCase,Unutilized Abstraction
eclipse.pde.ui-20120509-1450,org.eclipse.pde.internal.ds.tests,DSImplementationTestCase,Broken Hierarchy
eclipse.pde.ui-20120509-1450,org.eclipse.pde.internal.ds.tests,DSObjectTestCase,Unutilized Abstraction
eclipse.pde.ui-20120509-1450,org.eclipse.pde.internal.ds.tests,DSObjectTestCase,Broken Hierarchy
eclipse.pde.ui-20120509-1450,org.eclipse.pde.internal.ds.tests,DSPropertiesTestCase,Unutilized Abstraction
eclipse.pde.ui-20120509-1450,org.eclipse.pde.internal.ds.tests,DSPropertiesTestCase,Broken Hierarchy
eclipse.pde.ui-20120509-1450,org.eclipse.pde.internal.ds.tests,DSPropertyTestCase,Unutilized Abstraction
eclipse.pde.ui-20120509-1450,org.eclipse.pde.internal.ds.tests,DSPropertyTestCase,Broken Hierarchy
eclipse.pde.ui-20120509-1450,org.eclipse.pde.internal.ds.tests,DSProvideTestCase,Unutilized Abstraction
eclipse.pde.ui-20120509-1450,org.eclipse.pde.internal.ds.tests,DSProvideTestCase,Broken Hierarchy
eclipse.pde.ui-20120509-1450,org.eclipse.pde.internal.ds.tests,DSReferenceTestCase,Unutilized Abstraction
eclipse.pde.ui-20120509-1450,org.eclipse.pde.internal.ds.tests,DSReferenceTestCase,Broken Hierarchy
eclipse.pde.ui-20120509-1450,org.eclipse.pde.internal.ds.tests,DSServiceTestCase,Unutilized Abstraction
eclipse.pde.ui-20120509-1450,org.eclipse.pde.internal.ds.tests,DSServiceTestCase,Broken Hierarchy
eclipse.pde.ui-20120509-1450,org.eclipse.pde.internal.ds.tests,DSv10tov11TestCase,Unutilized Abstraction
eclipse.pde.ui-20120509-1450,org.eclipse.pde.internal.ds.tests,DSv10tov11TestCase,Broken Hierarchy
eclipse.pde.ui-20120509-1450,org.eclipse.pde.internal.ds.ui,Activator,Deficient Encapsulation
eclipse.pde.ui-20120509-1450,org.eclipse.pde.internal.ds.ui,Activator,Cyclic-Dependent Modularization
eclipse.pde.ui-20120509-1450,org.eclipse.pde.internal.ds.ui,IConstants,Unnecessary Abstraction
eclipse.pde.ui-20120509-1450,org.eclipse.pde.internal.ds.ui,IConstants,Deficient Encapsulation
eclipse.pde.ui-20120509-1450,org.eclipse.pde.internal.ds.ui,Messages,Deficient Encapsulation
eclipse.pde.ui-20120509-1450,org.eclipse.pde.internal.ds.ui,Messages,Broken Modularization
eclipse.pde.ui-20120509-1450,org.eclipse.pde.internal.ds.ui,SharedImages,Deficient Encapsulation
eclipse.pde.ui-20120509-1450,org.eclipse.pde.internal.ds.ui,SharedImages,Cyclic-Dependent Modularization
eclipse.pde.ui-20120509-1450,org.eclipse.pde.internal.ds.ui.editor,DSContentProvider,Unutilized Abstraction
eclipse.pde.ui-20120509-1450,org.eclipse.pde.internal.ds.ui.editor,DSEditor,Unutilized Abstraction
eclipse.pde.ui-20120509-1450,org.eclipse.pde.internal.ds.ui.editor,DSEditorContributor,Unutilized Abstraction
eclipse.pde.ui-20120509-1450,org.eclipse.pde.internal.ds.ui.editor,DSFormOutlinePage,Unutilized Abstraction
eclipse.pde.ui-20120509-1450,org.eclipse.pde.internal.ds.ui.editor,DSHyperlinkDetector,Unutilized Abstraction
eclipse.pde.ui-20120509-1450,org.eclipse.pde.internal.ds.ui.editor,DSInputContext,Deficient Encapsulation
eclipse.pde.ui-20120509-1450,org.eclipse.pde.internal.ds.ui.editor,DSInputContextManager,Unutilized Abstraction
eclipse.pde.ui-20120509-1450,org.eclipse.pde.internal.ds.ui.editor,DSOverviewPage,Deficient Encapsulation
eclipse.pde.ui-20120509-1450,org.eclipse.pde.internal.ds.ui.editor,DSServicesPage,Unutilized Abstraction
eclipse.pde.ui-20120509-1450,org.eclipse.pde.internal.ds.ui.editor,DSServicesPage,Deficient Encapsulation
eclipse.pde.ui-20120509-1450,org.eclipse.pde.internal.ds.ui.editor,DSSourcePage,Unutilized Abstraction
eclipse.pde.ui-20120509-1450,org.eclipse.pde.internal.ds.ui.editor,DSSourceViewerConfiguration,Unutilized Abstraction
eclipse.pde.ui-20120509-1450,org.eclipse.pde.internal.ds.ui.editor,DSTypeSelectionExtension,Unutilized Abstraction
eclipse.pde.ui-20120509-1450,org.eclipse.pde.internal.ds.ui.editor,TypeInfoFilterExtension,Unutilized Abstraction
eclipse.pde.ui-20120509-1450,org.eclipse.pde.internal.ds.ui.editor,FormEntryAdapter,Unutilized Abstraction
eclipse.pde.ui-20120509-1450,org.eclipse.pde.internal.ds.ui.editor,FormLayoutFactory,Deficient Encapsulation
eclipse.pde.ui-20120509-1450,org.eclipse.pde.internal.ds.ui.editor.contentassist,DSContentAssistProcessor,Unutilized Abstraction
eclipse.pde.ui-20120509-1450,org.eclipse.pde.internal.ds.ui.editor.contentassist,TypePackageCompletionProcessor,Unutilized Abstraction
eclipse.pde.ui-20120509-1450,org.eclipse.pde.internal.ds.ui.editor.contentassist,ProposalGenerator,Unutilized Abstraction
eclipse.pde.ui-20120509-1450,org.eclipse.pde.internal.ds.ui.editor.contentassist,TypePackageCompletionRequestor,Unutilized Abstraction
eclipse.pde.ui-20120509-1450,org.eclipse.pde.internal.ds.ui.editor.dialogs,DSEditPropertiesDialog,Cyclic-Dependent Modularization
eclipse.pde.ui-20120509-1450,org.eclipse.pde.internal.ds.ui.editor.dialogs,DSEditPropertyDialog,Cyclic-Dependent Modularization
eclipse.pde.ui-20120509-1450,org.eclipse.pde.internal.ds.ui.editor.dialogs,DSEditProvideDialog,Cyclic-Dependent Modularization
eclipse.pde.ui-20120509-1450,org.eclipse.pde.internal.ds.ui.editor.dialogs,DSEditReferenceDialog,Cyclic-Dependent Modularization
eclipse.pde.ui-20120509-1450,org.eclipse.pde.internal.ds.ui.editor.sections,DSComponentSection,Unutilized Abstraction
eclipse.pde.ui-20120509-1450,org.eclipse.pde.internal.ds.ui.editor.sections,DSOptionsSection,Unutilized Abstraction
eclipse.pde.ui-20120509-1450,org.eclipse.pde.internal.ds.ui.editor.sections,DSPropertiesSection,Cyclic-Dependent Modularization
eclipse.pde.ui-20120509-1450,org.eclipse.pde.internal.ds.ui.editor.sections,DSPropertiesSection,Insufficient Modularization
eclipse.pde.ui-20120509-1450,org.eclipse.pde.internal.ds.ui.editor.sections,ContentProvider,Unutilized Abstraction
eclipse.pde.ui-20120509-1450,org.eclipse.pde.internal.ds.ui.editor.sections,DSProvideSection,Cyclic-Dependent Modularization
eclipse.pde.ui-20120509-1450,org.eclipse.pde.internal.ds.ui.editor.sections,ContentProvider,Unutilized Abstraction
eclipse.pde.ui-20120509-1450,org.eclipse.pde.internal.ds.ui.editor.sections,DSReferenceSection,Cyclic-Dependent Modularization
eclipse.pde.ui-20120509-1450,org.eclipse.pde.internal.ds.ui.editor.sections,DSReferenceSection,Insufficient Modularization
eclipse.pde.ui-20120509-1450,org.eclipse.pde.internal.ds.ui.editor.sections,ReferenceLabelProvider,Unutilized Abstraction
eclipse.pde.ui-20120509-1450,org.eclipse.pde.internal.ds.ui.editor.sections,ContentProvider,Unutilized Abstraction
eclipse.pde.ui-20120509-1450,org.eclipse.pde.internal.ds.ui.parts,FormEntry,Deficient Encapsulation
eclipse.pde.ui-20120509-1450,org.eclipse.pde.internal.ds.ui.parts,FormEntry,Cyclic-Dependent Modularization
eclipse.pde.ui-20120509-1450,org.eclipse.pde.internal.ds.ui.parts,FormEntry,Insufficient Modularization
eclipse.pde.ui-20120509-1450,org.eclipse.pde.internal.ds.ui.parts,IFormEntryListener,Cyclic-Dependent Modularization
eclipse.pde.ui-20120509-1450,org.eclipse.pde.internal.ds.ui.wizards,DSCreationOperation,Unutilized Abstraction
eclipse.pde.ui-20120509-1450,org.eclipse.pde.internal.ds.ui.wizards,DSFileWizardPage,Deficient Encapsulation
eclipse.pde.ui-20120509-1450,org.eclipse.pde.internal.ds.ui.wizards,DSNewWizard,Unutilized Abstraction
eclipse.pde.ui-20120509-1450,org.eclipse.pde.internal.ua.core,Activator,Deficient Encapsulation
eclipse.pde.ui-20120509-1450,org.eclipse.pde.internal.ua.core.cheatsheet.comp,CompCS,Unutilized Abstraction
eclipse.pde.ui-20120509-1450,org.eclipse.pde.internal.ua.core.cheatsheet.comp,CompCSDataObject,Unutilized Abstraction
eclipse.pde.ui-20120509-1450,org.eclipse.pde.internal.ua.core.cheatsheet.comp,CompCSDataObject,Rebellious Hierarchy
eclipse.pde.ui-20120509-1450,org.eclipse.pde.internal.ua.core.cheatsheet.comp,CompCSDependency,Unutilized Abstraction
eclipse.pde.ui-20120509-1450,org.eclipse.pde.internal.ua.core.cheatsheet.comp,CompCSIntro,Unutilized Abstraction
eclipse.pde.ui-20120509-1450,org.eclipse.pde.internal.ua.core.cheatsheet.comp,CompCSModel,Unutilized Abstraction
eclipse.pde.ui-20120509-1450,org.eclipse.pde.internal.ua.core.cheatsheet.comp,CompCSModelFactory,Unutilized Abstraction
eclipse.pde.ui-20120509-1450,org.eclipse.pde.internal.ua.core.cheatsheet.comp,CompCSObject,Unutilized Abstraction
eclipse.pde.ui-20120509-1450,org.eclipse.pde.internal.ua.core.cheatsheet.comp,CompCSOnCompletion,Unutilized Abstraction
eclipse.pde.ui-20120509-1450,org.eclipse.pde.internal.ua.core.cheatsheet.comp,CompCSParam,Unutilized Abstraction
eclipse.pde.ui-20120509-1450,org.eclipse.pde.internal.ua.core.cheatsheet.comp,CompCSTask,Unutilized Abstraction
eclipse.pde.ui-20120509-1450,org.eclipse.pde.internal.ua.core.cheatsheet.comp,CompCSTaskGroup,Unutilized Abstraction
eclipse.pde.ui-20120509-1450,org.eclipse.pde.internal.ua.core.cheatsheet.comp,CompCSTaskObject,Unutilized Abstraction
eclipse.pde.ui-20120509-1450,org.eclipse.pde.internal.ua.core.cheatsheet.comp,CompCSTaskObject,Rebellious Hierarchy
eclipse.pde.ui-20120509-1450,org.eclipse.pde.internal.ua.core.cheatsheet.comp,CompCSTaskObject,Insufficient Modularization
eclipse.pde.ui-20120509-1450,org.eclipse.pde.internal.ua.core.cheatsheet.comp,CompCSWorkspaceModel,Unutilized Abstraction
eclipse.pde.ui-20120509-1450,org.eclipse.pde.internal.ua.core.cheatsheet.simple,ISimpleCS,Broken Hierarchy
eclipse.pde.ui-20120509-1450,org.eclipse.pde.internal.ua.core.cheatsheet.simple,ISimpleCSAction,Broken Hierarchy
eclipse.pde.ui-20120509-1450,org.eclipse.pde.internal.ua.core.cheatsheet.simple,ISimpleCSCommand,Broken Hierarchy
eclipse.pde.ui-20120509-1450,org.eclipse.pde.internal.ua.core.cheatsheet.simple,ISimpleCSConditionalSubItem,Broken Hierarchy
eclipse.pde.ui-20120509-1450,org.eclipse.pde.internal.ua.core.cheatsheet.simple,ISimpleCSConstants,Deficient Encapsulation
eclipse.pde.ui-20120509-1450,org.eclipse.pde.internal.ua.core.cheatsheet.simple,ISimpleCSConstants,Broken Modularization
eclipse.pde.ui-20120509-1450,org.eclipse.pde.internal.ua.core.cheatsheet.simple,ISimpleCSDescription,Broken Hierarchy
eclipse.pde.ui-20120509-1450,org.eclipse.pde.internal.ua.core.cheatsheet.simple,ISimpleCSHelpObject,Broken Hierarchy
eclipse.pde.ui-20120509-1450,org.eclipse.pde.internal.ua.core.cheatsheet.simple,ISimpleCSIntro,Broken Hierarchy
eclipse.pde.ui-20120509-1450,org.eclipse.pde.internal.ua.core.cheatsheet.simple,ISimpleCSIntro,Multipath Hierarchy
eclipse.pde.ui-20120509-1450,org.eclipse.pde.internal.ua.core.cheatsheet.simple,ISimpleCSItem,Broken Hierarchy
eclipse.pde.ui-20120509-1450,org.eclipse.pde.internal.ua.core.cheatsheet.simple,ISimpleCSItem,Multipath Hierarchy
eclipse.pde.ui-20120509-1450,org.eclipse.pde.internal.ua.core.cheatsheet.simple,ISimpleCSItem,Insufficient Modularization
eclipse.pde.ui-20120509-1450,org.eclipse.pde.internal.ua.core.cheatsheet.simple,ISimpleCSObject,Broken Hierarchy
eclipse.pde.ui-20120509-1450,org.eclipse.pde.internal.ua.core.cheatsheet.simple,ISimpleCSOnCompletion,Broken Hierarchy
eclipse.pde.ui-20120509-1450,org.eclipse.pde.internal.ua.core.cheatsheet.simple,ISimpleCSPerformWhen,Broken Hierarchy
eclipse.pde.ui-20120509-1450,org.eclipse.pde.internal.ua.core.cheatsheet.simple,ISimpleCSRepeatedSubItem,Broken Hierarchy
eclipse.pde.ui-20120509-1450,org.eclipse.pde.internal.ua.core.cheatsheet.simple,ISimpleCSRun,Broken Hierarchy
eclipse.pde.ui-20120509-1450,org.eclipse.pde.internal.ua.core.cheatsheet.simple,ISimpleCSRunContainerObject,Unnecessary Abstraction
eclipse.pde.ui-20120509-1450,org.eclipse.pde.internal.ua.core.cheatsheet.simple,ISimpleCSRunObject,Broken Hierarchy
eclipse.pde.ui-20120509-1450,org.eclipse.pde.internal.ua.core.cheatsheet.simple,ISimpleCSSubItem,Broken Hierarchy
eclipse.pde.ui-20120509-1450,org.eclipse.pde.internal.ua.core.cheatsheet.simple,ISimpleCSSubItemObject,Unnecessary Abstraction
eclipse.pde.ui-20120509-1450,org.eclipse.pde.internal.ua.core.cheatsheet.simple.text,SimpleCS,Unutilized Abstraction
eclipse.pde.ui-20120509-1450,org.eclipse.pde.internal.ua.core.cheatsheet.simple.text,SimpleCS,Insufficient Modularization
eclipse.pde.ui-20120509-1450,org.eclipse.pde.internal.ua.core.cheatsheet.simple.text,SimpleCSAction,Unutilized Abstraction
eclipse.pde.ui-20120509-1450,org.eclipse.pde.internal.ua.core.cheatsheet.simple.text,SimpleCSAction,Broken Hierarchy
eclipse.pde.ui-20120509-1450,org.eclipse.pde.internal.ua.core.cheatsheet.simple.text,SimpleCSCommand,Unutilized Abstraction
eclipse.pde.ui-20120509-1450,org.eclipse.pde.internal.ua.core.cheatsheet.simple.text,SimpleCSCommand,Broken Hierarchy
eclipse.pde.ui-20120509-1450,org.eclipse.pde.internal.ua.core.cheatsheet.simple.text,SimpleCSConditionalSubItem,Unutilized Abstraction
eclipse.pde.ui-20120509-1450,org.eclipse.pde.internal.ua.core.cheatsheet.simple.text,SimpleCSDescription,Unutilized Abstraction
eclipse.pde.ui-20120509-1450,org.eclipse.pde.internal.ua.core.cheatsheet.simple.text,SimpleCSDocumentFactory,Unexploited Encapsulation
eclipse.pde.ui-20120509-1450,org.eclipse.pde.internal.ua.core.cheatsheet.simple.text,SimpleCSDocumentFactory,Missing Hierarchy
eclipse.pde.ui-20120509-1450,org.eclipse.pde.internal.ua.core.cheatsheet.simple.text,SimpleCSDocumentFactory,Cyclic-Dependent Modularization
eclipse.pde.ui-20120509-1450,org.eclipse.pde.internal.ua.core.cheatsheet.simple.text,SimpleCSDocumentHandler,Cyclic-Dependent Modularization
eclipse.pde.ui-20120509-1450,org.eclipse.pde.internal.ua.core.cheatsheet.simple.text,SimpleCSDocumentTextNode,Unutilized Abstraction
eclipse.pde.ui-20120509-1450,org.eclipse.pde.internal.ua.core.cheatsheet.simple.text,SimpleCSIntro,Unutilized Abstraction
eclipse.pde.ui-20120509-1450,org.eclipse.pde.internal.ua.core.cheatsheet.simple.text,SimpleCSItem,Unutilized Abstraction
eclipse.pde.ui-20120509-1450,org.eclipse.pde.internal.ua.core.cheatsheet.simple.text,SimpleCSItem,Insufficient Modularization
eclipse.pde.ui-20120509-1450,org.eclipse.pde.internal.ua.core.cheatsheet.simple.text,SimpleCSModel,Cyclic-Dependent Modularization
eclipse.pde.ui-20120509-1450,org.eclipse.pde.internal.ua.core.cheatsheet.simple.text,SimpleCSOnCompletion,Unutilized Abstraction
eclipse.pde.ui-20120509-1450,org.eclipse.pde.internal.ua.core.cheatsheet.simple.text,SimpleCSPerformWhen,Unutilized Abstraction
eclipse.pde.ui-20120509-1450,org.eclipse.pde.internal.ua.core.cheatsheet.simple.text,SimpleCSRepeatedSubItem,Unutilized Abstraction
eclipse.pde.ui-20120509-1450,org.eclipse.pde.internal.ua.core.cheatsheet.simple.text,SimpleCSRunObject,Unutilized Abstraction
eclipse.pde.ui-20120509-1450,org.eclipse.pde.internal.ua.core.cheatsheet.simple.text,SimpleCSRunObject,Broken Hierarchy
eclipse.pde.ui-20120509-1450,org.eclipse.pde.internal.ua.core.ctxhelp,ICtxHelpConstants,Deficient Encapsulation
eclipse.pde.ui-20120509-1450,org.eclipse.pde.internal.ua.core.ctxhelp,ICtxHelpConstants,Broken Modularization
eclipse.pde.ui-20120509-1450,org.eclipse.pde.internal.ua.core.ctxhelp.text,CtxHelpDescriptionTextNode,Unutilized Abstraction
eclipse.pde.ui-20120509-1450,org.eclipse.pde.internal.ua.core.ctxhelp.text,CtxHelpDocumentFactory,Cyclic-Dependent Modularization
eclipse.pde.ui-20120509-1450,org.eclipse.pde.internal.ua.core.ctxhelp.text,CtxHelpDocumentHandler,Cyclic-Dependent Modularization
eclipse.pde.ui-20120509-1450,org.eclipse.pde.internal.ua.core.ctxhelp.text,CtxHelpMarkerManager,Cyclic-Dependent Modularization
eclipse.pde.ui-20120509-1450,org.eclipse.pde.internal.ua.core.ctxhelp.text,CtxHelpModel,Cyclic-Dependent Modularization
eclipse.pde.ui-20120509-1450,org.eclipse.pde.internal.ua.core.ctxhelp.text,CtxHelpRoot,Cyclic-Dependent Modularization
eclipse.pde.ui-20120509-1450,org.eclipse.pde.internal.ua.core.icheatsheet,ICSConstants,Unnecessary Abstraction
eclipse.pde.ui-20120509-1450,org.eclipse.pde.internal.ua.core.icheatsheet,ICSConstants,Unutilized Abstraction
eclipse.pde.ui-20120509-1450,org.eclipse.pde.internal.ua.core.icheatsheet,ICSConstants,Deficient Encapsulation
eclipse.pde.ui-20120509-1450,org.eclipse.pde.internal.ua.core.icheatsheet.comp,ICompCS,Broken Hierarchy
eclipse.pde.ui-20120509-1450,org.eclipse.pde.internal.ua.core.icheatsheet.comp,ICompCSConstants,Deficient Encapsulation
eclipse.pde.ui-20120509-1450,org.eclipse.pde.internal.ua.core.icheatsheet.comp,ICompCSConstants,Broken Modularization
eclipse.pde.ui-20120509-1450,org.eclipse.pde.internal.ua.core.icheatsheet.comp,ICompCSDataObject,Unutilized Abstraction
eclipse.pde.ui-20120509-1450,org.eclipse.pde.internal.ua.core.icheatsheet.comp,ICompCSDataObject,Broken Hierarchy
eclipse.pde.ui-20120509-1450,org.eclipse.pde.internal.ua.core.icheatsheet.comp,ICompCSDependency,Broken Hierarchy
eclipse.pde.ui-20120509-1450,org.eclipse.pde.internal.ua.core.icheatsheet.comp,ICompCSIntro,Unnecessary Abstraction
eclipse.pde.ui-20120509-1450,org.eclipse.pde.internal.ua.core.icheatsheet.comp,ICompCSIntro,Unutilized Abstraction
eclipse.pde.ui-20120509-1450,org.eclipse.pde.internal.ua.core.icheatsheet.comp,ICompCSObject,Broken Hierarchy
eclipse.pde.ui-20120509-1450,org.eclipse.pde.internal.ua.core.icheatsheet.comp,ICompCSOnCompletion,Unnecessary Abstraction
eclipse.pde.ui-20120509-1450,org.eclipse.pde.internal.ua.core.icheatsheet.comp,ICompCSOnCompletion,Unutilized Abstraction
eclipse.pde.ui-20120509-1450,org.eclipse.pde.internal.ua.core.icheatsheet.comp,ICompCSParam,Broken Hierarchy
eclipse.pde.ui-20120509-1450,org.eclipse.pde.internal.ua.core.icheatsheet.comp,ICompCSTask,Broken Hierarchy
eclipse.pde.ui-20120509-1450,org.eclipse.pde.internal.ua.core.icheatsheet.comp,ICompCSTaskGroup,Broken Hierarchy
eclipse.pde.ui-20120509-1450,org.eclipse.pde.internal.ua.core.icheatsheet.comp,ICompCSTaskObject,Broken Hierarchy
eclipse.pde.ui-20120509-1450,org.eclipse.pde.internal.ua.core.toc,ITocConstants,Deficient Encapsulation
eclipse.pde.ui-20120509-1450,org.eclipse.pde.internal.ua.core.toc,ITocConstants,Broken Modularization
eclipse.pde.ui-20120509-1450,org.eclipse.pde.internal.ua.core.toc.text,Toc,Cyclic-Dependent Modularization
eclipse.pde.ui-20120509-1450,org.eclipse.pde.internal.ua.core.toc.text,TocDocumentFactory,Cyclic-Dependent Modularization
eclipse.pde.ui-20120509-1450,org.eclipse.pde.internal.ua.core.toc.text,TocDocumentHandler,Cyclic-Dependent Modularization
eclipse.pde.ui-20120509-1450,org.eclipse.pde.internal.ua.core.toc.text,TocMarkerManager,Cyclic-Dependent Modularization
eclipse.pde.ui-20120509-1450,org.eclipse.pde.internal.ua.core.toc.text,TocModel,Cyclic-Dependent Modularization
eclipse.pde.ui-20120509-1450,org.eclipse.pde.internal.ua.tests,Activator,Deficient Encapsulation
eclipse.pde.ui-20120509-1450,org.eclipse.pde.internal.ua.tests,AllUATests,Unutilized Abstraction
eclipse.pde.ui-20120509-1450,org.eclipse.pde.internal.ua.tests.cheatsheet,AbstractCheatSheetModelTestCase,Unutilized Abstraction
eclipse.pde.ui-20120509-1450,org.eclipse.pde.internal.ua.tests.cheatsheet,CheatSheetModelTestCase,Unutilized Abstraction
eclipse.pde.ui-20120509-1450,org.eclipse.pde.internal.ua.tests.cheatsheet,SimpleCSIntroTestCase,Unutilized Abstraction
eclipse.pde.ui-20120509-1450,org.eclipse.pde.internal.ua.tests.cheatsheet,SimpleCSIntroTestCase,Broken Hierarchy
eclipse.pde.ui-20120509-1450,org.eclipse.pde.internal.ua.tests.cheatsheet,SimpleCSItemAPITestCase,Unutilized Abstraction
eclipse.pde.ui-20120509-1450,org.eclipse.pde.internal.ua.tests.cheatsheet,SimpleCSItemAPITestCase,Broken Hierarchy
eclipse.pde.ui-20120509-1450,org.eclipse.pde.internal.ua.tests.cheatsheet,SimpleCSItemTestCase,Unutilized Abstraction
eclipse.pde.ui-20120509-1450,org.eclipse.pde.internal.ua.tests.cheatsheet,SimpleCSItemTestCase,Broken Hierarchy
eclipse.pde.ui-20120509-1450,org.eclipse.pde.internal.ua.tests.cheatsheet,SimpleCSSSpellCheckTestCase,Unutilized Abstraction
eclipse.pde.ui-20120509-1450,org.eclipse.pde.internal.ua.tests.cheatsheet,SimpleCSSSpellCheckTestCase,Broken Hierarchy
eclipse.pde.ui-20120509-1450,org.eclipse.pde.internal.ua.tests.cheatsheet,SimpleCSSubItemAPITestCase,Unutilized Abstraction
eclipse.pde.ui-20120509-1450,org.eclipse.pde.internal.ua.tests.cheatsheet,SimpleCSSubItemAPITestCase,Broken Hierarchy
eclipse.pde.ui-20120509-1450,org.eclipse.pde.internal.ua.tests.cheatsheet,SimpleCSSubItemTestCase,Unutilized Abstraction
eclipse.pde.ui-20120509-1450,org.eclipse.pde.internal.ua.tests.cheatsheet,SimpleCSSubItemTestCase,Broken Hierarchy
eclipse.pde.ui-20120509-1450,org.eclipse.pde.internal.ua.ui,IConstants,Deficient Encapsulation
eclipse.pde.ui-20120509-1450,org.eclipse.pde.internal.ua.ui,IConstants,Broken Modularization
eclipse.pde.ui-20120509-1450,org.eclipse.pde.internal.ua.ui,PDEUserAssistanceLabelProvider,Cyclic-Dependent Modularization
eclipse.pde.ui-20120509-1450,org.eclipse.pde.internal.ua.ui,PDEUserAssistanceUIPlugin,Deficient Encapsulation
eclipse.pde.ui-20120509-1450,org.eclipse.pde.internal.ua.ui,PDEUserAssistanceUIPlugin,Cyclic-Dependent Modularization
eclipse.pde.ui-20120509-1450,org.eclipse.pde.internal.ua.ui,PDEUserAssistanceUIPluginImages,Deficient Encapsulation
eclipse.pde.ui-20120509-1450,org.eclipse.pde.internal.ua.ui,PDEUserAssistanceUIPluginImages,Cyclic-Dependent Modularization
eclipse.pde.ui-20120509-1450,org.eclipse.pde.internal.ua.ui.editor.cheatsheet,CSAbstractDetails,Unutilized Abstraction
eclipse.pde.ui-20120509-1450,org.eclipse.pde.internal.ua.ui.editor.cheatsheet,CSAbstractDetails,Rebellious Hierarchy
eclipse.pde.ui-20120509-1450,org.eclipse.pde.internal.ua.ui.editor.cheatsheet,CSAbstractEditor,Unutilized Abstraction
eclipse.pde.ui-20120509-1450,org.eclipse.pde.internal.ua.ui.editor.cheatsheet,CSAbstractSubDetails,Unutilized Abstraction
eclipse.pde.ui-20120509-1450,org.eclipse.pde.internal.ua.ui.editor.cheatsheet,ICSDetails,Unutilized Abstraction
eclipse.pde.ui-20120509-1450,org.eclipse.pde.internal.ua.ui.editor.cheatsheet,Messages,Deficient Encapsulation
eclipse.pde.ui-20120509-1450,org.eclipse.pde.internal.ua.ui.editor.cheatsheet.comp,CompCSBlock,Cyclic-Dependent Modularization
eclipse.pde.ui-20120509-1450,org.eclipse.pde.internal.ua.ui.editor.cheatsheet.comp,CompCSContentProvider,Unutilized Abstraction
eclipse.pde.ui-20120509-1450,org.eclipse.pde.internal.ua.ui.editor.cheatsheet.comp,CompCSEditor,Unutilized Abstraction
eclipse.pde.ui-20120509-1450,org.eclipse.pde.internal.ua.ui.editor.cheatsheet.comp,CompCSEditorContributor,Unutilized Abstraction
eclipse.pde.ui-20120509-1450,org.eclipse.pde.internal.ua.ui.editor.cheatsheet.comp,CompCSFileValidator,Unutilized Abstraction
eclipse.pde.ui-20120509-1450,org.eclipse.pde.internal.ua.ui.editor.cheatsheet.comp,CompCSFormOutlinePage,Unutilized Abstraction
eclipse.pde.ui-20120509-1450,org.eclipse.pde.internal.ua.ui.editor.cheatsheet.comp,CompCSLabelProvider,Unutilized Abstraction
eclipse.pde.ui-20120509-1450,org.eclipse.pde.internal.ua.ui.editor.cheatsheet.comp,CompCSInputContext,Deficient Encapsulation
eclipse.pde.ui-20120509-1450,org.eclipse.pde.internal.ua.ui.editor.cheatsheet.comp,CompCSInputContextManager,Unutilized Abstraction
eclipse.pde.ui-20120509-1450,org.eclipse.pde.internal.ua.ui.editor.cheatsheet.comp,CompCSMasterTreeSection,Cyclic-Dependent Modularization
eclipse.pde.ui-20120509-1450,org.eclipse.pde.internal.ua.ui.editor.cheatsheet.comp,CompCSMasterTreeSection,Insufficient Modularization
eclipse.pde.ui-20120509-1450,org.eclipse.pde.internal.ua.ui.editor.cheatsheet.comp,CompCSPage,Deficient Encapsulation
eclipse.pde.ui-20120509-1450,org.eclipse.pde.internal.ua.ui.editor.cheatsheet.comp,CompCSPage,Cyclic-Dependent Modularization
eclipse.pde.ui-20120509-1450,org.eclipse.pde.internal.ua.ui.editor.cheatsheet.comp,Messages,Deficient Encapsulation
eclipse.pde.ui-20120509-1450,org.eclipse.pde.internal.ua.ui.editor.cheatsheet.comp.actions,ActionsMessages,Deficient Encapsulation
eclipse.pde.ui-20120509-1450,org.eclipse.pde.internal.ua.ui.editor.cheatsheet.comp.actions,CompCSAbstractAddAction,Unutilized Abstraction
eclipse.pde.ui-20120509-1450,org.eclipse.pde.internal.ua.ui.editor.cheatsheet.comp.actions,CompCSAddGroupAction,Unutilized Abstraction
eclipse.pde.ui-20120509-1450,org.eclipse.pde.internal.ua.ui.editor.cheatsheet.comp.actions,CompCSAddGroupAction,Broken Hierarchy
eclipse.pde.ui-20120509-1450,org.eclipse.pde.internal.ua.ui.editor.cheatsheet.comp.actions,CompCSAddTaskAction,Unutilized Abstraction
eclipse.pde.ui-20120509-1450,org.eclipse.pde.internal.ua.ui.editor.cheatsheet.comp.actions,CompCSAddTaskAction,Broken Hierarchy
eclipse.pde.ui-20120509-1450,org.eclipse.pde.internal.ua.ui.editor.cheatsheet.comp.details,CompCSTaskDetails,Insufficient Modularization
eclipse.pde.ui-20120509-1450,org.eclipse.pde.internal.ua.ui.editor.cheatsheet.comp.details,DetailsMessages,Deficient Encapsulation
eclipse.pde.ui-20120509-1450,org.eclipse.pde.internal.ua.ui.editor.cheatsheet.simple,SimpleCSBlock,Cyclic-Dependent Modularization
eclipse.pde.ui-20120509-1450,org.eclipse.pde.internal.ua.ui.editor.cheatsheet.simple,SimpleCSContentProvider,Unutilized Abstraction
eclipse.pde.ui-20120509-1450,org.eclipse.pde.internal.ua.ui.editor.cheatsheet.simple,SimpleCSDefinitionPage,Deficient Encapsulation
eclipse.pde.ui-20120509-1450,org.eclipse.pde.internal.ua.ui.editor.cheatsheet.simple,SimpleCSDefinitionPage,Cyclic-Dependent Modularization
eclipse.pde.ui-20120509-1450,org.eclipse.pde.internal.ua.ui.editor.cheatsheet.simple,SimpleCSFormOutlinePage,Unutilized Abstraction
eclipse.pde.ui-20120509-1450,org.eclipse.pde.internal.ua.ui.editor.cheatsheet.simple,SimpleCSLabelProvider,Unutilized Abstraction
eclipse.pde.ui-20120509-1450,org.eclipse.pde.internal.ua.ui.editor.cheatsheet.simple,SimpleCSHyperlinkDetector,Unutilized Abstraction
eclipse.pde.ui-20120509-1450,org.eclipse.pde.internal.ua.ui.editor.cheatsheet.simple,SimpleCSInputContext,Deficient Encapsulation
eclipse.pde.ui-20120509-1450,org.eclipse.pde.internal.ua.ui.editor.cheatsheet.simple,SimpleCSInputContextManager,Unutilized Abstraction
eclipse.pde.ui-20120509-1450,org.eclipse.pde.internal.ua.ui.editor.cheatsheet.simple,SimpleCSMasterTreeSection,Cyclic-Dependent Modularization
eclipse.pde.ui-20120509-1450,org.eclipse.pde.internal.ua.ui.editor.cheatsheet.simple,SimpleCSMasterTreeSection,Insufficient Modularization
eclipse.pde.ui-20120509-1450,org.eclipse.pde.internal.ua.ui.editor.cheatsheet.simple,SimpleMessages,Deficient Encapsulation
eclipse.pde.ui-20120509-1450,org.eclipse.pde.internal.ua.ui.editor.cheatsheet.simple.actions,SimpleActionMessages,Deficient Encapsulation
eclipse.pde.ui-20120509-1450,org.eclipse.pde.internal.ua.ui.editor.cheatsheet.simple.actions,SimpleCSAddStepAction,Unutilized Abstraction
eclipse.pde.ui-20120509-1450,org.eclipse.pde.internal.ua.ui.editor.cheatsheet.simple.actions,SimpleCSAddSubStepAction,Unutilized Abstraction
eclipse.pde.ui-20120509-1450,org.eclipse.pde.internal.ua.ui.editor.cheatsheet.simple.actions,SimpleCSRemoveRunObjectAction,Unutilized Abstraction
eclipse.pde.ui-20120509-1450,org.eclipse.pde.internal.ua.ui.editor.cheatsheet.simple.actions,SimpleCSRemoveStepAction,Unutilized Abstraction
eclipse.pde.ui-20120509-1450,org.eclipse.pde.internal.ua.ui.editor.cheatsheet.simple.actions,SimpleCSRemoveSubStepAction,Unutilized Abstraction
eclipse.pde.ui-20120509-1450,org.eclipse.pde.internal.ua.ui.editor.cheatsheet.simple.details,SimpleDetailsMessages,Deficient Encapsulation
eclipse.pde.ui-20120509-1450,org.eclipse.pde.internal.ua.ui.editor.ctxhelp,CtxHelpContentProvider,Unutilized Abstraction
eclipse.pde.ui-20120509-1450,org.eclipse.pde.internal.ua.ui.editor.ctxhelp,CtxHelpEditor,Unutilized Abstraction
eclipse.pde.ui-20120509-1450,org.eclipse.pde.internal.ua.ui.editor.ctxhelp,CtxHelpEditor,Insufficient Modularization
eclipse.pde.ui-20120509-1450,org.eclipse.pde.internal.ua.ui.editor.ctxhelp,CtxHelpFormOutlinePage,Unutilized Abstraction
eclipse.pde.ui-20120509-1450,org.eclipse.pde.internal.ua.ui.editor.ctxhelp,CtxHelpLabelProvider,Unutilized Abstraction
eclipse.pde.ui-20120509-1450,org.eclipse.pde.internal.ua.ui.editor.ctxhelp,CtxHelpInputContext,Deficient Encapsulation
eclipse.pde.ui-20120509-1450,org.eclipse.pde.internal.ua.ui.editor.ctxhelp,CtxHelpInputContextManager,Unutilized Abstraction
eclipse.pde.ui-20120509-1450,org.eclipse.pde.internal.ua.ui.editor.ctxhelp,CtxHelpMessages,Deficient Encapsulation
eclipse.pde.ui-20120509-1450,org.eclipse.pde.internal.ua.ui.editor.ctxhelp,CtxHelpPage,Deficient Encapsulation
eclipse.pde.ui-20120509-1450,org.eclipse.pde.internal.ua.ui.editor.ctxhelp,CtxHelpSourcePage,Unutilized Abstraction
eclipse.pde.ui-20120509-1450,org.eclipse.pde.internal.ua.ui.editor.ctxhelp,CtxHelpTreeSection,Insufficient Modularization
eclipse.pde.ui-20120509-1450,org.eclipse.pde.internal.ua.ui.editor.ctxhelp,OpenLinkAction,Unutilized Abstraction
eclipse.pde.ui-20120509-1450,org.eclipse.pde.internal.ua.ui.editor.ctxhelp.details,CtxHelpAbstractDetails,Unutilized Abstraction
eclipse.pde.ui-20120509-1450,org.eclipse.pde.internal.ua.ui.editor.ctxhelp.details,CtxHelpCommandDetails,Unutilized Abstraction
eclipse.pde.ui-20120509-1450,org.eclipse.pde.internal.ua.ui.editor.ctxhelp.details,CtxHelpContextDetails,Unutilized Abstraction
eclipse.pde.ui-20120509-1450,org.eclipse.pde.internal.ua.ui.editor.ctxhelp.details,CtxHelpDescriptionDetails,Unutilized Abstraction
eclipse.pde.ui-20120509-1450,org.eclipse.pde.internal.ua.ui.editor.ctxhelp.details,CtxHelpDetailsMessages,Deficient Encapsulation
eclipse.pde.ui-20120509-1450,org.eclipse.pde.internal.ua.ui.editor.ctxhelp.details,CtxHelpTopicDetails,Unutilized Abstraction
eclipse.pde.ui-20120509-1450,org.eclipse.pde.internal.ua.ui.editor.toc,HelpEditorUtil,Deficient Encapsulation
eclipse.pde.ui-20120509-1450,org.eclipse.pde.internal.ua.ui.editor.toc,TocContentProvider,Unutilized Abstraction
eclipse.pde.ui-20120509-1450,org.eclipse.pde.internal.ua.ui.editor.toc,TocDragAdapter,Cyclic-Dependent Modularization
eclipse.pde.ui-20120509-1450,org.eclipse.pde.internal.ua.ui.editor.toc,TocDropAdapter,Deficient Encapsulation
eclipse.pde.ui-20120509-1450,org.eclipse.pde.internal.ua.ui.editor.toc,TocDropAdapter,Cyclic-Dependent Modularization
eclipse.pde.ui-20120509-1450,org.eclipse.pde.internal.ua.ui.editor.toc,TocEditor,Unutilized Abstraction
eclipse.pde.ui-20120509-1450,org.eclipse.pde.internal.ua.ui.editor.toc,TocEditor,Insufficient Modularization
eclipse.pde.ui-20120509-1450,org.eclipse.pde.internal.ua.ui.editor.toc,TocEditorContributor,Unutilized Abstraction
eclipse.pde.ui-20120509-1450,org.eclipse.pde.internal.ua.ui.editor.toc,TocFileValidator,Unutilized Abstraction
eclipse.pde.ui-20120509-1450,org.eclipse.pde.internal.ua.ui.editor.toc,TocFoldingStructureProvider,Unutilized Abstraction
eclipse.pde.ui-20120509-1450,org.eclipse.pde.internal.ua.ui.editor.toc,TocFormOutlinePage,Unutilized Abstraction
eclipse.pde.ui-20120509-1450,org.eclipse.pde.internal.ua.ui.editor.toc,TocLabelProvider,Unutilized Abstraction
eclipse.pde.ui-20120509-1450,org.eclipse.pde.internal.ua.ui.editor.toc,TocHyperlinkDetector,Unutilized Abstraction
eclipse.pde.ui-20120509-1450,org.eclipse.pde.internal.ua.ui.editor.toc,TocInputContext,Deficient Encapsulation
eclipse.pde.ui-20120509-1450,org.eclipse.pde.internal.ua.ui.editor.toc,TocInputContextManager,Unutilized Abstraction
eclipse.pde.ui-20120509-1450,org.eclipse.pde.internal.ua.ui.editor.toc,TocMessages,Deficient Encapsulation
eclipse.pde.ui-20120509-1450,org.eclipse.pde.internal.ua.ui.editor.toc,TocPage,Deficient Encapsulation
eclipse.pde.ui-20120509-1450,org.eclipse.pde.internal.ua.ui.editor.toc,TocSourcePage,Unutilized Abstraction
eclipse.pde.ui-20120509-1450,org.eclipse.pde.internal.ua.ui.editor.toc,TocTreeSection,Cyclic-Dependent Modularization
eclipse.pde.ui-20120509-1450,org.eclipse.pde.internal.ua.ui.editor.toc,TocTreeSection,Insufficient Modularization
eclipse.pde.ui-20120509-1450,org.eclipse.pde.internal.ua.ui.editor.toc.actions,TocActionMessages,Deficient Encapsulation
eclipse.pde.ui-20120509-1450,org.eclipse.pde.internal.ua.ui.editor.toc.actions,TocAddAnchorAction,Unutilized Abstraction
eclipse.pde.ui-20120509-1450,org.eclipse.pde.internal.ua.ui.editor.toc.actions,TocAddAnchorAction,Broken Hierarchy
eclipse.pde.ui-20120509-1450,org.eclipse.pde.internal.ua.ui.editor.toc.actions,TocAddLinkAction,Unutilized Abstraction
eclipse.pde.ui-20120509-1450,org.eclipse.pde.internal.ua.ui.editor.toc.actions,TocAddLinkAction,Broken Hierarchy
eclipse.pde.ui-20120509-1450,org.eclipse.pde.internal.ua.ui.editor.toc.actions,TocAddObjectAction,Unutilized Abstraction
eclipse.pde.ui-20120509-1450,org.eclipse.pde.internal.ua.ui.editor.toc.actions,TocAddTopicAction,Unutilized Abstraction
eclipse.pde.ui-20120509-1450,org.eclipse.pde.internal.ua.ui.editor.toc.actions,TocAddTopicAction,Broken Hierarchy
eclipse.pde.ui-20120509-1450,org.eclipse.pde.internal.ua.ui.editor.toc.actions,TocRemoveObjectAction,Unutilized Abstraction
eclipse.pde.ui-20120509-1450,org.eclipse.pde.internal.ua.ui.editor.toc.details,HelpEditorFilter,Unutilized Abstraction
eclipse.pde.ui-20120509-1450,org.eclipse.pde.internal.ua.ui.editor.toc.details,TocAbstractDetails,Unutilized Abstraction
eclipse.pde.ui-20120509-1450,org.eclipse.pde.internal.ua.ui.editor.toc.details,TocAnchorDetails,Unutilized Abstraction
eclipse.pde.ui-20120509-1450,org.eclipse.pde.internal.ua.ui.editor.toc.details,TocDetails,Unutilized Abstraction
eclipse.pde.ui-20120509-1450,org.eclipse.pde.internal.ua.ui.editor.toc.details,TocDetailsMessages,Deficient Encapsulation
eclipse.pde.ui-20120509-1450,org.eclipse.pde.internal.ua.ui.editor.toc.details,TocLinkDetails,Unutilized Abstraction
eclipse.pde.ui-20120509-1450,org.eclipse.pde.internal.ua.ui.editor.toc.details,TocTopicDetails,Unutilized Abstraction
eclipse.pde.ui-20120509-1450,org.eclipse.pde.internal.ua.ui.wizards.cheatsheet,CSCategoryTrackerUtil,Deficient Encapsulation
eclipse.pde.ui-20120509-1450,org.eclipse.pde.internal.ua.ui.wizards.cheatsheet,CSFileWizardPage,Deficient Encapsulation
eclipse.pde.ui-20120509-1450,org.eclipse.pde.internal.ua.ui.wizards.cheatsheet,CSWizardMessages,Deficient Encapsulation
eclipse.pde.ui-20120509-1450,org.eclipse.pde.internal.ua.ui.wizards.cheatsheet,CompCSCreationOperation,Broken Hierarchy
eclipse.pde.ui-20120509-1450,org.eclipse.pde.internal.ua.ui.wizards.cheatsheet,NewCSFileWizard,Unutilized Abstraction
eclipse.pde.ui-20120509-1450,org.eclipse.pde.internal.ua.ui.wizards.cheatsheet,NewSimpleCSFileWizard,Unutilized Abstraction
eclipse.pde.ui-20120509-1450,org.eclipse.pde.internal.ua.ui.wizards.cheatsheet,RegisterCSOperation,Deficient Encapsulation
eclipse.pde.ui-20120509-1450,org.eclipse.pde.internal.ua.ui.wizards.cheatsheet,RegisterCSOperation,Cyclic-Dependent Modularization
eclipse.pde.ui-20120509-1450,org.eclipse.pde.internal.ua.ui.wizards.cheatsheet,FindCSExtensionResult,Deficient Encapsulation
eclipse.pde.ui-20120509-1450,org.eclipse.pde.internal.ua.ui.wizards.cheatsheet,RegisterCSWizardPage,Deficient Encapsulation
eclipse.pde.ui-20120509-1450,org.eclipse.pde.internal.ua.ui.wizards.cheatsheet,RegisterCSWizardPage,Rebellious Hierarchy
eclipse.pde.ui-20120509-1450,org.eclipse.pde.internal.ua.ui.wizards.cheatsheet,RegisterCSWizardPage,Cyclic-Dependent Modularization
eclipse.pde.ui-20120509-1450,org.eclipse.pde.internal.ua.ui.wizards.cheatsheet,RegisterCSWizardPage,Insufficient Modularization
eclipse.pde.ui-20120509-1450,org.eclipse.pde.internal.ua.ui.wizards.cheatsheet,RegisterCompCSWizardPage,Unutilized Abstraction
eclipse.pde.ui-20120509-1450,org.eclipse.pde.internal.ua.ui.wizards.cheatsheet,RegisterSimpleCSWizardPage,Unutilized Abstraction
eclipse.pde.ui-20120509-1450,org.eclipse.pde.internal.ua.ui.wizards.cheatsheet,SimpleCSCreationOperation,Unutilized Abstraction
eclipse.pde.ui-20120509-1450,org.eclipse.pde.internal.ua.ui.wizards.cheatsheet,SimpleCSCreationOperation,Broken Hierarchy
eclipse.pde.ui-20120509-1450,org.eclipse.pde.internal.ua.ui.wizards.cheatsheet,SimpleCSFileWizardPage,Deficient Encapsulation
eclipse.pde.ui-20120509-1450,org.eclipse.pde.internal.ua.ui.wizards.ctxhelp,CtxWizardMessages,Deficient Encapsulation
eclipse.pde.ui-20120509-1450,org.eclipse.pde.internal.ua.ui.wizards.ctxhelp,NewCtxHelpOperation,Unutilized Abstraction
eclipse.pde.ui-20120509-1450,org.eclipse.pde.internal.ua.ui.wizards.ctxhelp,NewCtxHelpWizard,Unutilized Abstraction
eclipse.pde.ui-20120509-1450,org.eclipse.pde.internal.ua.ui.wizards.ctxhelp,RegisterCtxHelpOperation,Unutilized Abstraction
eclipse.pde.ui-20120509-1450,org.eclipse.pde.internal.ua.ui.wizards.ctxhelp,RegisterCtxHelpOperation,Deficient Encapsulation
eclipse.pde.ui-20120509-1450,org.eclipse.pde.internal.ua.ui.wizards.ctxhelp,RegisterCtxHelpWizardPage,Unutilized Abstraction
eclipse.pde.ui-20120509-1450,org.eclipse.pde.internal.ua.ui.wizards.toc,NewTocFileWizard,Unutilized Abstraction
eclipse.pde.ui-20120509-1450,org.eclipse.pde.internal.ua.ui.wizards.toc,RegisterTocOperation,Deficient Encapsulation
eclipse.pde.ui-20120509-1450,org.eclipse.pde.internal.ua.ui.wizards.toc,FindTocExtensionResult,Deficient Encapsulation
eclipse.pde.ui-20120509-1450,org.eclipse.pde.internal.ua.ui.wizards.toc,RegisterTocWizardPage,Deficient Encapsulation
eclipse.pde.ui-20120509-1450,org.eclipse.pde.internal.ua.ui.wizards.toc,TocHTMLWizardPage,Unutilized Abstraction
eclipse.pde.ui-20120509-1450,org.eclipse.pde.internal.ua.ui.wizards.toc,TocOperation,Unutilized Abstraction
eclipse.pde.ui-20120509-1450,org.eclipse.pde.internal.ua.ui.wizards.toc,TocWizardMessages,Deficient Encapsulation
eclipse.pde.ui-20120509-1450,org.eclipse.pde.core,IIdentifiable,Deficient Encapsulation
eclipse.pde.ui-20120509-1450,org.eclipse.pde.core,IModel,Broken Hierarchy
eclipse.pde.ui-20120509-1450,org.eclipse.pde.core,IModelProvider,Unutilized Abstraction
eclipse.pde.ui-20120509-1450,org.eclipse.pde.core,ModelChangedEvent,Unutilized Abstraction
eclipse.pde.ui-20120509-1450,org.eclipse.pde.core.build,IBuildEntry,Deficient Encapsulation
eclipse.pde.ui-20120509-1450,org.eclipse.pde.core.plugin,IExtensionsModel,Unnecessary Abstraction
eclipse.pde.ui-20120509-1450,org.eclipse.pde.core.plugin,IExtensionsModel,Unutilized Abstraction
eclipse.pde.ui-20120509-1450,org.eclipse.pde.core.plugin,IExtensionsModelFactory,Unutilized Abstraction
eclipse.pde.ui-20120509-1450,org.eclipse.pde.core.plugin,IFragment,Unutilized Abstraction
eclipse.pde.ui-20120509-1450,org.eclipse.pde.core.plugin,IMatchRules,Broken Modularization
eclipse.pde.ui-20120509-1450,org.eclipse.pde.core.plugin,IPluginModel,Unutilized Abstraction
eclipse.pde.ui-20120509-1450,org.eclipse.pde.core.plugin,IPluginModelFactory,Unutilized Abstraction
eclipse.pde.ui-20120509-1450,org.eclipse.pde.core.plugin,PluginRegistry,Cyclic-Dependent Modularization
eclipse.pde.ui-20120509-1450,org.eclipse.pde.core.project,IBundleProjectDescription,Deficient Encapsulation
eclipse.pde.ui-20120509-1450,org.eclipse.pde.core.project,IBundleProjectDescription,Insufficient Modularization
eclipse.pde.ui-20120509-1450,org.eclipse.pde.core.target,ITargetDefinition,Cyclic-Dependent Modularization
eclipse.pde.ui-20120509-1450,org.eclipse.pde.core.target,ITargetDefinition,Insufficient Modularization
eclipse.pde.ui-20120509-1450,org.eclipse.pde.core.target,ITargetLocation,Cyclic-Dependent Modularization
eclipse.pde.ui-20120509-1450,org.eclipse.pde.core.target,ITargetPlatformService,Deficient Encapsulation
eclipse.pde.ui-20120509-1450,org.eclipse.pde.core.target,NameVersionDescriptor,Deficient Encapsulation
eclipse.pde.ui-20120509-1450,org.eclipse.pde.core.target,TargetBundle,Deficient Encapsulation
eclipse.pde.ui-20120509-1450,org.eclipse.pde.core.target,TargetBundle,Cyclic-Dependent Modularization
eclipse.pde.ui-20120509-1450,org.eclipse.pde.core.target,TargetFeature,Cyclic-Dependent Modularization
eclipse.pde.ui-20120509-1450,org.eclipse.pde.internal.core,AbstractModelManager,Unutilized Abstraction
eclipse.pde.ui-20120509-1450,org.eclipse.pde.internal.core,AbstractNLModel,Unutilized Abstraction
eclipse.pde.ui-20120509-1450,org.eclipse.pde.internal.core,BinaryRepositoryProvider,Unutilized Abstraction
eclipse.pde.ui-20120509-1450,org.eclipse.pde.internal.core,BinaryRepositoryProvider,Deficient Encapsulation
eclipse.pde.ui-20120509-1450,org.eclipse.pde.internal.core,BinaryMoveDeleteHook,Unutilized Abstraction
eclipse.pde.ui-20120509-1450,org.eclipse.pde.internal.core,BinaryFileModificationValidator,Unutilized Abstraction
eclipse.pde.ui-20120509-1450,org.eclipse.pde.internal.core,BundleManifestSourceLocationManager,Cyclic-Dependent Modularization
eclipse.pde.ui-20120509-1450,org.eclipse.pde.internal.core,ClasspathContainerResolverManager,Cyclic-Dependent Modularization
eclipse.pde.ui-20120509-1450,org.eclipse.pde.internal.core,ClasspathUtilCore,Cyclic-Dependent Modularization
eclipse.pde.ui-20120509-1450,org.eclipse.pde.internal.core,EclipseHomeInitializer,Deficient Encapsulation
eclipse.pde.ui-20120509-1450,org.eclipse.pde.internal.core,ExtensionDeltaEvent,Unutilized Abstraction
eclipse.pde.ui-20120509-1450,org.eclipse.pde.internal.core,ExternalFeatureModelManager,Cyclic-Dependent Modularization
eclipse.pde.ui-20120509-1450,org.eclipse.pde.internal.core,ExternalJavaSearchInitializer,Unutilized Abstraction
eclipse.pde.ui-20120509-1450,org.eclipse.pde.internal.core,ExternalModelManager,Unutilized Abstraction
eclipse.pde.ui-20120509-1450,org.eclipse.pde.internal.core,ExternalModelManager,Broken Hierarchy
eclipse.pde.ui-20120509-1450,org.eclipse.pde.internal.core,ExternalModelManager,Cyclic-Dependent Modularization
eclipse.pde.ui-20120509-1450,org.eclipse.pde.internal.core,ExternalLibraryCache,Unutilized Abstraction
eclipse.pde.ui-20120509-1450,org.eclipse.pde.internal.core,FeatureModelManager,Cyclic-Dependent Modularization
eclipse.pde.ui-20120509-1450,org.eclipse.pde.internal.core,FileAdapter,Cyclic-Dependent Modularization
eclipse.pde.ui-20120509-1450,org.eclipse.pde.internal.core,ICoreConstants,Deficient Encapsulation
eclipse.pde.ui-20120509-1450,org.eclipse.pde.internal.core,ICoreConstants,Broken Modularization
eclipse.pde.ui-20120509-1450,org.eclipse.pde.internal.core,ICoreConstants,Cyclic-Dependent Modularization
eclipse.pde.ui-20120509-1450,org.eclipse.pde.internal.core,IFeatureModelDelta,Deficient Encapsulation
eclipse.pde.ui-20120509-1450,org.eclipse.pde.internal.core,IFileAdapterFactory,Cyclic-Dependent Modularization
eclipse.pde.ui-20120509-1450,org.eclipse.pde.internal.core,JavaElementChangeListener,Cyclic-Dependent Modularization
eclipse.pde.ui-20120509-1450,org.eclipse.pde.internal.core,JavadocLocationManager,Deficient Encapsulation
eclipse.pde.ui-20120509-1450,org.eclipse.pde.internal.core,JavadocLocationManager,Cyclic-Dependent Modularization
eclipse.pde.ui-20120509-1450,org.eclipse.pde.internal.core,MinimalState,Cyclic-Dependent Modularization
eclipse.pde.ui-20120509-1450,org.eclipse.pde.internal.core,ModelFileAdapter,Unutilized Abstraction
eclipse.pde.ui-20120509-1450,org.eclipse.pde.internal.core,ModelFileAdapter,Broken Hierarchy
eclipse.pde.ui-20120509-1450,org.eclipse.pde.internal.core,NLResourceHelper,Deficient Encapsulation
eclipse.pde.ui-20120509-1450,org.eclipse.pde.internal.core,NLResourceHelper,Cyclic-Dependent Modularization
eclipse.pde.ui-20120509-1450,org.eclipse.pde.internal.core,P2Utils,Deficient Encapsulation
eclipse.pde.ui-20120509-1450,org.eclipse.pde.internal.core,P2Utils,Cyclic-Dependent Modularization
eclipse.pde.ui-20120509-1450,org.eclipse.pde.internal.core,PDEAuxiliaryState,Cyclic-Dependent Modularization
eclipse.pde.ui-20120509-1450,org.eclipse.pde.internal.core,PluginInfo,Unutilized Abstraction
eclipse.pde.ui-20120509-1450,org.eclipse.pde.internal.core,PluginInfo,Broken Modularization
eclipse.pde.ui-20120509-1450,org.eclipse.pde.internal.core,PDECore,Deficient Encapsulation
eclipse.pde.ui-20120509-1450,org.eclipse.pde.internal.core,PDECore,Cyclic-Dependent Modularization
eclipse.pde.ui-20120509-1450,org.eclipse.pde.internal.core,PDECore,Insufficient Modularization
eclipse.pde.ui-20120509-1450,org.eclipse.pde.internal.core,PDECore,Hub-like Modularization
eclipse.pde.ui-20120509-1450,org.eclipse.pde.internal.core,PDECoreMessages,Deficient Encapsulation
eclipse.pde.ui-20120509-1450,org.eclipse.pde.internal.core,PDECoreMessages,Broken Modularization
eclipse.pde.ui-20120509-1450,org.eclipse.pde.internal.core,PDEExtensionRegistry,Cyclic-Dependent Modularization
eclipse.pde.ui-20120509-1450,org.eclipse.pde.internal.core,PDEPreferencesManager,Cyclic-Dependent Modularization
eclipse.pde.ui-20120509-1450,org.eclipse.pde.internal.core,PDEPreferencesManager,Insufficient Modularization
eclipse.pde.ui-20120509-1450,org.eclipse.pde.internal.core,PDERegistryStrategy,Cyclic-Dependent Modularization
eclipse.pde.ui-20120509-1450,org.eclipse.pde.internal.core,RegistryListener,Unutilized Abstraction
eclipse.pde.ui-20120509-1450,org.eclipse.pde.internal.core,ModelListener,Unutilized Abstraction
eclipse.pde.ui-20120509-1450,org.eclipse.pde.internal.core,ModelListener,Broken Hierarchy
eclipse.pde.ui-20120509-1450,org.eclipse.pde.internal.core,ExtensionListener,Unutilized Abstraction
eclipse.pde.ui-20120509-1450,org.eclipse.pde.internal.core,ExtensionListener,Broken Hierarchy
eclipse.pde.ui-20120509-1450,org.eclipse.pde.internal.core,PDEState,Broken Hierarchy
eclipse.pde.ui-20120509-1450,org.eclipse.pde.internal.core,PDEState,Cyclic-Dependent Modularization
eclipse.pde.ui-20120509-1450,org.eclipse.pde.internal.core,PDEState,Insufficient Modularization
eclipse.pde.ui-20120509-1450,org.eclipse.pde.internal.core,PluginModelDelta,Deficient Encapsulation
eclipse.pde.ui-20120509-1450,org.eclipse.pde.internal.core,PluginModelManager,Cyclic-Dependent Modularization
eclipse.pde.ui-20120509-1450,org.eclipse.pde.internal.core,PluginModelManager,Insufficient Modularization
eclipse.pde.ui-20120509-1450,org.eclipse.pde.internal.core,UpdateClasspathsJob,Unutilized Abstraction
eclipse.pde.ui-20120509-1450,org.eclipse.pde.internal.core,PluginPathFinder,Cyclic-Dependent Modularization
eclipse.pde.ui-20120509-1450,org.eclipse.pde.internal.core,PreferenceInitializer,Imperative Abstraction
eclipse.pde.ui-20120509-1450,org.eclipse.pde.internal.core,PreferenceInitializer,Unutilized Abstraction
eclipse.pde.ui-20120509-1450,org.eclipse.pde.internal.core,RequiredPluginsClasspathContainer,Unutilized Abstraction
eclipse.pde.ui-20120509-1450,org.eclipse.pde.internal.core,RequiredPluginsClasspathContainer,Broken Hierarchy
eclipse.pde.ui-20120509-1450,org.eclipse.pde.internal.core,RequiredPluginsInitializer,Unutilized Abstraction
eclipse.pde.ui-20120509-1450,org.eclipse.pde.internal.core,SearchablePluginsManager,Deficient Encapsulation
eclipse.pde.ui-20120509-1450,org.eclipse.pde.internal.core,SearchablePluginsManager,Cyclic-Dependent Modularization
eclipse.pde.ui-20120509-1450,org.eclipse.pde.internal.core,Listener,Unutilized Abstraction
eclipse.pde.ui-20120509-1450,org.eclipse.pde.internal.core,SourceLocationManager,Broken Hierarchy
eclipse.pde.ui-20120509-1450,org.eclipse.pde.internal.core,SourceLocationManager,Cyclic-Dependent Modularization
eclipse.pde.ui-20120509-1450,org.eclipse.pde.internal.core,TargetPDERegistryStrategy,Unutilized Abstraction
eclipse.pde.ui-20120509-1450,org.eclipse.pde.internal.core,TargetPDERegistryStrategy,Broken Hierarchy
eclipse.pde.ui-20120509-1450,org.eclipse.pde.internal.core,TargetPlatformHelper,Deficient Encapsulation
eclipse.pde.ui-20120509-1450,org.eclipse.pde.internal.core,TargetPlatformHelper,Cyclic-Dependent Modularization
eclipse.pde.ui-20120509-1450,org.eclipse.pde.internal.core,TargetPlatformHelper,Insufficient Modularization
eclipse.pde.ui-20120509-1450,org.eclipse.pde.internal.core,TargetPreferenceModifyListener,Unutilized Abstraction
eclipse.pde.ui-20120509-1450,org.eclipse.pde.internal.core,Visitor,Unutilized Abstraction
eclipse.pde.ui-20120509-1450,org.eclipse.pde.internal.core,TargetWeaver,Cyclic-Dependent Modularization
eclipse.pde.ui-20120509-1450,org.eclipse.pde.internal.core,TracingOptionsManager,Cyclic-Dependent Modularization
eclipse.pde.ui-20120509-1450,org.eclipse.pde.internal.core,WorkspaceFeatureModelManager,Cyclic-Dependent Modularization
eclipse.pde.ui-20120509-1450,org.eclipse.pde.internal.core,WorkspaceModelManager,Unutilized Abstraction
eclipse.pde.ui-20120509-1450,org.eclipse.pde.internal.core,WorkspaceModelManager,Broken Hierarchy
eclipse.pde.ui-20120509-1450,org.eclipse.pde.internal.core,WorkspaceModelManager,Cyclic-Dependent Modularization
eclipse.pde.ui-20120509-1450,org.eclipse.pde.internal.core,WorkspacePluginModelManager,Broken Hierarchy
eclipse.pde.ui-20120509-1450,org.eclipse.pde.internal.core,WorkspacePluginModelManager,Cyclic-Dependent Modularization
eclipse.pde.ui-20120509-1450,org.eclipse.pde.internal.core,XMLPrintHandler,Deficient Encapsulation
eclipse.pde.ui-20120509-1450,org.eclipse.pde.internal.core.build,Build,Broken Hierarchy
eclipse.pde.ui-20120509-1450,org.eclipse.pde.internal.core.build,ExternalBuildModel,Unutilized Abstraction
eclipse.pde.ui-20120509-1450,org.eclipse.pde.internal.core.build,WorkspaceBuildModel,Cyclic-Dependent Modularization
eclipse.pde.ui-20120509-1450,org.eclipse.pde.internal.core.builders,BuildErrorReporter,Unutilized Abstraction
eclipse.pde.ui-20120509-1450,org.eclipse.pde.internal.core.builders,BuildErrorReporter,Insufficient Modularization
eclipse.pde.ui-20120509-1450,org.eclipse.pde.internal.core.builders,WildcardFilenameFilter,Unutilized Abstraction
eclipse.pde.ui-20120509-1450,org.eclipse.pde.internal.core.builders,BundleErrorReporter,Broken Hierarchy
eclipse.pde.ui-20120509-1450,org.eclipse.pde.internal.core.builders,BundleErrorReporter,Insufficient Modularization
eclipse.pde.ui-20120509-1450,org.eclipse.pde.internal.core.builders,CompilerFlags,Deficient Encapsulation
eclipse.pde.ui-20120509-1450,org.eclipse.pde.internal.core.builders,ErrorReporter,Unutilized Abstraction
eclipse.pde.ui-20120509-1450,org.eclipse.pde.internal.core.builders,ExtensionPointSchemaBuilder,Unutilized Abstraction
eclipse.pde.ui-20120509-1450,org.eclipse.pde.internal.core.builders,DeltaVisitor,Unutilized Abstraction
eclipse.pde.ui-20120509-1450,org.eclipse.pde.internal.core.builders,ExtensionsErrorReporter,Unutilized Abstraction
eclipse.pde.ui-20120509-1450,org.eclipse.pde.internal.core.builders,ExtensionsErrorReporter,Broken Hierarchy
eclipse.pde.ui-20120509-1450,org.eclipse.pde.internal.core.builders,ExtensionsErrorReporter,Insufficient Modularization
eclipse.pde.ui-20120509-1450,org.eclipse.pde.internal.core.builders,FeatureConsistencyChecker,Unutilized Abstraction
eclipse.pde.ui-20120509-1450,org.eclipse.pde.internal.core.builders,DeltaVisitor,Unutilized Abstraction
eclipse.pde.ui-20120509-1450,org.eclipse.pde.internal.core.builders,FeatureErrorReporter,Unutilized Abstraction
eclipse.pde.ui-20120509-1450,org.eclipse.pde.internal.core.builders,FeatureErrorReporter,Broken Hierarchy
eclipse.pde.ui-20120509-1450,org.eclipse.pde.internal.core.builders,FeatureErrorReporter,Insufficient Modularization
eclipse.pde.ui-20120509-1450,org.eclipse.pde.internal.core.builders,FeatureRebuilder,Cyclic-Dependent Modularization
eclipse.pde.ui-20120509-1450,org.eclipse.pde.internal.core.builders,FragmentErrorReporter,Unutilized Abstraction
eclipse.pde.ui-20120509-1450,org.eclipse.pde.internal.core.builders,FragmentErrorReporter,Broken Hierarchy
eclipse.pde.ui-20120509-1450,org.eclipse.pde.internal.core.builders,JarManifestErrorReporter,Unutilized Abstraction
eclipse.pde.ui-20120509-1450,org.eclipse.pde.internal.core.builders,JarManifestErrorReporter,Broken Hierarchy
eclipse.pde.ui-20120509-1450,org.eclipse.pde.internal.core.builders,JarManifestErrorReporter,Cyclic-Dependent Modularization
eclipse.pde.ui-20120509-1450,org.eclipse.pde.internal.core.builders,JarManifestHeader,Cyclic-Dependent Modularization
eclipse.pde.ui-20120509-1450,org.eclipse.pde.internal.core.builders,ManifestConsistencyChecker,Unutilized Abstraction
eclipse.pde.ui-20120509-1450,org.eclipse.pde.internal.core.builders,ClassChangeVisitor,Unutilized Abstraction
eclipse.pde.ui-20120509-1450,org.eclipse.pde.internal.core.builders,SelfVisitor,Unutilized Abstraction
eclipse.pde.ui-20120509-1450,org.eclipse.pde.internal.core.builders,ManifestFilter,Unutilized Abstraction
eclipse.pde.ui-20120509-1450,org.eclipse.pde.internal.core.builders,ManifestErrorReporter,Unutilized Abstraction
eclipse.pde.ui-20120509-1450,org.eclipse.pde.internal.core.builders,ManifestErrorReporter,Broken Hierarchy
eclipse.pde.ui-20120509-1450,org.eclipse.pde.internal.core.builders,NodeListImpl,Unutilized Abstraction
eclipse.pde.ui-20120509-1450,org.eclipse.pde.internal.core.builders,PDEMarkerFactory,Deficient Encapsulation
eclipse.pde.ui-20120509-1450,org.eclipse.pde.internal.core.builders,PluginBaseErrorReporter,Unutilized Abstraction
eclipse.pde.ui-20120509-1450,org.eclipse.pde.internal.core.builders,PluginErrorReporter,Unutilized Abstraction
eclipse.pde.ui-20120509-1450,org.eclipse.pde.internal.core.builders,PluginErrorReporter,Broken Hierarchy
eclipse.pde.ui-20120509-1450,org.eclipse.pde.internal.core.builders,PluginRebuilder,Cyclic-Dependent Modularization
eclipse.pde.ui-20120509-1450,org.eclipse.pde.internal.core.builders,SchemaErrorReporter,Deficient Encapsulation
eclipse.pde.ui-20120509-1450,org.eclipse.pde.internal.core.builders,StackEntry,Unutilized Abstraction
eclipse.pde.ui-20120509-1450,org.eclipse.pde.internal.core.builders,SchemaTransformer,Deficient Encapsulation
eclipse.pde.ui-20120509-1450,org.eclipse.pde.internal.core.builders,SchemaTransformer,Cyclic-Dependent Modularization
eclipse.pde.ui-20120509-1450,org.eclipse.pde.internal.core.builders,SourceEntryErrorReporter,Insufficient Modularization
eclipse.pde.ui-20120509-1450,org.eclipse.pde.internal.core.builders,ProjectFolder,Unutilized Abstraction
eclipse.pde.ui-20120509-1450,org.eclipse.pde.internal.core.builders,SourceFolder,Unutilized Abstraction
eclipse.pde.ui-20120509-1450,org.eclipse.pde.internal.core.builders,SourceFolder,Broken Hierarchy
eclipse.pde.ui-20120509-1450,org.eclipse.pde.internal.core.builders,OutputFolder,Unutilized Abstraction
eclipse.pde.ui-20120509-1450,org.eclipse.pde.internal.core.builders,OutputFolder,Broken Hierarchy
eclipse.pde.ui-20120509-1450,org.eclipse.pde.internal.core.builders,EncodingEntry,Unutilized Abstraction
eclipse.pde.ui-20120509-1450,org.eclipse.pde.internal.core.builders,Visitor,Unutilized Abstraction
eclipse.pde.ui-20120509-1450,org.eclipse.pde.internal.core.builders,MissingOutputEntry,Unutilized Abstraction
eclipse.pde.ui-20120509-1450,org.eclipse.pde.internal.core.builders,UpdateSiteBuilder,Unutilized Abstraction
eclipse.pde.ui-20120509-1450,org.eclipse.pde.internal.core.builders,DeltaVisitor,Unutilized Abstraction
eclipse.pde.ui-20120509-1450,org.eclipse.pde.internal.core.builders,UpdateSiteErrorReporter,Unutilized Abstraction
eclipse.pde.ui-20120509-1450,org.eclipse.pde.internal.core.builders,UpdateSiteErrorReporter,Broken Hierarchy
eclipse.pde.ui-20120509-1450,org.eclipse.pde.internal.core.builders,XMLErrorReporter,Deficient Encapsulation
eclipse.pde.ui-20120509-1450,org.eclipse.pde.internal.core.builders,XMLErrorReporter,Insufficient Modularization
eclipse.pde.ui-20120509-1450,org.eclipse.pde.internal.core.builders,ElementData,Unutilized Abstraction
eclipse.pde.ui-20120509-1450,org.eclipse.pde.internal.core.bundle,Bundle,Broken Hierarchy
eclipse.pde.ui-20120509-1450,org.eclipse.pde.internal.core.bundle,BundleFragment,Broken Hierarchy
eclipse.pde.ui-20120509-1450,org.eclipse.pde.internal.core.bundle,BundleFragmentModel,Unutilized Abstraction
eclipse.pde.ui-20120509-1450,org.eclipse.pde.internal.core.bundle,BundleFragmentModel,Broken Hierarchy
eclipse.pde.ui-20120509-1450,org.eclipse.pde.internal.core.bundle,BundlePlugin,Broken Hierarchy
eclipse.pde.ui-20120509-1450,org.eclipse.pde.internal.core.bundle,BundlePluginBase,Cyclic-Dependent Modularization
eclipse.pde.ui-20120509-1450,org.eclipse.pde.internal.core.bundle,BundlePluginBase,Insufficient Modularization
eclipse.pde.ui-20120509-1450,org.eclipse.pde.internal.core.bundle,BundlePluginModel,Unutilized Abstraction
eclipse.pde.ui-20120509-1450,org.eclipse.pde.internal.core.bundle,BundlePluginModel,Broken Hierarchy
eclipse.pde.ui-20120509-1450,org.eclipse.pde.internal.core.bundle,BundlePluginModelBase,Unutilized Abstraction
eclipse.pde.ui-20120509-1450,org.eclipse.pde.internal.core.bundle,BundlePluginModelBase,Insufficient Modularization
eclipse.pde.ui-20120509-1450,org.eclipse.pde.internal.core.bundle,WorkspaceBundleFragmentModel,Unutilized Abstraction
eclipse.pde.ui-20120509-1450,org.eclipse.pde.internal.core.bundle,WorkspaceBundlePluginModel,Unutilized Abstraction
eclipse.pde.ui-20120509-1450,org.eclipse.pde.internal.core.bundle,WorkspaceBundlePluginModelBase,Unutilized Abstraction
eclipse.pde.ui-20120509-1450,org.eclipse.pde.internal.core.content,BundleManifestDescriber,Unutilized Abstraction
eclipse.pde.ui-20120509-1450,org.eclipse.pde.internal.core.content,DefaultDocumentFactory,Unutilized Abstraction
eclipse.pde.ui-20120509-1450,org.eclipse.pde.internal.core.converter,IModel,Deficient Encapsulation
eclipse.pde.ui-20120509-1450,org.eclipse.pde.internal.core.converter,IModel,Broken Modularization
eclipse.pde.ui-20120509-1450,org.eclipse.pde.internal.core.converter,PluginConverter,Deficient Encapsulation
eclipse.pde.ui-20120509-1450,org.eclipse.pde.internal.core.converter,PluginConverter,Cyclic-Dependent Modularization
eclipse.pde.ui-20120509-1450,org.eclipse.pde.internal.core.converter,PluginConverter,Insufficient Modularization
eclipse.pde.ui-20120509-1450,org.eclipse.pde.internal.core.converter,PluginConverterParser,Broken Hierarchy
eclipse.pde.ui-20120509-1450,org.eclipse.pde.internal.core.converter,PluginConverterParser,Cyclic-Dependent Modularization
eclipse.pde.ui-20120509-1450,org.eclipse.pde.internal.core.converter,PluginConverterParser,Insufficient Modularization
eclipse.pde.ui-20120509-1450,org.eclipse.pde.internal.core.converter,PluginInfo,Cyclic-Dependent Modularization
eclipse.pde.ui-20120509-1450,org.eclipse.pde.internal.core.exports,FeatureBasedExportOperation,Unutilized Abstraction
eclipse.pde.ui-20120509-1450,org.eclipse.pde.internal.core.exports,FeatureBasedExportOperation,Broken Hierarchy
eclipse.pde.ui-20120509-1450,org.eclipse.pde.internal.core.exports,FeatureExportInfo,Deficient Encapsulation
eclipse.pde.ui-20120509-1450,org.eclipse.pde.internal.core.exports,FeatureExportInfo,Broken Modularization
eclipse.pde.ui-20120509-1450,org.eclipse.pde.internal.core.exports,FeatureExportOperation,Insufficient Modularization
eclipse.pde.ui-20120509-1450,org.eclipse.pde.internal.core.exports,PluginExportOperation,Unutilized Abstraction
eclipse.pde.ui-20120509-1450,org.eclipse.pde.internal.core.exports,PluginExportOperation,Broken Hierarchy
eclipse.pde.ui-20120509-1450,org.eclipse.pde.internal.core.exports,ProductExportOperation,Broken Hierarchy
eclipse.pde.ui-20120509-1450,org.eclipse.pde.internal.core.exports,SiteBuildOperation,Unutilized Abstraction
eclipse.pde.ui-20120509-1450,org.eclipse.pde.internal.core.exports,SiteBuildOperation,Broken Hierarchy
eclipse.pde.ui-20120509-1450,org.eclipse.pde.internal.core.feature,AbstractFeatureModel,Unutilized Abstraction
eclipse.pde.ui-20120509-1450,org.eclipse.pde.internal.core.feature,ExternalFeatureModel,Unutilized Abstraction
eclipse.pde.ui-20120509-1450,org.eclipse.pde.internal.core.feature,Feature,Unutilized Abstraction
eclipse.pde.ui-20120509-1450,org.eclipse.pde.internal.core.feature,Feature,Insufficient Modularization
eclipse.pde.ui-20120509-1450,org.eclipse.pde.internal.core.feature,FeatureChild,Unutilized Abstraction
eclipse.pde.ui-20120509-1450,org.eclipse.pde.internal.core.feature,FeatureChild,Insufficient Modularization
eclipse.pde.ui-20120509-1450,org.eclipse.pde.internal.core.feature,FeatureData,Unutilized Abstraction
eclipse.pde.ui-20120509-1450,org.eclipse.pde.internal.core.feature,FeatureData,Insufficient Modularization
eclipse.pde.ui-20120509-1450,org.eclipse.pde.internal.core.feature,FeatureFactory,Unutilized Abstraction
eclipse.pde.ui-20120509-1450,org.eclipse.pde.internal.core.feature,FeatureImport,Unutilized Abstraction
eclipse.pde.ui-20120509-1450,org.eclipse.pde.internal.core.feature,IdentifiableObject,Unutilized Abstraction
eclipse.pde.ui-20120509-1450,org.eclipse.pde.internal.core.feature,VersionableObject,Unutilized Abstraction
eclipse.pde.ui-20120509-1450,org.eclipse.pde.internal.core.feature,WorkspaceFeatureModel,Unutilized Abstraction
eclipse.pde.ui-20120509-1450,org.eclipse.pde.internal.core.feature,WorkspaceFeatureModel,Cyclic-Dependent Modularization
eclipse.pde.ui-20120509-1450,org.eclipse.pde.internal.core.ibundle,IBundleFragment,Unnecessary Abstraction
eclipse.pde.ui-20120509-1450,org.eclipse.pde.internal.core.ibundle,IBundleFragment,Unutilized Abstraction
eclipse.pde.ui-20120509-1450,org.eclipse.pde.internal.core.ibundle,IBundleFragmentModel,Unnecessary Abstraction
eclipse.pde.ui-20120509-1450,org.eclipse.pde.internal.core.ibundle,IBundleFragmentModel,Unutilized Abstraction
eclipse.pde.ui-20120509-1450,org.eclipse.pde.internal.core.ibundle,IBundlePlugin,Unutilized Abstraction
eclipse.pde.ui-20120509-1450,org.eclipse.pde.internal.core.ibundle,IBundlePluginBase,Unutilized Abstraction
eclipse.pde.ui-20120509-1450,org.eclipse.pde.internal.core.ibundle,IBundlePluginModel,Unnecessary Abstraction
eclipse.pde.ui-20120509-1450,org.eclipse.pde.internal.core.ibundle,IBundlePluginModelProvider,Unutilized Abstraction
eclipse.pde.ui-20120509-1450,org.eclipse.pde.internal.core.ifeature,IFeature,Deficient Encapsulation
eclipse.pde.ui-20120509-1450,org.eclipse.pde.internal.core.ifeature,IFeature,Broken Hierarchy
eclipse.pde.ui-20120509-1450,org.eclipse.pde.internal.core.ifeature,IFeature,Insufficient Modularization
eclipse.pde.ui-20120509-1450,org.eclipse.pde.internal.core.ifeature,IFeatureData,Unutilized Abstraction
eclipse.pde.ui-20120509-1450,org.eclipse.pde.internal.core.ifeature,IFeatureData,Broken Hierarchy
eclipse.pde.ui-20120509-1450,org.eclipse.pde.internal.core.ifeature,IFeatureEntry,Unutilized Abstraction
eclipse.pde.ui-20120509-1450,org.eclipse.pde.internal.core.ifeature,IFeatureEntry,Broken Hierarchy
eclipse.pde.ui-20120509-1450,org.eclipse.pde.internal.core.ifeature,IFeatureInfo,Broken Hierarchy
eclipse.pde.ui-20120509-1450,org.eclipse.pde.internal.core.ifeature,IFeatureInstallHandler,Broken Hierarchy
eclipse.pde.ui-20120509-1450,org.eclipse.pde.internal.core.ifeature,IFeaturePlugin,Deficient Encapsulation
eclipse.pde.ui-20120509-1450,org.eclipse.pde.internal.core.ifeature,IFeaturePlugin,Broken Hierarchy
eclipse.pde.ui-20120509-1450,org.eclipse.pde.internal.core.ifeature,IFeaturePlugin,Multipath Hierarchy
eclipse.pde.ui-20120509-1450,org.eclipse.pde.internal.core.ifeature,IFeatureURL,Broken Hierarchy
eclipse.pde.ui-20120509-1450,org.eclipse.pde.internal.core.ifeature,IFeatureURLElement,Deficient Encapsulation
eclipse.pde.ui-20120509-1450,org.eclipse.pde.internal.core.ifeature,IFeatureURLElement,Broken Hierarchy
eclipse.pde.ui-20120509-1450,org.eclipse.pde.internal.core.ifeature,IVersionable,Unutilized Abstraction
eclipse.pde.ui-20120509-1450,org.eclipse.pde.internal.core.ifeature,IVersionable,Deficient Encapsulation
eclipse.pde.ui-20120509-1450,org.eclipse.pde.internal.core.iproduct,IAboutInfo,Deficient Encapsulation
eclipse.pde.ui-20120509-1450,org.eclipse.pde.internal.core.iproduct,IArgumentsInfo,Deficient Encapsulation
eclipse.pde.ui-20120509-1450,org.eclipse.pde.internal.core.iproduct,IConfigurationFileInfo,Deficient Encapsulation
eclipse.pde.ui-20120509-1450,org.eclipse.pde.internal.core.iproduct,IConfigurationProperty,Deficient Encapsulation
eclipse.pde.ui-20120509-1450,org.eclipse.pde.internal.core.iproduct,IJREInfo,Broken Hierarchy
eclipse.pde.ui-20120509-1450,org.eclipse.pde.internal.core.iproduct,ILauncherInfo,Deficient Encapsulation
eclipse.pde.ui-20120509-1450,org.eclipse.pde.internal.core.iproduct,IPluginConfiguration,Deficient Encapsulation
eclipse.pde.ui-20120509-1450,org.eclipse.pde.internal.core.iproduct,IProduct,Insufficient Modularization
eclipse.pde.ui-20120509-1450,org.eclipse.pde.internal.core.iproduct,IProductObject,Wide Hierarchy
eclipse.pde.ui-20120509-1450,org.eclipse.pde.internal.core.iproduct,ISplashInfo,Deficient Encapsulation
eclipse.pde.ui-20120509-1450,org.eclipse.pde.internal.core.iproduct,ISplashInfo,Broken Hierarchy
eclipse.pde.ui-20120509-1450,org.eclipse.pde.internal.core.iproduct,IWindowImages,Deficient Encapsulation
eclipse.pde.ui-20120509-1450,org.eclipse.pde.internal.core.ischema,IDocumentSection,Broken Hierarchy
eclipse.pde.ui-20120509-1450,org.eclipse.pde.internal.core.ischema,IMetaAttribute,Deficient Encapsulation
eclipse.pde.ui-20120509-1450,org.eclipse.pde.internal.core.ischema,IMetaElement,Unutilized Abstraction
eclipse.pde.ui-20120509-1450,org.eclipse.pde.internal.core.ischema,IMetaElement,Deficient Encapsulation
eclipse.pde.ui-20120509-1450,org.eclipse.pde.internal.core.ischema,ISchema,Broken Hierarchy
eclipse.pde.ui-20120509-1450,org.eclipse.pde.internal.core.ischema,ISchemaAttribute,Deficient Encapsulation
eclipse.pde.ui-20120509-1450,org.eclipse.pde.internal.core.ischema,ISchemaAttribute,Broken Hierarchy
eclipse.pde.ui-20120509-1450,org.eclipse.pde.internal.core.ischema,ISchemaAttributeProvider,Unutilized Abstraction
eclipse.pde.ui-20120509-1450,org.eclipse.pde.internal.core.ischema,ISchemaComplexType,Unutilized Abstraction
eclipse.pde.ui-20120509-1450,org.eclipse.pde.internal.core.ischema,ISchemaComplexType,Broken Hierarchy
eclipse.pde.ui-20120509-1450,org.eclipse.pde.internal.core.ischema,ISchemaCompositor,Deficient Encapsulation
eclipse.pde.ui-20120509-1450,org.eclipse.pde.internal.core.ischema,ISchemaCompositor,Broken Hierarchy
eclipse.pde.ui-20120509-1450,org.eclipse.pde.internal.core.ischema,ISchemaElement,Broken Hierarchy
eclipse.pde.ui-20120509-1450,org.eclipse.pde.internal.core.ischema,ISchemaEnumeration,Unnecessary Abstraction
eclipse.pde.ui-20120509-1450,org.eclipse.pde.internal.core.ischema,ISchemaObject,Deficient Encapsulation
eclipse.pde.ui-20120509-1450,org.eclipse.pde.internal.core.ischema,ISchemaObjectReference,Unutilized Abstraction
eclipse.pde.ui-20120509-1450,org.eclipse.pde.internal.core.ischema,ISchemaRepeatable,Unutilized Abstraction
eclipse.pde.ui-20120509-1450,org.eclipse.pde.internal.core.ischema,ISchemaRestriction,Broken Hierarchy
eclipse.pde.ui-20120509-1450,org.eclipse.pde.internal.core.ischema,ISchemaRootElement,Unutilized Abstraction
eclipse.pde.ui-20120509-1450,org.eclipse.pde.internal.core.ischema,ISchemaRootElement,Deficient Encapsulation
eclipse.pde.ui-20120509-1450,org.eclipse.pde.internal.core.ischema,ISchemaRootElement,Broken Hierarchy
eclipse.pde.ui-20120509-1450,org.eclipse.pde.internal.core.isite,ISite,Rebellious Hierarchy
eclipse.pde.ui-20120509-1450,org.eclipse.pde.internal.core.natures,BaseProject,Unutilized Abstraction
eclipse.pde.ui-20120509-1450,org.eclipse.pde.internal.core.natures,FeatureProject,Unutilized Abstraction
eclipse.pde.ui-20120509-1450,org.eclipse.pde.internal.core.natures,FeatureProject,Broken Hierarchy
eclipse.pde.ui-20120509-1450,org.eclipse.pde.internal.core.natures,PDE,Deficient Encapsulation
eclipse.pde.ui-20120509-1450,org.eclipse.pde.internal.core.natures,PluginProject,Unutilized Abstraction
eclipse.pde.ui-20120509-1450,org.eclipse.pde.internal.core.natures,PluginProject,Broken Hierarchy
eclipse.pde.ui-20120509-1450,org.eclipse.pde.internal.core.natures,SiteProject,Unutilized Abstraction
eclipse.pde.ui-20120509-1450,org.eclipse.pde.internal.core.natures,SiteProject,Broken Hierarchy
eclipse.pde.ui-20120509-1450,org.eclipse.pde.internal.core.plugin,AbbreviatedFragmentModel,Unutilized Abstraction
eclipse.pde.ui-20120509-1450,org.eclipse.pde.internal.core.plugin,AbbreviatedFragmentModel,Broken Hierarchy
eclipse.pde.ui-20120509-1450,org.eclipse.pde.internal.core.plugin,AbbreviatedPluginHandler,Unutilized Abstraction
eclipse.pde.ui-20120509-1450,org.eclipse.pde.internal.core.plugin,AbbreviatedPluginModel,Unutilized Abstraction
eclipse.pde.ui-20120509-1450,org.eclipse.pde.internal.core.plugin,AbbreviatedPluginModel,Broken Hierarchy
eclipse.pde.ui-20120509-1450,org.eclipse.pde.internal.core.plugin,AbstractExtensions,Unutilized Abstraction
eclipse.pde.ui-20120509-1450,org.eclipse.pde.internal.core.plugin,AbstractExtensionsModel,Unutilized Abstraction
eclipse.pde.ui-20120509-1450,org.eclipse.pde.internal.core.plugin,AbstractPluginModelBase,Unutilized Abstraction
eclipse.pde.ui-20120509-1450,org.eclipse.pde.internal.core.plugin,AbstractPluginModelBase,Insufficient Modularization
eclipse.pde.ui-20120509-1450,org.eclipse.pde.internal.core.plugin,AttributeChangedEvent,Deficient Encapsulation
eclipse.pde.ui-20120509-1450,org.eclipse.pde.internal.core.plugin,Extensions,Unutilized Abstraction
eclipse.pde.ui-20120509-1450,org.eclipse.pde.internal.core.plugin,ExternalFragmentModel,Unutilized Abstraction
eclipse.pde.ui-20120509-1450,org.eclipse.pde.internal.core.plugin,ExternalFragmentModel,Broken Hierarchy
eclipse.pde.ui-20120509-1450,org.eclipse.pde.internal.core.plugin,ExternalPluginModel,Unutilized Abstraction
eclipse.pde.ui-20120509-1450,org.eclipse.pde.internal.core.plugin,ExternalPluginModel,Broken Hierarchy
eclipse.pde.ui-20120509-1450,org.eclipse.pde.internal.core.plugin,ExternalPluginModelBase,Unutilized Abstraction
eclipse.pde.ui-20120509-1450,org.eclipse.pde.internal.core.plugin,IWritableDelimiter,Unutilized Abstraction
eclipse.pde.ui-20120509-1450,org.eclipse.pde.internal.core.plugin,IdentifiablePluginObject,Unutilized Abstraction
eclipse.pde.ui-20120509-1450,org.eclipse.pde.internal.core.plugin,ImportObject,Unutilized Abstraction
eclipse.pde.ui-20120509-1450,org.eclipse.pde.internal.core.plugin,PluginAttribute,Broken Hierarchy
eclipse.pde.ui-20120509-1450,org.eclipse.pde.internal.core.plugin,PluginAttribute,Cyclic-Dependent Modularization
eclipse.pde.ui-20120509-1450,org.eclipse.pde.internal.core.plugin,PluginBase,Unutilized Abstraction
eclipse.pde.ui-20120509-1450,org.eclipse.pde.internal.core.plugin,PluginBase,Cyclic-Dependent Modularization
eclipse.pde.ui-20120509-1450,org.eclipse.pde.internal.core.plugin,PluginBase,Insufficient Modularization
eclipse.pde.ui-20120509-1450,org.eclipse.pde.internal.core.plugin,PluginElement,Unutilized Abstraction
eclipse.pde.ui-20120509-1450,org.eclipse.pde.internal.core.plugin,PluginElement,Cyclic-Dependent Modularization
eclipse.pde.ui-20120509-1450,org.eclipse.pde.internal.core.plugin,PluginExtension,Unutilized Abstraction
eclipse.pde.ui-20120509-1450,org.eclipse.pde.internal.core.plugin,PluginExtension,Cyclic-Dependent Modularization
eclipse.pde.ui-20120509-1450,org.eclipse.pde.internal.core.plugin,PluginExtensionPoint,Unutilized Abstraction
eclipse.pde.ui-20120509-1450,org.eclipse.pde.internal.core.plugin,PluginImport,Unutilized Abstraction
eclipse.pde.ui-20120509-1450,org.eclipse.pde.internal.core.plugin,PluginImport,Cyclic-Dependent Modularization
eclipse.pde.ui-20120509-1450,org.eclipse.pde.internal.core.plugin,PluginObject,Unutilized Abstraction
eclipse.pde.ui-20120509-1450,org.eclipse.pde.internal.core.plugin,PluginObject,Insufficient Modularization
eclipse.pde.ui-20120509-1450,org.eclipse.pde.internal.core.plugin,PluginParent,Unutilized Abstraction
eclipse.pde.ui-20120509-1450,org.eclipse.pde.internal.core.plugin,PluginParent,Broken Hierarchy
eclipse.pde.ui-20120509-1450,org.eclipse.pde.internal.core.plugin,PluginReference,Unutilized Abstraction
eclipse.pde.ui-20120509-1450,org.eclipse.pde.internal.core.plugin,WorkspaceExtensionsModel,Unutilized Abstraction
eclipse.pde.ui-20120509-1450,org.eclipse.pde.internal.core.plugin,WorkspaceFragmentModel,Unutilized Abstraction
eclipse.pde.ui-20120509-1450,org.eclipse.pde.internal.core.plugin,WorkspaceFragmentModel,Broken Hierarchy
eclipse.pde.ui-20120509-1450,org.eclipse.pde.internal.core.plugin,WorkspacePluginModel,Unutilized Abstraction
eclipse.pde.ui-20120509-1450,org.eclipse.pde.internal.core.plugin,WorkspacePluginModel,Broken Hierarchy
eclipse.pde.ui-20120509-1450,org.eclipse.pde.internal.core.plugin,WorkspacePluginModelBase,Unutilized Abstraction
eclipse.pde.ui-20120509-1450,org.eclipse.pde.internal.core.product,AboutInfo,Unutilized Abstraction
eclipse.pde.ui-20120509-1450,org.eclipse.pde.internal.core.product,AboutInfo,Broken Hierarchy
eclipse.pde.ui-20120509-1450,org.eclipse.pde.internal.core.product,ArgumentsInfo,Unutilized Abstraction
eclipse.pde.ui-20120509-1450,org.eclipse.pde.internal.core.product,ArgumentsInfo,Broken Hierarchy
eclipse.pde.ui-20120509-1450,org.eclipse.pde.internal.core.product,ConfigurationFileInfo,Unutilized Abstraction
eclipse.pde.ui-20120509-1450,org.eclipse.pde.internal.core.product,ConfigurationFileInfo,Broken Hierarchy
eclipse.pde.ui-20120509-1450,org.eclipse.pde.internal.core.product,ConfigurationProperty,Unutilized Abstraction
eclipse.pde.ui-20120509-1450,org.eclipse.pde.internal.core.product,ConfigurationProperty,Broken Hierarchy
eclipse.pde.ui-20120509-1450,org.eclipse.pde.internal.core.product,IntroInfo,Unutilized Abstraction
eclipse.pde.ui-20120509-1450,org.eclipse.pde.internal.core.product,IntroInfo,Deficient Encapsulation
eclipse.pde.ui-20120509-1450,org.eclipse.pde.internal.core.product,IntroInfo,Broken Hierarchy
eclipse.pde.ui-20120509-1450,org.eclipse.pde.internal.core.product,JREInfo,Unutilized Abstraction
eclipse.pde.ui-20120509-1450,org.eclipse.pde.internal.core.product,JREInfo,Broken Hierarchy
eclipse.pde.ui-20120509-1450,org.eclipse.pde.internal.core.product,LauncherInfo,Unutilized Abstraction
eclipse.pde.ui-20120509-1450,org.eclipse.pde.internal.core.product,LauncherInfo,Broken Hierarchy
eclipse.pde.ui-20120509-1450,org.eclipse.pde.internal.core.product,LicenseInfo,Unutilized Abstraction
eclipse.pde.ui-20120509-1450,org.eclipse.pde.internal.core.product,LicenseInfo,Deficient Encapsulation
eclipse.pde.ui-20120509-1450,org.eclipse.pde.internal.core.product,LicenseInfo,Broken Hierarchy
eclipse.pde.ui-20120509-1450,org.eclipse.pde.internal.core.product,PluginConfiguration,Unutilized Abstraction
eclipse.pde.ui-20120509-1450,org.eclipse.pde.internal.core.product,PluginConfiguration,Broken Hierarchy
eclipse.pde.ui-20120509-1450,org.eclipse.pde.internal.core.product,Product,Unutilized Abstraction
eclipse.pde.ui-20120509-1450,org.eclipse.pde.internal.core.product,Product,Broken Hierarchy
eclipse.pde.ui-20120509-1450,org.eclipse.pde.internal.core.product,Product,Insufficient Modularization
eclipse.pde.ui-20120509-1450,org.eclipse.pde.internal.core.product,ProductFeature,Unutilized Abstraction
eclipse.pde.ui-20120509-1450,org.eclipse.pde.internal.core.product,ProductFeature,Broken Hierarchy
eclipse.pde.ui-20120509-1450,org.eclipse.pde.internal.core.product,ProductModel,Unutilized Abstraction
eclipse.pde.ui-20120509-1450,org.eclipse.pde.internal.core.product,ProductModelFactory,Unutilized Abstraction
eclipse.pde.ui-20120509-1450,org.eclipse.pde.internal.core.product,ProductObject,Unutilized Abstraction
eclipse.pde.ui-20120509-1450,org.eclipse.pde.internal.core.product,ProductObject,Wide Hierarchy
eclipse.pde.ui-20120509-1450,org.eclipse.pde.internal.core.product,ProductPlugin,Unutilized Abstraction
eclipse.pde.ui-20120509-1450,org.eclipse.pde.internal.core.product,ProductPlugin,Broken Hierarchy
eclipse.pde.ui-20120509-1450,org.eclipse.pde.internal.core.product,SplashInfo,Unutilized Abstraction
eclipse.pde.ui-20120509-1450,org.eclipse.pde.internal.core.product,SplashInfo,Deficient Encapsulation
eclipse.pde.ui-20120509-1450,org.eclipse.pde.internal.core.product,SplashInfo,Broken Hierarchy
eclipse.pde.ui-20120509-1450,org.eclipse.pde.internal.core.product,WindowImages,Unutilized Abstraction
eclipse.pde.ui-20120509-1450,org.eclipse.pde.internal.core.product,WindowImages,Broken Hierarchy
eclipse.pde.ui-20120509-1450,org.eclipse.pde.internal.core.product,WorkspaceProductModel,Unutilized Abstraction
eclipse.pde.ui-20120509-1450,org.eclipse.pde.internal.core.project,BundleClasspathSpecification,Unutilized Abstraction
eclipse.pde.ui-20120509-1450,org.eclipse.pde.internal.core.project,BundleProjectDescription,Cyclic-Dependent Modularization
eclipse.pde.ui-20120509-1450,org.eclipse.pde.internal.core.project,BundleProjectDescription,Insufficient Modularization
eclipse.pde.ui-20120509-1450,org.eclipse.pde.internal.core.project,BundleProjectService,Deficient Encapsulation
eclipse.pde.ui-20120509-1450,org.eclipse.pde.internal.core.project,BundleProjectService,Cyclic-Dependent Modularization
eclipse.pde.ui-20120509-1450,org.eclipse.pde.internal.core.project,HostDescriptoin,Unutilized Abstraction
eclipse.pde.ui-20120509-1450,org.eclipse.pde.internal.core.project,HostDescriptoin,Broken Hierarchy
eclipse.pde.ui-20120509-1450,org.eclipse.pde.internal.core.project,Messages,Deficient Encapsulation
eclipse.pde.ui-20120509-1450,org.eclipse.pde.internal.core.project,PDEProject,Deficient Encapsulation
eclipse.pde.ui-20120509-1450,org.eclipse.pde.internal.core.project,PDEProject,Cyclic-Dependent Modularization
eclipse.pde.ui-20120509-1450,org.eclipse.pde.internal.core.project,PackageImportDescription,Unutilized Abstraction
eclipse.pde.ui-20120509-1450,org.eclipse.pde.internal.core.project,PackageImportDescription,Broken Hierarchy
eclipse.pde.ui-20120509-1450,org.eclipse.pde.internal.core.project,ProjectModifyOperation,Cyclic-Dependent Modularization
eclipse.pde.ui-20120509-1450,org.eclipse.pde.internal.core.project,ProjectModifyOperation,Insufficient Modularization
eclipse.pde.ui-20120509-1450,org.eclipse.pde.internal.core.project,RequiredBundleDescription,Unutilized Abstraction
eclipse.pde.ui-20120509-1450,org.eclipse.pde.internal.core.project,RequiredBundleDescription,Broken Hierarchy
eclipse.pde.ui-20120509-1450,org.eclipse.pde.internal.core.schema,BaseSchemaHandler,Unutilized Abstraction
eclipse.pde.ui-20120509-1450,org.eclipse.pde.internal.core.schema,ChoiceRestriction,Unutilized Abstraction
eclipse.pde.ui-20120509-1450,org.eclipse.pde.internal.core.schema,ChoiceRestriction,Deficient Encapsulation
eclipse.pde.ui-20120509-1450,org.eclipse.pde.internal.core.schema,ChoiceRestriction,Cyclic-Dependent Modularization
eclipse.pde.ui-20120509-1450,org.eclipse.pde.internal.core.schema,DocumentSection,Unutilized Abstraction
eclipse.pde.ui-20120509-1450,org.eclipse.pde.internal.core.schema,DocumentSection,Deficient Encapsulation
eclipse.pde.ui-20120509-1450,org.eclipse.pde.internal.core.schema,DocumentSection,Broken Hierarchy
eclipse.pde.ui-20120509-1450,org.eclipse.pde.internal.core.schema,DocumentSection,Cyclic-Dependent Modularization
eclipse.pde.ui-20120509-1450,org.eclipse.pde.internal.core.schema,IncludedSchemaDescriptor,Cyclic-Dependent Modularization
eclipse.pde.ui-20120509-1450,org.eclipse.pde.internal.core.schema,RepeatableSchemaObject,Unutilized Abstraction
eclipse.pde.ui-20120509-1450,org.eclipse.pde.internal.core.schema,RepeatableSchemaObject,Deficient Encapsulation
eclipse.pde.ui-20120509-1450,org.eclipse.pde.internal.core.schema,RepeatableSchemaObject,Broken Hierarchy
eclipse.pde.ui-20120509-1450,org.eclipse.pde.internal.core.schema,Schema,Deficient Encapsulation
eclipse.pde.ui-20120509-1450,org.eclipse.pde.internal.core.schema,Schema,Cyclic-Dependent Modularization
eclipse.pde.ui-20120509-1450,org.eclipse.pde.internal.core.schema,Schema,Insufficient Modularization
eclipse.pde.ui-20120509-1450,org.eclipse.pde.internal.core.schema,SchemaAnnotationHandler,Unutilized Abstraction
eclipse.pde.ui-20120509-1450,org.eclipse.pde.internal.core.schema,SchemaAttribute,Unutilized Abstraction
eclipse.pde.ui-20120509-1450,org.eclipse.pde.internal.core.schema,SchemaAttribute,Deficient Encapsulation
eclipse.pde.ui-20120509-1450,org.eclipse.pde.internal.core.schema,SchemaAttribute,Cyclic-Dependent Modularization
eclipse.pde.ui-20120509-1450,org.eclipse.pde.internal.core.schema,SchemaAttribute,Insufficient Modularization
eclipse.pde.ui-20120509-1450,org.eclipse.pde.internal.core.schema,SchemaAttributeHandler,Unutilized Abstraction
eclipse.pde.ui-20120509-1450,org.eclipse.pde.internal.core.schema,SchemaComplexType,Unutilized Abstraction
eclipse.pde.ui-20120509-1450,org.eclipse.pde.internal.core.schema,SchemaComplexType,Deficient Encapsulation
eclipse.pde.ui-20120509-1450,org.eclipse.pde.internal.core.schema,SchemaComplexType,Broken Hierarchy
eclipse.pde.ui-20120509-1450,org.eclipse.pde.internal.core.schema,SchemaComplexType,Cyclic-Dependent Modularization
eclipse.pde.ui-20120509-1450,org.eclipse.pde.internal.core.schema,SchemaCompositor,Unutilized Abstraction
eclipse.pde.ui-20120509-1450,org.eclipse.pde.internal.core.schema,SchemaCompositor,Deficient Encapsulation
eclipse.pde.ui-20120509-1450,org.eclipse.pde.internal.core.schema,SchemaCompositor,Broken Hierarchy
eclipse.pde.ui-20120509-1450,org.eclipse.pde.internal.core.schema,SchemaCompositor,Cyclic-Dependent Modularization
eclipse.pde.ui-20120509-1450,org.eclipse.pde.internal.core.schema,SchemaElement,Unutilized Abstraction
eclipse.pde.ui-20120509-1450,org.eclipse.pde.internal.core.schema,SchemaElement,Deficient Encapsulation
eclipse.pde.ui-20120509-1450,org.eclipse.pde.internal.core.schema,SchemaElement,Unexploited Encapsulation
eclipse.pde.ui-20120509-1450,org.eclipse.pde.internal.core.schema,SchemaElement,Broken Hierarchy
eclipse.pde.ui-20120509-1450,org.eclipse.pde.internal.core.schema,SchemaElement,Missing Hierarchy
eclipse.pde.ui-20120509-1450,org.eclipse.pde.internal.core.schema,SchemaElement,Cyclic-Dependent Modularization
eclipse.pde.ui-20120509-1450,org.eclipse.pde.internal.core.schema,SchemaElement,Insufficient Modularization
eclipse.pde.ui-20120509-1450,org.eclipse.pde.internal.core.schema,SchemaElementHandler,Unutilized Abstraction
eclipse.pde.ui-20120509-1450,org.eclipse.pde.internal.core.schema,SchemaElementReference,Deficient Encapsulation
eclipse.pde.ui-20120509-1450,org.eclipse.pde.internal.core.schema,SchemaElementReference,Insufficient Modularization
eclipse.pde.ui-20120509-1450,org.eclipse.pde.internal.core.schema,SchemaEnumeration,Unutilized Abstraction
eclipse.pde.ui-20120509-1450,org.eclipse.pde.internal.core.schema,SchemaEnumeration,Broken Hierarchy
eclipse.pde.ui-20120509-1450,org.eclipse.pde.internal.core.schema,SchemaInclude,Unutilized Abstraction
eclipse.pde.ui-20120509-1450,org.eclipse.pde.internal.core.schema,SchemaInclude,Broken Hierarchy
eclipse.pde.ui-20120509-1450,org.eclipse.pde.internal.core.schema,SchemaInclude,Cyclic-Dependent Modularization
eclipse.pde.ui-20120509-1450,org.eclipse.pde.internal.core.schema,SchemaObject,Unutilized Abstraction
eclipse.pde.ui-20120509-1450,org.eclipse.pde.internal.core.schema,SchemaRegistry,Cyclic-Dependent Modularization
eclipse.pde.ui-20120509-1450,org.eclipse.pde.internal.core.schema,SchemaSimpleType,Unutilized Abstraction
eclipse.pde.ui-20120509-1450,org.eclipse.pde.internal.core.schema,SchemaSimpleType,Deficient Encapsulation
eclipse.pde.ui-20120509-1450,org.eclipse.pde.internal.core.schema,SchemaSimpleType,Cyclic-Dependent Modularization
eclipse.pde.ui-20120509-1450,org.eclipse.pde.internal.core.schema,SchemaType,Unutilized Abstraction
eclipse.pde.ui-20120509-1450,org.eclipse.pde.internal.core.schema,StorageSchemaDescriptor,Unutilized Abstraction
eclipse.pde.ui-20120509-1450,org.eclipse.pde.internal.core.search,ExtensionPluginSearchScope,Unutilized Abstraction
eclipse.pde.ui-20120509-1450,org.eclipse.pde.internal.core.search,PluginSearchInput,Deficient Encapsulation
eclipse.pde.ui-20120509-1450,org.eclipse.pde.internal.core.search,PluginSearchOperation,Unutilized Abstraction
eclipse.pde.ui-20120509-1450,org.eclipse.pde.internal.core.search,PluginSearchScope,Deficient Encapsulation
eclipse.pde.ui-20120509-1450,org.eclipse.pde.internal.core.site,AbstractSiteModel,Unutilized Abstraction
eclipse.pde.ui-20120509-1450,org.eclipse.pde.internal.core.site,ExternalSiteModel,Unutilized Abstraction
eclipse.pde.ui-20120509-1450,org.eclipse.pde.internal.core.site,IdentifiableObject,Unutilized Abstraction
eclipse.pde.ui-20120509-1450,org.eclipse.pde.internal.core.site,Site,Insufficient Modularization
eclipse.pde.ui-20120509-1450,org.eclipse.pde.internal.core.site,SiteFeature,Unutilized Abstraction
eclipse.pde.ui-20120509-1450,org.eclipse.pde.internal.core.site,SiteFeature,Insufficient Modularization
eclipse.pde.ui-20120509-1450,org.eclipse.pde.internal.core.site,SiteModelFactory,Unutilized Abstraction
eclipse.pde.ui-20120509-1450,org.eclipse.pde.internal.core.site,VersionableObject,Unutilized Abstraction
eclipse.pde.ui-20120509-1450,org.eclipse.pde.internal.core.site,WorkspaceSiteModel,Unutilized Abstraction
eclipse.pde.ui-20120509-1450,org.eclipse.pde.internal.core.target,AbstractBundleContainer,Cyclic-Dependent Modularization
eclipse.pde.ui-20120509-1450,org.eclipse.pde.internal.core.target,AbstractTargetHandle,Unutilized Abstraction
eclipse.pde.ui-20120509-1450,org.eclipse.pde.internal.core.target,DirectoryBundleContainer,Deficient Encapsulation
eclipse.pde.ui-20120509-1450,org.eclipse.pde.internal.core.target,DirectoryBundleContainer,Cyclic-Dependent Modularization
eclipse.pde.ui-20120509-1450,org.eclipse.pde.internal.core.target,ExternalFileTargetHandle,Unutilized Abstraction
eclipse.pde.ui-20120509-1450,org.eclipse.pde.internal.core.target,ExternalFileTargetHandle,Broken Hierarchy
eclipse.pde.ui-20120509-1450,org.eclipse.pde.internal.core.target,ExternalFileTargetHandle,Cyclic-Dependent Modularization
eclipse.pde.ui-20120509-1450,org.eclipse.pde.internal.core.target,FeatureBundleContainer,Deficient Encapsulation
eclipse.pde.ui-20120509-1450,org.eclipse.pde.internal.core.target,FeatureBundleContainer,Cyclic-Dependent Modularization
eclipse.pde.ui-20120509-1450,org.eclipse.pde.internal.core.target,IUBundleContainer,Deficient Encapsulation
eclipse.pde.ui-20120509-1450,org.eclipse.pde.internal.core.target,IUBundleContainer,Cyclic-Dependent Modularization
eclipse.pde.ui-20120509-1450,org.eclipse.pde.internal.core.target,IUBundleContainer,Insufficient Modularization
eclipse.pde.ui-20120509-1450,org.eclipse.pde.internal.core.target,IULocationFactory,Imperative Abstraction
eclipse.pde.ui-20120509-1450,org.eclipse.pde.internal.core.target,IULocationFactory,Unutilized Abstraction
eclipse.pde.ui-20120509-1450,org.eclipse.pde.internal.core.target,InvalidTargetBundle,Unutilized Abstraction
eclipse.pde.ui-20120509-1450,org.eclipse.pde.internal.core.target,LocalTargetHandle,Unutilized Abstraction
eclipse.pde.ui-20120509-1450,org.eclipse.pde.internal.core.target,LocalTargetHandle,Broken Hierarchy
eclipse.pde.ui-20120509-1450,org.eclipse.pde.internal.core.target,LocalTargetHandle,Cyclic-Dependent Modularization
eclipse.pde.ui-20120509-1450,org.eclipse.pde.internal.core.target,Messages,Deficient Encapsulation
eclipse.pde.ui-20120509-1450,org.eclipse.pde.internal.core.target,P2TargetUtils,Deficient Encapsulation
eclipse.pde.ui-20120509-1450,org.eclipse.pde.internal.core.target,P2TargetUtils,Cyclic-Dependent Modularization
eclipse.pde.ui-20120509-1450,org.eclipse.pde.internal.core.target,P2TargetUtils,Insufficient Modularization
eclipse.pde.ui-20120509-1450,org.eclipse.pde.internal.core.target,CollectNativesAction,Unutilized Abstraction
eclipse.pde.ui-20120509-1450,org.eclipse.pde.internal.core.target,CollectNativesPhase,Unutilized Abstraction
eclipse.pde.ui-20120509-1450,org.eclipse.pde.internal.core.target,ProfileBundleContainer,Deficient Encapsulation
eclipse.pde.ui-20120509-1450,org.eclipse.pde.internal.core.target,ProfileBundleContainer,Cyclic-Dependent Modularization
eclipse.pde.ui-20120509-1450,org.eclipse.pde.internal.core.target,TargetDefinition,Deficient Encapsulation
eclipse.pde.ui-20120509-1450,org.eclipse.pde.internal.core.target,TargetDefinition,Cyclic-Dependent Modularization
eclipse.pde.ui-20120509-1450,org.eclipse.pde.internal.core.target,TargetDefinition,Insufficient Modularization
eclipse.pde.ui-20120509-1450,org.eclipse.pde.internal.core.target,TargetDefinitionPersistenceHelper,Deficient Encapsulation
eclipse.pde.ui-20120509-1450,org.eclipse.pde.internal.core.target,TargetDefinitionPersistenceHelper,Unexploited Encapsulation
eclipse.pde.ui-20120509-1450,org.eclipse.pde.internal.core.target,TargetDefinitionPersistenceHelper,Missing Hierarchy
eclipse.pde.ui-20120509-1450,org.eclipse.pde.internal.core.target,TargetDefinitionPersistenceHelper,Cyclic-Dependent Modularization
eclipse.pde.ui-20120509-1450,org.eclipse.pde.internal.core.target,TargetLocationTypeManager,Cyclic-Dependent Modularization
eclipse.pde.ui-20120509-1450,org.eclipse.pde.internal.core.target,TargetMetadataCollector,Unexploited Encapsulation
eclipse.pde.ui-20120509-1450,org.eclipse.pde.internal.core.target,TargetMetadataCollector,Missing Hierarchy
eclipse.pde.ui-20120509-1450,org.eclipse.pde.internal.core.target,TargetPersistence34Helper,Imperative Abstraction
eclipse.pde.ui-20120509-1450,org.eclipse.pde.internal.core.target,TargetPersistence34Helper,Cyclic-Dependent Modularization
eclipse.pde.ui-20120509-1450,org.eclipse.pde.internal.core.target,TargetPersistence35Helper,Imperative Abstraction
eclipse.pde.ui-20120509-1450,org.eclipse.pde.internal.core.target,TargetPersistence35Helper,Cyclic-Dependent Modularization
eclipse.pde.ui-20120509-1450,org.eclipse.pde.internal.core.target,TargetPersistence36Helper,Imperative Abstraction
eclipse.pde.ui-20120509-1450,org.eclipse.pde.internal.core.target,TargetPersistence36Helper,Cyclic-Dependent Modularization
eclipse.pde.ui-20120509-1450,org.eclipse.pde.internal.core.target,TargetPersistence38Helper,Imperative Abstraction
eclipse.pde.ui-20120509-1450,org.eclipse.pde.internal.core.target,TargetPersistence38Helper,Cyclic-Dependent Modularization
eclipse.pde.ui-20120509-1450,org.eclipse.pde.internal.core.target,TargetPlatformService,Cyclic-Dependent Modularization
eclipse.pde.ui-20120509-1450,org.eclipse.pde.internal.core.target,TargetPlatformService,Insufficient Modularization
eclipse.pde.ui-20120509-1450,org.eclipse.pde.internal.core.target,ResourceProxyVisitor,Unutilized Abstraction
eclipse.pde.ui-20120509-1450,org.eclipse.pde.internal.core.target,WorkspaceFileTargetHandle,Unutilized Abstraction
eclipse.pde.ui-20120509-1450,org.eclipse.pde.internal.core.target,WorkspaceFileTargetHandle,Cyclic-Dependent Modularization
eclipse.pde.ui-20120509-1450,org.eclipse.pde.internal.core.util,CoreUtility,Cyclic-Dependent Modularization
eclipse.pde.ui-20120509-1450,org.eclipse.pde.internal.core.util,HeaderMap,Unutilized Abstraction
eclipse.pde.ui-20120509-1450,org.eclipse.pde.internal.core.util,HeaderComparator,Unutilized Abstraction
eclipse.pde.ui-20120509-1450,org.eclipse.pde.internal.core.util,Headers,Unutilized Abstraction
eclipse.pde.ui-20120509-1450,org.eclipse.pde.internal.core.util,Headers,Insufficient Modularization
eclipse.pde.ui-20120509-1450,org.eclipse.pde.internal.core.util,ArrayEnumeration,Unutilized Abstraction
eclipse.pde.ui-20120509-1450,org.eclipse.pde.internal.core.util,ManifestUtils,Cyclic-Dependent Modularization
eclipse.pde.ui-20120509-1450,org.eclipse.pde.internal.core.util,PDEHTMLHelper,Deficient Encapsulation
eclipse.pde.ui-20120509-1450,org.eclipse.pde.internal.core.util,PDETextHelper,Deficient Encapsulation
eclipse.pde.ui-20120509-1450,org.eclipse.pde.internal.core.util,PackageFragmentRootPropertyTester,Unutilized Abstraction
eclipse.pde.ui-20120509-1450,org.eclipse.pde.internal.core.util,PackageFragmentRootPropertyTester,Deficient Encapsulation
eclipse.pde.ui-20120509-1450,org.eclipse.pde.internal.core.util,SchemaUtil,Cyclic-Dependent Modularization
eclipse.pde.ui-20120509-1450,org.eclipse.pde.internal.core.util,VMUtil,Cyclic-Dependent Modularization
eclipse.pde.ui-20120509-1450,org.eclipse.pde.internal.core.util,VersionUtil,Cyclic-Dependent Modularization
eclipse.pde.ui-20120509-1450,org.eclipse.pde.internal.core.util,XMLComponentRegistry,Deficient Encapsulation
eclipse.pde.ui-20120509-1450,org.eclipse.pde.internal.core.variables,TargetHomeDynamicVariableResolver,Unutilized Abstraction
eclipse.pde.ui-20120509-1450,org.eclipse.pde.internal.core.variables,TargetNLVariableResolver,Unutilized Abstraction
eclipse.pde.ui-20120509-1450,org.eclipse.pde.internal.core.variables,TargetOSArchVariableResolver,Unutilized Abstraction
eclipse.pde.ui-20120509-1450,org.eclipse.pde.internal.core.variables,TargetOSVariableResolver,Unutilized Abstraction
eclipse.pde.ui-20120509-1450,org.eclipse.pde.internal.core.variables,TargetWSVariableResolver,Unutilized Abstraction
eclipse.pde.ui-20120509-1450,org.eclipse.pde.internal.core.ant,BaseExportTask,Unutilized Abstraction
eclipse.pde.ui-20120509-1450,org.eclipse.pde.internal.core.ant,ConvertSchemaToHTML,Unutilized Abstraction
eclipse.pde.ui-20120509-1450,org.eclipse.pde.internal.core.ant,ExportBuildListener,Unutilized Abstraction
eclipse.pde.ui-20120509-1450,org.eclipse.pde.internal.core.ant,FeatureExportTask,Unutilized Abstraction
eclipse.pde.ui-20120509-1450,org.eclipse.pde.internal.core.ant,FeatureExportTask,Broken Hierarchy
eclipse.pde.ui-20120509-1450,org.eclipse.pde.internal.core.ant,PluginExportTask,Unutilized Abstraction
eclipse.pde.ui-20120509-1450,org.eclipse.pde.internal.core.ant,PluginExportTask,Broken Hierarchy
eclipse.pde.ui-20120509-1450,org.eclipse.pde.internal.core.ant,TargetPlatformProvisionTask,Unutilized Abstraction
eclipse.pde.ui-20120509-1450,org.eclipse.pde.internal.core.text,AbstractEditingModel,Insufficient Modularization
eclipse.pde.ui-20120509-1450,org.eclipse.pde.internal.core.text,AbstractKeyValueTextChangeListener,Unutilized Abstraction
eclipse.pde.ui-20120509-1450,org.eclipse.pde.internal.core.text,AbstractKeyValueTextChangeListener,Broken Hierarchy
eclipse.pde.ui-20120509-1450,org.eclipse.pde.internal.core.text,AbstractTextChangeListener,Unutilized Abstraction
eclipse.pde.ui-20120509-1450,org.eclipse.pde.internal.core.text,AbstractTextChangeListener,Broken Hierarchy
eclipse.pde.ui-20120509-1450,org.eclipse.pde.internal.core.text,DocumentAttributeNode,Insufficient Modularization
eclipse.pde.ui-20120509-1450,org.eclipse.pde.internal.core.text,DocumentElementNode,Unutilized Abstraction
eclipse.pde.ui-20120509-1450,org.eclipse.pde.internal.core.text,DocumentElementNode,Deficient Encapsulation
eclipse.pde.ui-20120509-1450,org.eclipse.pde.internal.core.text,DocumentElementNode,Insufficient Modularization
eclipse.pde.ui-20120509-1450,org.eclipse.pde.internal.core.text,DocumentHandler,Unutilized Abstraction
eclipse.pde.ui-20120509-1450,org.eclipse.pde.internal.core.text,DocumentNodeFactory,Unutilized Abstraction
eclipse.pde.ui-20120509-1450,org.eclipse.pde.internal.core.text,DocumentObject,Unutilized Abstraction
eclipse.pde.ui-20120509-1450,org.eclipse.pde.internal.core.text,DocumentObject,Insufficient Modularization
eclipse.pde.ui-20120509-1450,org.eclipse.pde.internal.core.text,DocumentXMLNode,Unutilized Abstraction
eclipse.pde.ui-20120509-1450,org.eclipse.pde.internal.core.text,DocumentXMLNode,Broken Hierarchy
eclipse.pde.ui-20120509-1450,org.eclipse.pde.internal.core.text,IDocumentAttributeNode,Broken Hierarchy
eclipse.pde.ui-20120509-1450,org.eclipse.pde.internal.core.text,IDocumentAttributeNode,Cyclic-Dependent Modularization
eclipse.pde.ui-20120509-1450,org.eclipse.pde.internal.core.text,IDocumentElementNode,Deficient Encapsulation
eclipse.pde.ui-20120509-1450,org.eclipse.pde.internal.core.text,IDocumentElementNode,Broken Hierarchy
eclipse.pde.ui-20120509-1450,org.eclipse.pde.internal.core.text,IDocumentElementNode,Cyclic-Dependent Modularization
eclipse.pde.ui-20120509-1450,org.eclipse.pde.internal.core.text,IDocumentElementNode,Insufficient Modularization
eclipse.pde.ui-20120509-1450,org.eclipse.pde.internal.core.text,IDocumentObject,Unutilized Abstraction
eclipse.pde.ui-20120509-1450,org.eclipse.pde.internal.core.text,IDocumentObject,Insufficient Modularization
eclipse.pde.ui-20120509-1450,org.eclipse.pde.internal.core.text,IDocumentTextNode,Deficient Encapsulation
eclipse.pde.ui-20120509-1450,org.eclipse.pde.internal.core.text,IDocumentTextNode,Broken Hierarchy
eclipse.pde.ui-20120509-1450,org.eclipse.pde.internal.core.text,IDocumentTextNode,Cyclic-Dependent Modularization
eclipse.pde.ui-20120509-1450,org.eclipse.pde.internal.core.text,IDocumentXMLNode,Unutilized Abstraction
eclipse.pde.ui-20120509-1450,org.eclipse.pde.internal.core.text,IDocumentXMLNode,Deficient Encapsulation
eclipse.pde.ui-20120509-1450,org.eclipse.pde.internal.core.text,IEditingModel,Broken Hierarchy
eclipse.pde.ui-20120509-1450,org.eclipse.pde.internal.core.text,NodeDocumentHandler,Unutilized Abstraction
eclipse.pde.ui-20120509-1450,org.eclipse.pde.internal.core.text,NodeDocumentHandler,Rebellious Hierarchy
eclipse.pde.ui-20120509-1450,org.eclipse.pde.internal.core.text,XMLEditingModel,Unutilized Abstraction
eclipse.pde.ui-20120509-1450,org.eclipse.pde.internal.core.text.build,Build,Cyclic-Dependent Modularization
eclipse.pde.ui-20120509-1450,org.eclipse.pde.internal.core.text.build,BuildEntry,Insufficient Modularization
eclipse.pde.ui-20120509-1450,org.eclipse.pde.internal.core.text.build,BuildModel,Cyclic-Dependent Modularization
eclipse.pde.ui-20120509-1450,org.eclipse.pde.internal.core.text.bundle,BasePackageHeader,Unutilized Abstraction
eclipse.pde.ui-20120509-1450,org.eclipse.pde.internal.core.text.bundle,BasePackageHeader,Broken Hierarchy
eclipse.pde.ui-20120509-1450,org.eclipse.pde.internal.core.text.bundle,BundleActivationPolicyHeader,Unutilized Abstraction
eclipse.pde.ui-20120509-1450,org.eclipse.pde.internal.core.text.bundle,BundleActivatorHeader,Unutilized Abstraction
eclipse.pde.ui-20120509-1450,org.eclipse.pde.internal.core.text.bundle,BundleActivatorHeader,Broken Hierarchy
eclipse.pde.ui-20120509-1450,org.eclipse.pde.internal.core.text.bundle,BundleClasspathHeader,Unutilized Abstraction
eclipse.pde.ui-20120509-1450,org.eclipse.pde.internal.core.text.bundle,BundleClasspathHeader,Broken Hierarchy
eclipse.pde.ui-20120509-1450,org.eclipse.pde.internal.core.text.bundle,BundleLocalizationHeader,Unutilized Abstraction
eclipse.pde.ui-20120509-1450,org.eclipse.pde.internal.core.text.bundle,BundleLocalizationHeader,Broken Hierarchy
eclipse.pde.ui-20120509-1450,org.eclipse.pde.internal.core.text.bundle,BundleNameHeader,Unutilized Abstraction
eclipse.pde.ui-20120509-1450,org.eclipse.pde.internal.core.text.bundle,BundleNameHeader,Broken Hierarchy
eclipse.pde.ui-20120509-1450,org.eclipse.pde.internal.core.text.bundle,BundleSymbolicNameHeader,Unutilized Abstraction
eclipse.pde.ui-20120509-1450,org.eclipse.pde.internal.core.text.bundle,BundleSymbolicNameHeader,Broken Hierarchy
eclipse.pde.ui-20120509-1450,org.eclipse.pde.internal.core.text.bundle,BundleTextChangeListener,Missing Hierarchy
eclipse.pde.ui-20120509-1450,org.eclipse.pde.internal.core.text.bundle,BundleVendorHeader,Unutilized Abstraction
eclipse.pde.ui-20120509-1450,org.eclipse.pde.internal.core.text.bundle,BundleVendorHeader,Broken Hierarchy
eclipse.pde.ui-20120509-1450,org.eclipse.pde.internal.core.text.bundle,BundleVersionHeader,Unutilized Abstraction
eclipse.pde.ui-20120509-1450,org.eclipse.pde.internal.core.text.bundle,BundleVersionHeader,Broken Hierarchy
eclipse.pde.ui-20120509-1450,org.eclipse.pde.internal.core.text.bundle,CompositeManifestHeader,Unutilized Abstraction
eclipse.pde.ui-20120509-1450,org.eclipse.pde.internal.core.text.bundle,ExecutionEnvironment,Broken Hierarchy
eclipse.pde.ui-20120509-1450,org.eclipse.pde.internal.core.text.bundle,ExportPackageHeader,Cyclic-Dependent Modularization
eclipse.pde.ui-20120509-1450,org.eclipse.pde.internal.core.text.bundle,ExportPackageObject,Cyclic-Dependent Modularization
eclipse.pde.ui-20120509-1450,org.eclipse.pde.internal.core.text.bundle,FragmentHostHeader,Unutilized Abstraction
eclipse.pde.ui-20120509-1450,org.eclipse.pde.internal.core.text.bundle,FragmentHostHeader,Broken Hierarchy
eclipse.pde.ui-20120509-1450,org.eclipse.pde.internal.core.text.bundle,ImportPackageHeader,Cyclic-Dependent Modularization
eclipse.pde.ui-20120509-1450,org.eclipse.pde.internal.core.text.bundle,ImportPackageObject,Cyclic-Dependent Modularization
eclipse.pde.ui-20120509-1450,org.eclipse.pde.internal.core.text.bundle,LazyStartHeader,Unutilized Abstraction
eclipse.pde.ui-20120509-1450,org.eclipse.pde.internal.core.text.bundle,LazyStartHeader,Broken Hierarchy
eclipse.pde.ui-20120509-1450,org.eclipse.pde.internal.core.text.bundle,ManifestHeader,Cyclic-Dependent Modularization
eclipse.pde.ui-20120509-1450,org.eclipse.pde.internal.core.text.bundle,RequireBundleHeader,Unutilized Abstraction
eclipse.pde.ui-20120509-1450,org.eclipse.pde.internal.core.text.bundle,RequireBundleHeader,Broken Hierarchy
eclipse.pde.ui-20120509-1450,org.eclipse.pde.internal.core.text.bundle,RequireBundleObject,Broken Hierarchy
eclipse.pde.ui-20120509-1450,org.eclipse.pde.internal.core.text.bundle,RequireBundleObject,Cyclic-Dependent Modularization
eclipse.pde.ui-20120509-1450,org.eclipse.pde.internal.core.text.bundle,RequiredExecutionEnvironmentHeader,Unutilized Abstraction
eclipse.pde.ui-20120509-1450,org.eclipse.pde.internal.core.text.bundle,RequiredExecutionEnvironmentHeader,Broken Hierarchy
eclipse.pde.ui-20120509-1450,org.eclipse.pde.internal.core.text.bundle,SingleManifestHeader,Unutilized Abstraction
eclipse.pde.ui-20120509-1450,org.eclipse.pde.internal.core.text.plugin,FragmentModel,Unutilized Abstraction
eclipse.pde.ui-20120509-1450,org.eclipse.pde.internal.core.text.plugin,FragmentModel,Broken Hierarchy
eclipse.pde.ui-20120509-1450,org.eclipse.pde.internal.core.text.plugin,FragmentNode,Unutilized Abstraction
eclipse.pde.ui-20120509-1450,org.eclipse.pde.internal.core.text.plugin,FragmentNode,Broken Hierarchy
eclipse.pde.ui-20120509-1450,org.eclipse.pde.internal.core.text.plugin,PluginAttribute,Insufficient Modularization
eclipse.pde.ui-20120509-1450,org.eclipse.pde.internal.core.text.plugin,PluginBaseNode,Insufficient Modularization
eclipse.pde.ui-20120509-1450,org.eclipse.pde.internal.core.text.plugin,PluginDocumentHandler,Cyclic-Dependent Modularization
eclipse.pde.ui-20120509-1450,org.eclipse.pde.internal.core.text.plugin,PluginDocumentNodeFactory,Unexploited Encapsulation
eclipse.pde.ui-20120509-1450,org.eclipse.pde.internal.core.text.plugin,PluginDocumentNodeFactory,Missing Hierarchy
eclipse.pde.ui-20120509-1450,org.eclipse.pde.internal.core.text.plugin,PluginDocumentNodeFactory,Cyclic-Dependent Modularization
eclipse.pde.ui-20120509-1450,org.eclipse.pde.internal.core.text.plugin,PluginElementNode,Broken Hierarchy
eclipse.pde.ui-20120509-1450,org.eclipse.pde.internal.core.text.plugin,PluginExtensionNode,Broken Hierarchy
eclipse.pde.ui-20120509-1450,org.eclipse.pde.internal.core.text.plugin,PluginModel,Broken Hierarchy
eclipse.pde.ui-20120509-1450,org.eclipse.pde.internal.core.text.plugin,PluginModelBase,Cyclic-Dependent Modularization
eclipse.pde.ui-20120509-1450,org.eclipse.pde.internal.core.text.plugin,PluginNode,Unutilized Abstraction
eclipse.pde.ui-20120509-1450,org.eclipse.pde.internal.core.text.plugin,PluginNode,Broken Hierarchy
eclipse.pde.ui-20120509-1450,org.eclipse.pde.internal.core.text.plugin,PluginObjectNode,Insufficient Modularization
eclipse.pde.ui-20120509-1450,org.eclipse.pde.internal.core.text.plugin,PluginParentNode,Broken Hierarchy
eclipse.pde.ui-20120509-1450,org.eclipse.pde.internal.junit.runtime,CoreTestApplication,Unutilized Abstraction
eclipse.pde.ui-20120509-1450,org.eclipse.pde.internal.junit.runtime,LegacyUITestApplication,Unutilized Abstraction
eclipse.pde.ui-20120509-1450,org.eclipse.pde.internal.junit.runtime,NonUIThreadTestApplication,Unutilized Abstraction
eclipse.pde.ui-20120509-1450,org.eclipse.pde.internal.junit.runtime,PlatformUITestHarness,Unutilized Abstraction
eclipse.pde.ui-20120509-1450,org.eclipse.pde.internal.junit.runtime,BundleClassLoader,Unutilized Abstraction
eclipse.pde.ui-20120509-1450,org.eclipse.pde.internal.junit.runtime,UITestApplication,Unutilized Abstraction
eclipse.pde.ui-20120509-1450,org.eclipse.pde.internal.launching,ILaunchingPreferenceConstants,Deficient Encapsulation
eclipse.pde.ui-20120509-1450,org.eclipse.pde.internal.launching,ILaunchingPreferenceConstants,Broken Modularization
eclipse.pde.ui-20120509-1450,org.eclipse.pde.internal.launching,IPDEConstants,Broken Modularization
eclipse.pde.ui-20120509-1450,org.eclipse.pde.internal.launching,PDELaunchingPlugin,Broken Hierarchy
eclipse.pde.ui-20120509-1450,org.eclipse.pde.internal.launching,PDEMessages,Deficient Encapsulation
eclipse.pde.ui-20120509-1450,org.eclipse.pde.internal.launching,PDEMessages,Broken Modularization
eclipse.pde.ui-20120509-1450,org.eclipse.pde.internal.launching,PreferenceInitializer,Unutilized Abstraction
eclipse.pde.ui-20120509-1450,org.eclipse.pde.internal.launching.launcher,BundleLauncherHelper,Deficient Encapsulation
eclipse.pde.ui-20120509-1450,org.eclipse.pde.internal.launching.launcher,BundleLauncherHelper,Cyclic-Dependent Modularization
eclipse.pde.ui-20120509-1450,org.eclipse.pde.internal.launching.launcher,BundleLauncherHelper,Insufficient Modularization
eclipse.pde.ui-20120509-1450,org.eclipse.pde.internal.launching.launcher,EclipsePluginValidationOperation,Unutilized Abstraction
eclipse.pde.ui-20120509-1450,org.eclipse.pde.internal.launching.launcher,EclipsePluginValidationOperation,Deficient Encapsulation
eclipse.pde.ui-20120509-1450,org.eclipse.pde.internal.launching.launcher,EquinoxInitializer,Unutilized Abstraction
eclipse.pde.ui-20120509-1450,org.eclipse.pde.internal.launching.launcher,LaunchConfigurationListener,Unutilized Abstraction
eclipse.pde.ui-20120509-1450,org.eclipse.pde.internal.launching.launcher,LaunchPluginValidator,Deficient Encapsulation
eclipse.pde.ui-20120509-1450,org.eclipse.pde.internal.launching.launcher,LaunchPluginValidator,Cyclic-Dependent Modularization
eclipse.pde.ui-20120509-1450,org.eclipse.pde.internal.launching.launcher,LaunchValidationOperation,Cyclic-Dependent Modularization
eclipse.pde.ui-20120509-1450,org.eclipse.pde.internal.launching.launcher,LauncherUtils,Deficient Encapsulation
eclipse.pde.ui-20120509-1450,org.eclipse.pde.internal.launching.launcher,LauncherUtils,Cyclic-Dependent Modularization
eclipse.pde.ui-20120509-1450,org.eclipse.pde.internal.launching.launcher,OSGiFrameworkManager,Deficient Encapsulation
eclipse.pde.ui-20120509-1450,org.eclipse.pde.internal.launching.launcher,OSGiMigrationDelegate,Unutilized Abstraction
eclipse.pde.ui-20120509-1450,org.eclipse.pde.internal.launching.launcher,OSGiValidationOperation,Unutilized Abstraction
eclipse.pde.ui-20120509-1450,org.eclipse.pde.internal.launching.launcher,OSGiValidationOperation,Broken Hierarchy
eclipse.pde.ui-20120509-1450,org.eclipse.pde.internal.launching.launcher,PDEMigrationDelegate,Unutilized Abstraction
eclipse.pde.ui-20120509-1450,org.eclipse.pde.internal.launching.launcher,ProductValidationOperation,Unutilized Abstraction
eclipse.pde.ui-20120509-1450,org.eclipse.pde.internal.launching.launcher,ProductValidationOperation,Broken Hierarchy
eclipse.pde.ui-20120509-1450,org.eclipse.pde.internal.launching.launcher,VMHelper,Cyclic-Dependent Modularization
eclipse.pde.ui-20120509-1450,org.eclipse.pde.internal.launching.sourcelookup,PDESourceLookupDirector,Cyclic-Dependent Modularization
eclipse.pde.ui-20120509-1450,org.eclipse.pde.internal.launching.sourcelookup,PDESourceLookupQuery,Cyclic-Dependent Modularization
eclipse.pde.ui-20120509-1450,org.eclipse.pde.launching,AbstractPDELaunchConfiguration,Unutilized Abstraction
eclipse.pde.ui-20120509-1450,org.eclipse.pde.launching,EclipseApplicationLaunchConfiguration,Unutilized Abstraction
eclipse.pde.ui-20120509-1450,org.eclipse.pde.launching,EquinoxLaunchConfiguration,Unutilized Abstraction
eclipse.pde.ui-20120509-1450,org.eclipse.pde.launching,IPDELauncherConstants,Broken Modularization
eclipse.pde.ui-20120509-1450,org.eclipse.pde.launching,JUnitLaunchConfigurationDelegate,Unutilized Abstraction
eclipse.pde.ui-20120509-1450,org.eclipse.pde.launching,OSGiLaunchConfigurationDelegate,Unutilized Abstraction
eclipse.pde.ui-20120509-1450,org.eclipse.pde.launching,OSGiLaunchConfigurationInitializer,Unutilized Abstraction
eclipse.pde.ui-20120509-1450,org.eclipse.pde.launching,PDESourcePathProvider,Deficient Encapsulation
eclipse.pde.ui-20120509-1450,org.eclipse.pde.internal.runtime,IHelpContextIds,Unnecessary Abstraction
eclipse.pde.ui-20120509-1450,org.eclipse.pde.internal.runtime,IHelpContextIds,Unutilized Abstraction
eclipse.pde.ui-20120509-1450,org.eclipse.pde.internal.runtime,IHelpContextIds,Deficient Encapsulation
eclipse.pde.ui-20120509-1450,org.eclipse.pde.internal.runtime,OverlayIcon,Unutilized Abstraction
eclipse.pde.ui-20120509-1450,org.eclipse.pde.internal.runtime,PDERuntimeMessages,Deficient Encapsulation
eclipse.pde.ui-20120509-1450,org.eclipse.pde.internal.runtime,PDERuntimeMessages,Broken Modularization
eclipse.pde.ui-20120509-1450,org.eclipse.pde.internal.runtime,PDERuntimePlugin,Deficient Encapsulation
eclipse.pde.ui-20120509-1450,org.eclipse.pde.internal.runtime,PDERuntimePluginImages,Deficient Encapsulation
eclipse.pde.ui-20120509-1450,org.eclipse.pde.internal.runtime.registry,DiagnosticsDialog,Unutilized Abstraction
eclipse.pde.ui-20120509-1450,org.eclipse.pde.internal.runtime.registry,RegistryBrowser,Deficient Encapsulation
eclipse.pde.ui-20120509-1450,org.eclipse.pde.internal.runtime.registry,RegistryBrowser,Cyclic-Dependent Modularization
eclipse.pde.ui-20120509-1450,org.eclipse.pde.internal.runtime.registry,RegistryBrowser,Insufficient Modularization
eclipse.pde.ui-20120509-1450,org.eclipse.pde.internal.runtime.registry,GroupByAction,Unutilized Abstraction
eclipse.pde.ui-20120509-1450,org.eclipse.pde.internal.runtime.registry,RegistryDrillDownAdapter,Unutilized Abstraction
eclipse.pde.ui-20120509-1450,org.eclipse.pde.internal.runtime.registry,RegistryBrowserContentProvider,Deficient Encapsulation
eclipse.pde.ui-20120509-1450,org.eclipse.pde.internal.runtime.registry,RegistryBrowserContentProvider,Cyclic-Dependent Modularization
eclipse.pde.ui-20120509-1450,org.eclipse.pde.internal.runtime.registry,RegistryBrowserLabelProvider,Cyclic-Dependent Modularization
eclipse.pde.ui-20120509-1450,org.eclipse.pde.internal.runtime.registry,RegistryBrowserModelChangeListener,Unutilized Abstraction
eclipse.pde.ui-20120509-1450,org.eclipse.pde.internal.runtime.registry,RegistryFilteredTree,Unutilized Abstraction
eclipse.pde.ui-20120509-1450,org.eclipse.pde.internal.runtime.registry.model,Attribute,Deficient Encapsulation
eclipse.pde.ui-20120509-1450,org.eclipse.pde.internal.runtime.registry.model,Attribute,Broken Hierarchy
eclipse.pde.ui-20120509-1450,org.eclipse.pde.internal.runtime.registry.model,Bundle,Deficient Encapsulation
eclipse.pde.ui-20120509-1450,org.eclipse.pde.internal.runtime.registry.model,Bundle,Broken Hierarchy
eclipse.pde.ui-20120509-1450,org.eclipse.pde.internal.runtime.registry.model,Bundle,Cyclic-Dependent Modularization
eclipse.pde.ui-20120509-1450,org.eclipse.pde.internal.runtime.registry.model,Bundle,Insufficient Modularization
eclipse.pde.ui-20120509-1450,org.eclipse.pde.internal.runtime.registry.model,BundleLibrary,Broken Hierarchy
eclipse.pde.ui-20120509-1450,org.eclipse.pde.internal.runtime.registry.model,BundlePrerequisite,Broken Hierarchy
eclipse.pde.ui-20120509-1450,org.eclipse.pde.internal.runtime.registry.model,ConfigurationElement,Broken Hierarchy
eclipse.pde.ui-20120509-1450,org.eclipse.pde.internal.runtime.registry.model,Extension,Broken Hierarchy
eclipse.pde.ui-20120509-1450,org.eclipse.pde.internal.runtime.registry.model,ExtensionPoint,Broken Hierarchy
eclipse.pde.ui-20120509-1450,org.eclipse.pde.internal.runtime.registry.model,Folder,Unutilized Abstraction
eclipse.pde.ui-20120509-1450,org.eclipse.pde.internal.runtime.registry.model,Folder,Deficient Encapsulation
eclipse.pde.ui-20120509-1450,org.eclipse.pde.internal.runtime.registry.model,LocalRegistryBackend,Insufficient Modularization
eclipse.pde.ui-20120509-1450,org.eclipse.pde.internal.runtime.registry.model,ModelChangeDelta,Deficient Encapsulation
eclipse.pde.ui-20120509-1450,org.eclipse.pde.internal.runtime.registry.model,ModelChangeDelta,Cyclic-Dependent Modularization
eclipse.pde.ui-20120509-1450,org.eclipse.pde.internal.runtime.registry.model,ModelChangeListener,Cyclic-Dependent Modularization
eclipse.pde.ui-20120509-1450,org.eclipse.pde.internal.runtime.registry.model,ModelObject,Cyclic-Dependent Modularization
eclipse.pde.ui-20120509-1450,org.eclipse.pde.internal.runtime.registry.model,Property,Deficient Encapsulation
eclipse.pde.ui-20120509-1450,org.eclipse.pde.internal.runtime.registry.model,Property,Broken Hierarchy
eclipse.pde.ui-20120509-1450,org.eclipse.pde.internal.runtime.registry.model,RegistryModel,Cyclic-Dependent Modularization
eclipse.pde.ui-20120509-1450,org.eclipse.pde.internal.runtime.registry.model,RegistryModel,Insufficient Modularization
eclipse.pde.ui-20120509-1450,org.eclipse.pde.internal.runtime.registry.model,RegistryModelFactory,Unutilized Abstraction
eclipse.pde.ui-20120509-1450,org.eclipse.pde.internal.runtime.registry.model,ServiceName,Broken Hierarchy
eclipse.pde.ui-20120509-1450,org.eclipse.pde.internal.runtime.registry.model,ServiceRegistration,Broken Hierarchy
eclipse.pde.ui-20120509-1450,org.eclipse.pde.internal.runtime.registry.model,ServiceRegistration,Cyclic-Dependent Modularization
eclipse.pde.ui-20120509-1450,org.eclipse.pde.internal.runtime.spy,SpyHyperlinkAdapter,Unutilized Abstraction
eclipse.pde.ui-20120509-1450,org.eclipse.pde.internal.runtime.spy.dialogs,CloseAction,Unutilized Abstraction
eclipse.pde.ui-20120509-1450,org.eclipse.pde.internal.runtime.spy.dialogs,CloseAction,Unutilized Abstraction
eclipse.pde.ui-20120509-1450,org.eclipse.pde.internal.runtime.spy.handlers,MenuSpyHandler,Unutilized Abstraction
eclipse.pde.ui-20120509-1450,org.eclipse.pde.internal.runtime.spy.handlers,SpyHandler,Unutilized Abstraction
eclipse.pde.ui-20120509-1450,org.eclipse.pde.internal.runtime.spy.sections,ActiveDialogPageSection,Unutilized Abstraction
eclipse.pde.ui-20120509-1450,org.eclipse.pde.internal.runtime.spy.sections,ActiveFormEditorSection,Unutilized Abstraction
eclipse.pde.ui-20120509-1450,org.eclipse.pde.internal.runtime.spy.sections,ActiveHelpSection,Unutilized Abstraction
eclipse.pde.ui-20120509-1450,org.eclipse.pde.internal.runtime.spy.sections,ActiveMenuSection,Unutilized Abstraction
eclipse.pde.ui-20120509-1450,org.eclipse.pde.internal.runtime.spy.sections,ActivePartSection,Imperative Abstraction
eclipse.pde.ui-20120509-1450,org.eclipse.pde.internal.runtime.spy.sections,ActivePartSection,Unutilized Abstraction
eclipse.pde.ui-20120509-1450,org.eclipse.pde.internal.runtime.spy.sections,ActiveSelectionSection,Unutilized Abstraction
eclipse.pde.ui-20120509-1450,org.eclipse.pde.internal.runtime.spy.sections,ActiveShellSection,Unutilized Abstraction
eclipse.pde.ui-20120509-1450,org.eclipse.pde.internal.runtime.spy.sections,ActiveWizardSection,Unutilized Abstraction
eclipse.pde.ui-20120509-1450,org.eclipse.pde.internal.runtime.spy.sections,ISpySection,Unutilized Abstraction
eclipse.pde.ui-20120509-1450,org.eclipse.pde.internal.ui.templates,IHelpContextIds,Deficient Encapsulation
eclipse.pde.ui-20120509-1450,org.eclipse.pde.internal.ui.templates,IHelpContextIds,Broken Modularization
eclipse.pde.ui-20120509-1450,org.eclipse.pde.internal.ui.templates,PDETemplateMessages,Deficient Encapsulation
eclipse.pde.ui-20120509-1450,org.eclipse.pde.internal.ui.templates,PDETemplateMessages,Broken Modularization
eclipse.pde.ui-20120509-1450,org.eclipse.pde.internal.ui.templates,PDETemplateSection,Unutilized Abstraction
eclipse.pde.ui-20120509-1450,org.eclipse.pde.internal.ui.templates,PDETemplateSection,Deficient Encapsulation
eclipse.pde.ui-20120509-1450,org.eclipse.pde.internal.ui.templates.ide,BaseEditorTemplate,Unutilized Abstraction
eclipse.pde.ui-20120509-1450,org.eclipse.pde.internal.ui.templates.ide,BuilderNewWizard,Unutilized Abstraction
eclipse.pde.ui-20120509-1450,org.eclipse.pde.internal.ui.templates.ide,BuilderTemplate,Unutilized Abstraction
eclipse.pde.ui-20120509-1450,org.eclipse.pde.internal.ui.templates.ide,CommonNavigatorTemplate,Unutilized Abstraction
eclipse.pde.ui-20120509-1450,org.eclipse.pde.internal.ui.templates.ide,CommonNavigatorTemplate,Deficient Encapsulation
eclipse.pde.ui-20120509-1450,org.eclipse.pde.internal.ui.templates.ide,DecoratorTemplate,Unutilized Abstraction
eclipse.pde.ui-20120509-1450,org.eclipse.pde.internal.ui.templates.ide,DecoratorTemplate,Deficient Encapsulation
eclipse.pde.ui-20120509-1450,org.eclipse.pde.internal.ui.templates.ide,EditorNewWizard,Unutilized Abstraction
eclipse.pde.ui-20120509-1450,org.eclipse.pde.internal.ui.templates.ide,EditorTemplate,Unutilized Abstraction
eclipse.pde.ui-20120509-1450,org.eclipse.pde.internal.ui.templates.ide,EditorTemplate,Deficient Encapsulation
eclipse.pde.ui-20120509-1450,org.eclipse.pde.internal.ui.templates.ide,EditorTemplate,Broken Hierarchy
eclipse.pde.ui-20120509-1450,org.eclipse.pde.internal.ui.templates.ide,HelloWorldCmdNewWizard,Unutilized Abstraction
eclipse.pde.ui-20120509-1450,org.eclipse.pde.internal.ui.templates.ide,HelloWorldCmdTemplate,Unutilized Abstraction
eclipse.pde.ui-20120509-1450,org.eclipse.pde.internal.ui.templates.ide,HelloWorldCmdTemplate,Deficient Encapsulation
eclipse.pde.ui-20120509-1450,org.eclipse.pde.internal.ui.templates.ide,HelloWorldNewWizard,Unutilized Abstraction
eclipse.pde.ui-20120509-1450,org.eclipse.pde.internal.ui.templates.ide,HelloWorldTemplate,Unutilized Abstraction
eclipse.pde.ui-20120509-1450,org.eclipse.pde.internal.ui.templates.ide,HelloWorldTemplate,Deficient Encapsulation
eclipse.pde.ui-20120509-1450,org.eclipse.pde.internal.ui.templates.ide,HelpNewWizard,Unutilized Abstraction
eclipse.pde.ui-20120509-1450,org.eclipse.pde.internal.ui.templates.ide,HelpTemplate,Unutilized Abstraction
eclipse.pde.ui-20120509-1450,org.eclipse.pde.internal.ui.templates.ide,HelpTemplate,Deficient Encapsulation
eclipse.pde.ui-20120509-1450,org.eclipse.pde.internal.ui.templates.ide,ImportWizardTemplate,Unutilized Abstraction
eclipse.pde.ui-20120509-1450,org.eclipse.pde.internal.ui.templates.ide,ImportWizardTemplate,Deficient Encapsulation
eclipse.pde.ui-20120509-1450,org.eclipse.pde.internal.ui.templates.ide,MultiPageEditorNewWizard,Unutilized Abstraction
eclipse.pde.ui-20120509-1450,org.eclipse.pde.internal.ui.templates.ide,MultiPageEditorTemplate,Unutilized Abstraction
eclipse.pde.ui-20120509-1450,org.eclipse.pde.internal.ui.templates.ide,MultiPageEditorTemplate,Broken Hierarchy
eclipse.pde.ui-20120509-1450,org.eclipse.pde.internal.ui.templates.ide,NewWizardTemplate,Unutilized Abstraction
eclipse.pde.ui-20120509-1450,org.eclipse.pde.internal.ui.templates.ide,PerspectiveTemplate,Unutilized Abstraction
eclipse.pde.ui-20120509-1450,org.eclipse.pde.internal.ui.templates.ide,PerspectiveTemplate,Deficient Encapsulation
eclipse.pde.ui-20120509-1450,org.eclipse.pde.internal.ui.templates.ide,PopupMenuNewWizard,Unutilized Abstraction
eclipse.pde.ui-20120509-1450,org.eclipse.pde.internal.ui.templates.ide,PopupMenuTemplate,Unutilized Abstraction
eclipse.pde.ui-20120509-1450,org.eclipse.pde.internal.ui.templates.ide,PopupMenuTemplate,Deficient Encapsulation
eclipse.pde.ui-20120509-1450,org.eclipse.pde.internal.ui.templates.ide,PreferencePageTemplate,Unutilized Abstraction
eclipse.pde.ui-20120509-1450,org.eclipse.pde.internal.ui.templates.ide,PropertyPageNewWizard,Unutilized Abstraction
eclipse.pde.ui-20120509-1450,org.eclipse.pde.internal.ui.templates.ide,PropertyPageTemplate,Unutilized Abstraction
eclipse.pde.ui-20120509-1450,org.eclipse.pde.internal.ui.templates.ide,PropertyPageTemplate,Deficient Encapsulation
eclipse.pde.ui-20120509-1450,org.eclipse.pde.internal.ui.templates.ide,SplashHandlersTemplate,Unutilized Abstraction
eclipse.pde.ui-20120509-1450,org.eclipse.pde.internal.ui.templates.ide,UniversalWelcomeTemplate,Unutilized Abstraction
eclipse.pde.ui-20120509-1450,org.eclipse.pde.internal.ui.templates.ide,ViewNewWizard,Unutilized Abstraction
eclipse.pde.ui-20120509-1450,org.eclipse.pde.internal.ui.templates.ide,ViewTemplate,Unutilized Abstraction
eclipse.pde.ui-20120509-1450,org.eclipse.pde.internal.ui.templates.osgi,HelloOSGiNewWizard,Unutilized Abstraction
eclipse.pde.ui-20120509-1450,org.eclipse.pde.internal.ui.templates.osgi,HelloOSGiServiceNewWizard,Unutilized Abstraction
eclipse.pde.ui-20120509-1450,org.eclipse.pde.internal.ui.templates.osgi,HelloOSGiServiceTemplate,Unutilized Abstraction
eclipse.pde.ui-20120509-1450,org.eclipse.pde.internal.ui.templates.osgi,HelloOSGiServiceTemplate,Deficient Encapsulation
eclipse.pde.ui-20120509-1450,org.eclipse.pde.internal.ui.templates.osgi,HelloOSGiTemplate,Unutilized Abstraction
eclipse.pde.ui-20120509-1450,org.eclipse.pde.internal.ui.templates.osgi,HelloOSGiTemplate,Deficient Encapsulation
eclipse.pde.ui-20120509-1450,org.eclipse.pde.internal.ui.templates.osgi,HelloServiceComponentTemplate,Unutilized Abstraction
eclipse.pde.ui-20120509-1450,org.eclipse.pde.internal.ui.templates.osgi,HelloServiceComponentTemplate,Deficient Encapsulation
eclipse.pde.ui-20120509-1450,org.eclipse.pde.internal.ui.templates.osgi,HelloServiceComponentTemplateWizard,Unutilized Abstraction
eclipse.pde.ui-20120509-1450,org.eclipse.pde.internal.ui.templates.osgi,OSGiEventAdminTemplate,Unutilized Abstraction
eclipse.pde.ui-20120509-1450,org.eclipse.pde.internal.ui.templates.osgi,OSGiEventAdminTemplate,Deficient Encapsulation
eclipse.pde.ui-20120509-1450,org.eclipse.pde.internal.ui.templates.osgi,OSGiEventAdminTemplateWizard,Unutilized Abstraction
eclipse.pde.ui-20120509-1450,org.eclipse.pde.internal.ui.templates.osgi,OSGiPreferencesServiceNewWizard,Unutilized Abstraction
eclipse.pde.ui-20120509-1450,org.eclipse.pde.internal.ui.templates.osgi,OSGiPreferencesServiceTemplate,Unutilized Abstraction
eclipse.pde.ui-20120509-1450,org.eclipse.pde.internal.ui.templates.osgi,OSGiPreferencesServiceTemplate,Deficient Encapsulation
eclipse.pde.ui-20120509-1450,org.eclipse.pde.internal.ui.templates.osgi,OSGiSimpleLogServiceNewWizard,Unutilized Abstraction
eclipse.pde.ui-20120509-1450,org.eclipse.pde.internal.ui.templates.osgi,OSGiSimpleLogServiceTemplate,Unutilized Abstraction
eclipse.pde.ui-20120509-1450,org.eclipse.pde.internal.ui.templates.osgi,OSGiSimpleLogServiceTemplate,Deficient Encapsulation
eclipse.pde.ui-20120509-1450,org.eclipse.pde.internal.ui.templates.rcp,HelloNonUIRCPNewWizard,Unutilized Abstraction
eclipse.pde.ui-20120509-1450,org.eclipse.pde.internal.ui.templates.rcp,HelloNonUIRCPTemplate,Unutilized Abstraction
eclipse.pde.ui-20120509-1450,org.eclipse.pde.internal.ui.templates.rcp,HelloNonUIRCPTemplate,Deficient Encapsulation
eclipse.pde.ui-20120509-1450,org.eclipse.pde.internal.ui.templates.rcp,HelloRCPNewWizard,Unutilized Abstraction
eclipse.pde.ui-20120509-1450,org.eclipse.pde.internal.ui.templates.rcp,HelloRCPTemplate,Unutilized Abstraction
eclipse.pde.ui-20120509-1450,org.eclipse.pde.internal.ui.templates.rcp,HelloRCPTemplate,Deficient Encapsulation
eclipse.pde.ui-20120509-1450,org.eclipse.pde.internal.ui.templates.rcp,IntroNewWizard,Unutilized Abstraction
eclipse.pde.ui-20120509-1450,org.eclipse.pde.internal.ui.templates.rcp,IntroTemplate,Unutilized Abstraction
eclipse.pde.ui-20120509-1450,org.eclipse.pde.internal.ui.templates.rcp,MailNewWizard,Unutilized Abstraction
eclipse.pde.ui-20120509-1450,org.eclipse.pde.internal.ui.templates.rcp,MailTemplate,Unutilized Abstraction
eclipse.pde.ui-20120509-1450,org.eclipse.pde.internal.ui.templates.rcp,MailTemplate,Deficient Encapsulation
eclipse.pde.ui-20120509-1450,org.eclipse.pde.internal.ui.templates.rcp,ViewRCPNewWizard,Unutilized Abstraction
eclipse.pde.ui-20120509-1450,org.eclipse.pde.internal.ui.templates.rcp,ViewRCPTemplate,Unutilized Abstraction
eclipse.pde.ui-20120509-1450,org.eclipse.pde.internal.ui.templates.rcp,ViewRCPTemplate,Deficient Encapsulation
eclipse.pde.ui-20120509-1450,$packageName$,$activator$,Unutilized Abstraction
eclipse.pde.ui-20120509-1450,$packageName$,SimpleLogServiceImpl,Unutilized Abstraction
eclipse.pde.ui-20120509-1450,$packageName$,$builderClassName$,Deficient Encapsulation
eclipse.pde.ui-20120509-1450,$packageName$,SampleDeltaVisitor,Unutilized Abstraction
eclipse.pde.ui-20120509-1450,$packageName$,SampleResourceVisitor,Unutilized Abstraction
eclipse.pde.ui-20120509-1450,$packageName$,XMLErrorHandler,Unutilized Abstraction
eclipse.pde.ui-20120509-1450,$packageName$,$natureClassName$,Deficient Encapsulation
eclipse.pde.ui-20120509-1450,$packageName$,ToggleNatureAction,Unutilized Abstraction
eclipse.pde.ui-20120509-1450,$packageName$,$decoratorClassName$,Unutilized Abstraction
eclipse.pde.ui-20120509-1450,$packageName$,$decoratorClassName$,Deficient Encapsulation
eclipse.pde.ui-20120509-1450,$packageName$,$editorClass$,Unutilized Abstraction
eclipse.pde.ui-20120509-1450,$packageName$,IXMLColorConstants,Unnecessary Abstraction
eclipse.pde.ui-20120509-1450,$packageName$,IXMLColorConstants,Broken Modularization
eclipse.pde.ui-20120509-1450,$packageName$,TagRule,Unutilized Abstraction
eclipse.pde.ui-20120509-1450,$packageName$,XMLConfiguration,Unutilized Abstraction
eclipse.pde.ui-20120509-1450,$packageName$,XMLDocumentProvider,Unutilized Abstraction
eclipse.pde.ui-20120509-1450,$packageName$,XMLPartitionScanner,Deficient Encapsulation
eclipse.pde.ui-20120509-1450,$packageName$,XMLWhitespaceDetector,Unutilized Abstraction
eclipse.pde.ui-20120509-1450,$packageName$,$applicationClass$,Unutilized Abstraction
eclipse.pde.ui-20120509-1450,$packageName$,$activator$,Unutilized Abstraction
eclipse.pde.ui-20120509-1450,$packageName$,$activator$,Unutilized Abstraction
eclipse.pde.ui-20120509-1450,$packageName$,DictionaryImpl,Unutilized Abstraction
eclipse.pde.ui-20120509-1450,$packageName$,DictionaryServiceImpl,Unutilized Abstraction
eclipse.pde.ui-20120509-1450,$packageName$,$activator$,Unutilized Abstraction
eclipse.pde.ui-20120509-1450,$packageName$,Dictionary,Unutilized Abstraction
eclipse.pde.ui-20120509-1450,$packageName$,DictionaryImpl,Unutilized Abstraction
eclipse.pde.ui-20120509-1450,$packageName$,DictionaryService,Unutilized Abstraction
eclipse.pde.ui-20120509-1450,$packageName$,DictionaryServiceImpl,Unutilized Abstraction
eclipse.pde.ui-20120509-1450,$packageName$,ServiceComponent,Unutilized Abstraction
eclipse.pde.ui-20120509-1450,$packageName$,$applicationClass$,Unutilized Abstraction
eclipse.pde.ui-20120509-1450,$packageName$,ApplicationWorkbenchAdvisor,Unutilized Abstraction
eclipse.pde.ui-20120509-1450,$packageName$,$className$,Unutilized Abstraction
eclipse.pde.ui-20120509-1450,$packageName$,$wizardClassName$,Unutilized Abstraction
eclipse.pde.ui-20120509-1450,$packageName$,Application,Unutilized Abstraction
eclipse.pde.ui-20120509-1450,$packageName$,ApplicationWorkbenchAdvisor,Unutilized Abstraction
eclipse.pde.ui-20120509-1450,$packageName$,DynamicContentProvider,Unutilized Abstraction
eclipse.pde.ui-20120509-1450,$packageName$,Perspective,Unutilized Abstraction
eclipse.pde.ui-20120509-1450,$packageName$,$contributorClassName$,Unutilized Abstraction
eclipse.pde.ui-20120509-1450,$packageName$,$editorClassName$,Unutilized Abstraction
eclipse.pde.ui-20120509-1450,$packageName$,$wizardClassName$,Unutilized Abstraction
eclipse.pde.ui-20120509-1450,$packageName$,$wizardPageClassName$,Unutilized Abstraction
eclipse.pde.ui-20120509-1450,$packageName$,$perspectiveClassName$,Unutilized Abstraction
eclipse.pde.ui-20120509-1450,$packageName$,$actionClass$,Unutilized Abstraction
eclipse.pde.ui-20120509-1450,$packageName$,$pageClassName$,Unutilized Abstraction
eclipse.pde.ui-20120509-1450,$packageName$,PreferenceConstants,Unnecessary Abstraction
eclipse.pde.ui-20120509-1450,$packageName$,PreferenceConstants,Deficient Encapsulation
eclipse.pde.ui-20120509-1450,$packageName$,PreferenceInitializer,Unutilized Abstraction
eclipse.pde.ui-20120509-1450,$packageName$,$className$,Unutilized Abstraction
eclipse.pde.ui-20120509-1450,$packageName$,$className$,Unutilized Abstraction
eclipse.pde.ui-20120509-1450,$packageName$,$className$,Deficient Encapsulation
eclipse.pde.ui-20120509-1450,$packageName$,$className$,Insufficient Modularization
eclipse.pde.ui-20120509-1450,$packageName$,ViewContentProvider,Unutilized Abstraction
eclipse.pde.ui-20120509-1450,$packageName$,TreeObject,Unutilized Abstraction
eclipse.pde.ui-20120509-1450,$packageName$,TreeParent,Unutilized Abstraction
eclipse.pde.ui-20120509-1450,$packageName$,TreeParent,Broken Hierarchy
eclipse.pde.ui-20120509-1450,$packageName$,ViewContentProvider,Unutilized Abstraction
eclipse.pde.ui-20120509-1450,$packageName$,ViewLabelProvider,Unutilized Abstraction
eclipse.pde.ui-20120509-1450,$packageName$,ViewLabelProvider,Unutilized Abstraction
eclipse.pde.ui-20120509-1450,$packageName$,NameSorter,Unnecessary Abstraction
eclipse.pde.ui-20120509-1450,$packageName$,NameSorter,Unutilized Abstraction
eclipse.pde.ui-20120509-1450,$packageName$,$applicationClass$,Unutilized Abstraction
eclipse.pde.ui-20120509-1450,$packageName$,ApplicationWorkbenchAdvisor,Unutilized Abstraction
eclipse.pde.ui-20120509-1450,$packageName$,Perspective,Unutilized Abstraction
eclipse.pde.ui-20120509-1450,$packageName$,View,Deficient Encapsulation
eclipse.pde.ui-20120509-1450,$packageName$,ViewContentProvider,Unutilized Abstraction
eclipse.pde.ui-20120509-1450,$packageName$,ViewLabelProvider,Unutilized Abstraction
eclipse.pde.ui-20120509-1450,$packageName$,$editorClass$,Unutilized Abstraction
eclipse.pde.ui-20120509-1450,$packageName$,ColorManager,Unutilized Abstraction
eclipse.pde.ui-20120509-1450,$packageName$,IXMLColorConstants,Unnecessary Abstraction
eclipse.pde.ui-20120509-1450,$packageName$,IXMLColorConstants,Unutilized Abstraction
eclipse.pde.ui-20120509-1450,$packageName$,IXMLColorConstants,Broken Modularization
eclipse.pde.ui-20120509-1450,$packageName$,NonRuleBasedDamagerRepairer,Unutilized Abstraction
eclipse.pde.ui-20120509-1450,$packageName$,TagRule,Unutilized Abstraction
eclipse.pde.ui-20120509-1450,$packageName$,XMLConfiguration,Unutilized Abstraction
eclipse.pde.ui-20120509-1450,$packageName$,XMLDocumentProvider,Unutilized Abstraction
eclipse.pde.ui-20120509-1450,$packageName$,XMLDoubleClickStrategy,Unutilized Abstraction
eclipse.pde.ui-20120509-1450,$packageName$,XMLPartitionScanner,Unutilized Abstraction
eclipse.pde.ui-20120509-1450,$packageName$,XMLPartitionScanner,Deficient Encapsulation
eclipse.pde.ui-20120509-1450,$packageName$,XMLScanner,Unutilized Abstraction
eclipse.pde.ui-20120509-1450,$packageName$,XMLTagScanner,Unutilized Abstraction
eclipse.pde.ui-20120509-1450,$packageName$,XMLWhitespaceDetector,Unutilized Abstraction
eclipse.pde.ui-20120509-1450,$packageName$,$applicationClass$,Unutilized Abstraction
eclipse.pde.ui-20120509-1450,$packageName$,ApplicationActionBarAdvisor,Unutilized Abstraction
eclipse.pde.ui-20120509-1450,$packageName$,ApplicationWorkbenchAdvisor,Unutilized Abstraction
eclipse.pde.ui-20120509-1450,$packageName$,ApplicationWorkbenchWindowAdvisor,Unutilized Abstraction
eclipse.pde.ui-20120509-1450,$packageName$,Perspective,Unutilized Abstraction
eclipse.pde.ui-20120509-1450,$packageName$,Application,Unutilized Abstraction
eclipse.pde.ui-20120509-1450,$packageName$,ApplicationActionBarAdvisor,Unutilized Abstraction
eclipse.pde.ui-20120509-1450,$packageName$,ApplicationWorkbenchAdvisor,Unutilized Abstraction
eclipse.pde.ui-20120509-1450,$packageName$,ApplicationWorkbenchWindowAdvisor,Unutilized Abstraction
eclipse.pde.ui-20120509-1450,$packageName$,DynamicContentProvider,Unutilized Abstraction
eclipse.pde.ui-20120509-1450,$packageName$,Perspective,Unutilized Abstraction
eclipse.pde.ui-20120509-1450,$packageName$,$applicationClass$,Unutilized Abstraction
eclipse.pde.ui-20120509-1450,$packageName$,ApplicationActionBarAdvisor,Unutilized Abstraction
eclipse.pde.ui-20120509-1450,$packageName$,ApplicationWorkbenchAdvisor,Unutilized Abstraction
eclipse.pde.ui-20120509-1450,$packageName$,ApplicationWorkbenchWindowAdvisor,Unutilized Abstraction
eclipse.pde.ui-20120509-1450,$packageName$,ICommandIds,Unnecessary Abstraction
eclipse.pde.ui-20120509-1450,$packageName$,ICommandIds,Deficient Encapsulation
eclipse.pde.ui-20120509-1450,$packageName$,MessagePopupAction,Unutilized Abstraction
eclipse.pde.ui-20120509-1450,$packageName$,NavigationView,Deficient Encapsulation
eclipse.pde.ui-20120509-1450,$packageName$,NavigationView,Insufficient Modularization
eclipse.pde.ui-20120509-1450,$packageName$,TreeObject,Unutilized Abstraction
eclipse.pde.ui-20120509-1450,$packageName$,TreeParent,Unutilized Abstraction
eclipse.pde.ui-20120509-1450,$packageName$,TreeParent,Broken Hierarchy
eclipse.pde.ui-20120509-1450,$packageName$,ViewContentProvider,Unutilized Abstraction
eclipse.pde.ui-20120509-1450,$packageName$,ViewLabelProvider,Unutilized Abstraction
eclipse.pde.ui-20120509-1450,$packageName$,Perspective,Unutilized Abstraction
eclipse.pde.ui-20120509-1450,$packageName$,View,Unutilized Abstraction
eclipse.pde.ui-20120509-1450,$packageName$,View,Deficient Encapsulation
eclipse.pde.ui-20120509-1450,$packageName$,$applicationClass$,Unutilized Abstraction
eclipse.pde.ui-20120509-1450,$packageName$,ApplicationActionBarAdvisor,Unutilized Abstraction
eclipse.pde.ui-20120509-1450,$packageName$,ApplicationWorkbenchAdvisor,Unutilized Abstraction
eclipse.pde.ui-20120509-1450,$packageName$,ApplicationWorkbenchWindowAdvisor,Unutilized Abstraction
eclipse.pde.ui-20120509-1450,$packageName$,Perspective,Unutilized Abstraction
eclipse.pde.ui-20120509-1450,$packageName$,View,Unutilized Abstraction
eclipse.pde.ui-20120509-1450,$packageName$,View,Deficient Encapsulation
eclipse.pde.ui-20120509-1450,$packageName$,ViewContentProvider,Unutilized Abstraction
eclipse.pde.ui-20120509-1450,$packageName$,ViewLabelProvider,Unutilized Abstraction
eclipse.pde.ui-20120509-1450,$packageName$,$applicationClass$,Unutilized Abstraction
eclipse.pde.ui-20120509-1450,$packageName$,$applicationClass$,Unutilized Abstraction
eclipse.pde.ui-20120509-1450,$packageName$,ApplicationActionBarAdvisor,Unutilized Abstraction
eclipse.pde.ui-20120509-1450,$packageName$,ApplicationWorkbenchAdvisor,Unutilized Abstraction
eclipse.pde.ui-20120509-1450,$packageName$,ApplicationWorkbenchWindowAdvisor,Unutilized Abstraction
eclipse.pde.ui-20120509-1450,$packageName$,Perspective,Unutilized Abstraction
eclipse.pde.ui-20120509-1450,$packageName$,$className$,Unutilized Abstraction
eclipse.pde.ui-20120509-1450,$packageName$,Application,Unutilized Abstraction
eclipse.pde.ui-20120509-1450,$packageName$,ApplicationActionBarAdvisor,Unutilized Abstraction
eclipse.pde.ui-20120509-1450,$packageName$,ApplicationWorkbenchAdvisor,Unutilized Abstraction
eclipse.pde.ui-20120509-1450,$packageName$,ApplicationWorkbenchWindowAdvisor,Unutilized Abstraction
eclipse.pde.ui-20120509-1450,$packageName$,DynamicContentProvider,Unutilized Abstraction
eclipse.pde.ui-20120509-1450,$packageName$,Perspective,Unutilized Abstraction
eclipse.pde.ui-20120509-1450,$packageName$,$applicationClass$,Unutilized Abstraction
eclipse.pde.ui-20120509-1450,$packageName$,ApplicationActionBarAdvisor,Unutilized Abstraction
eclipse.pde.ui-20120509-1450,$packageName$,ApplicationWorkbenchAdvisor,Unutilized Abstraction
eclipse.pde.ui-20120509-1450,$packageName$,ApplicationWorkbenchWindowAdvisor,Unutilized Abstraction
eclipse.pde.ui-20120509-1450,$packageName$,ICommandIds,Unnecessary Abstraction
eclipse.pde.ui-20120509-1450,$packageName$,ICommandIds,Unutilized Abstraction
eclipse.pde.ui-20120509-1450,$packageName$,ICommandIds,Deficient Encapsulation
eclipse.pde.ui-20120509-1450,$packageName$,MessagePopupAction,Unutilized Abstraction
eclipse.pde.ui-20120509-1450,$packageName$,NavigationView,Unutilized Abstraction
eclipse.pde.ui-20120509-1450,$packageName$,NavigationView,Deficient Encapsulation
eclipse.pde.ui-20120509-1450,$packageName$,NavigationView,Insufficient Modularization
eclipse.pde.ui-20120509-1450,$packageName$,TreeObject,Unutilized Abstraction
eclipse.pde.ui-20120509-1450,$packageName$,TreeParent,Unutilized Abstraction
eclipse.pde.ui-20120509-1450,$packageName$,TreeParent,Broken Hierarchy
eclipse.pde.ui-20120509-1450,$packageName$,ViewContentProvider,Unutilized Abstraction
eclipse.pde.ui-20120509-1450,$packageName$,ViewLabelProvider,Unutilized Abstraction
eclipse.pde.ui-20120509-1450,$packageName$,OpenViewAction,Unutilized Abstraction
eclipse.pde.ui-20120509-1450,$packageName$,Perspective,Unutilized Abstraction
eclipse.pde.ui-20120509-1450,$packageName$,Perspective,Deficient Encapsulation
eclipse.pde.ui-20120509-1450,$packageName$,View,Unutilized Abstraction
eclipse.pde.ui-20120509-1450,$packageName$,View,Deficient Encapsulation
eclipse.pde.ui-20120509-1450,$packageName$,BrowserSplashHandler,Unutilized Abstraction
eclipse.pde.ui-20120509-1450,$packageName$,ExtensibleSplashHandler,Unutilized Abstraction
eclipse.pde.ui-20120509-1450,$packageName$,InteractiveSplashHandler,Unutilized Abstraction
eclipse.pde.ui-20120509-1450,$packageName$,$applicationClass$,Unutilized Abstraction
eclipse.pde.ui-20120509-1450,$packageName$,ApplicationActionBarAdvisor,Unutilized Abstraction
eclipse.pde.ui-20120509-1450,$packageName$,ApplicationWorkbenchAdvisor,Unutilized Abstraction
eclipse.pde.ui-20120509-1450,$packageName$,ApplicationWorkbenchWindowAdvisor,Unutilized Abstraction
eclipse.pde.ui-20120509-1450,$packageName$,Perspective,Unutilized Abstraction
eclipse.pde.ui-20120509-1450,$packageName$,View,Unutilized Abstraction
eclipse.pde.ui-20120509-1450,$packageName$,View,Deficient Encapsulation
eclipse.pde.ui-20120509-1450,$packageName$,ViewContentProvider,Unutilized Abstraction
eclipse.pde.ui-20120509-1450,$packageName$,ViewLabelProvider,Unutilized Abstraction
eclipse.pde.ui-20120509-1450,$packageName$,ServiceComponent,Unutilized Abstraction
eclipse.pde.ui-20120509-1450,org.eclipse.pde.internal.ui.tests.macro,AbstractStructuredCommand,Unutilized Abstraction
eclipse.pde.ui-20120509-1450,org.eclipse.pde.internal.ui.tests.macro,BooleanSelectionCommand,Deficient Encapsulation
eclipse.pde.ui-20120509-1450,org.eclipse.pde.internal.ui.tests.macro,BooleanSelectionCommand,Cyclic-Dependent Modularization
eclipse.pde.ui-20120509-1450,org.eclipse.pde.internal.ui.tests.macro,CheckCommand,Unutilized Abstraction
eclipse.pde.ui-20120509-1450,org.eclipse.pde.internal.ui.tests.macro,CheckCommand,Deficient Encapsulation
eclipse.pde.ui-20120509-1450,org.eclipse.pde.internal.ui.tests.macro,CheckCommand,Broken Hierarchy
eclipse.pde.ui-20120509-1450,org.eclipse.pde.internal.ui.tests.macro,ChoiceSelectionCommand,Deficient Encapsulation
eclipse.pde.ui-20120509-1450,org.eclipse.pde.internal.ui.tests.macro,ChoiceSelectionCommand,Cyclic-Dependent Modularization
eclipse.pde.ui-20120509-1450,org.eclipse.pde.internal.ui.tests.macro,EditorCommandTarget,Unutilized Abstraction
eclipse.pde.ui-20120509-1450,org.eclipse.pde.internal.ui.tests.macro,ExpansionCommand,Unutilized Abstraction
eclipse.pde.ui-20120509-1450,org.eclipse.pde.internal.ui.tests.macro,ExpansionCommand,Deficient Encapsulation
eclipse.pde.ui-20120509-1450,org.eclipse.pde.internal.ui.tests.macro,ExpansionCommand,Broken Hierarchy
eclipse.pde.ui-20120509-1450,org.eclipse.pde.internal.ui.tests.macro,FocusCommand,Deficient Encapsulation
eclipse.pde.ui-20120509-1450,org.eclipse.pde.internal.ui.tests.macro,FocusCommand,Cyclic-Dependent Modularization
eclipse.pde.ui-20120509-1450,org.eclipse.pde.internal.ui.tests.macro,KeyCommand,Unutilized Abstraction
eclipse.pde.ui-20120509-1450,org.eclipse.pde.internal.ui.tests.macro,KeyCommand,Deficient Encapsulation
eclipse.pde.ui-20120509-1450,org.eclipse.pde.internal.ui.tests.macro,Macro,Cyclic-Dependent Modularization
eclipse.pde.ui-20120509-1450,org.eclipse.pde.internal.ui.tests.macro,MacroCommand,Broken Hierarchy
eclipse.pde.ui-20120509-1450,org.eclipse.pde.internal.ui.tests.macro,MacroCommand,Cyclic-Dependent Modularization
eclipse.pde.ui-20120509-1450,org.eclipse.pde.internal.ui.tests.macro,MacroCommandShell,Unutilized Abstraction
eclipse.pde.ui-20120509-1450,org.eclipse.pde.internal.ui.tests.macro,MacroCommandShell,Unexploited Encapsulation
eclipse.pde.ui-20120509-1450,org.eclipse.pde.internal.ui.tests.macro,MacroCommandShell,Missing Hierarchy
eclipse.pde.ui-20120509-1450,org.eclipse.pde.internal.ui.tests.macro,MacroCommandShell,Cyclic-Dependent Modularization
eclipse.pde.ui-20120509-1450,org.eclipse.pde.internal.ui.tests.macro,MacroCommandShell,Insufficient Modularization
eclipse.pde.ui-20120509-1450,org.eclipse.pde.internal.ui.tests.macro,NestedShell,Cyclic-Dependent Modularization
eclipse.pde.ui-20120509-1450,org.eclipse.pde.internal.ui.tests.macro,MacroIndex,Unutilized Abstraction
eclipse.pde.ui-20120509-1450,org.eclipse.pde.internal.ui.tests.macro,MacroIndex,Broken Hierarchy
eclipse.pde.ui-20120509-1450,org.eclipse.pde.internal.ui.tests.macro,MacroInstruction,Unutilized Abstraction
eclipse.pde.ui-20120509-1450,org.eclipse.pde.internal.ui.tests.macro,MacroInstruction,Broken Hierarchy
eclipse.pde.ui-20120509-1450,org.eclipse.pde.internal.ui.tests.macro,MacroManager,Deficient Encapsulation
eclipse.pde.ui-20120509-1450,org.eclipse.pde.internal.ui.tests.macro,MacroManager,Cyclic-Dependent Modularization
eclipse.pde.ui-20120509-1450,org.eclipse.pde.internal.ui.tests.macro,MacroManager,Insufficient Modularization
eclipse.pde.ui-20120509-1450,org.eclipse.pde.internal.ui.tests.macro,DisplayListener,Unutilized Abstraction
eclipse.pde.ui-20120509-1450,org.eclipse.pde.internal.ui.tests.macro,MacroPlugin,Cyclic-Dependent Modularization
eclipse.pde.ui-20120509-1450,org.eclipse.pde.internal.ui.tests.macro,MacroUtil,Cyclic-Dependent Modularization
eclipse.pde.ui-20120509-1450,org.eclipse.pde.internal.ui.tests.macro,MacroUtil,Insufficient Modularization
eclipse.pde.ui-20120509-1450,org.eclipse.pde.internal.ui.tests.macro,ModifyCommand,Deficient Encapsulation
eclipse.pde.ui-20120509-1450,org.eclipse.pde.internal.ui.tests.macro,ModifyCommand,Cyclic-Dependent Modularization
eclipse.pde.ui-20120509-1450,org.eclipse.pde.internal.ui.tests.macro,StructuredSelectionCommand,Unutilized Abstraction
eclipse.pde.ui-20120509-1450,org.eclipse.pde.internal.ui.tests.macro,StructuredSelectionCommand,Deficient Encapsulation
eclipse.pde.ui-20120509-1450,org.eclipse.pde.internal.ui.tests.macro,ToggleStructuredCommand,Unutilized Abstraction
eclipse.pde.ui-20120509-1450,org.eclipse.pde.internal.ui.tests.macro,ViewCommandTarget,Unutilized Abstraction
eclipse.pde.ui-20120509-1450,org.eclipse.pde.internal.ui.tests.macro,WaitCommand,Deficient Encapsulation
eclipse.pde.ui-20120509-1450,org.eclipse.pde.internal.ui.tests.macro,JobListener,Unutilized Abstraction
eclipse.pde.ui-20120509-1450,org.eclipse.pde.internal.ui.tests.macro,WidgetIdentifier,Deficient Encapsulation
eclipse.pde.ui-20120509-1450,org.eclipse.pde.internal.ui.tests.macro,WindowCommandTarget,Unutilized Abstraction
eclipse.pde.ui-20120509-1450,org.eclipse.pde.internal.ui.tests.macro,WizardCommandTarget,Unutilized Abstraction
eclipse.pde.ui-20120509-1450,org.eclipse.pde.internal.ui.tests.macro,WizardCommandTarget,Broken Hierarchy
eclipse.pde.ui-20120509-1450,org.eclipse.pde.internal.ui.tests.macro,DefaultIndexHandler,Unutilized Abstraction
eclipse.pde.ui-20120509-1450,org.eclipse.pde.internal.ui.tests.macro,DefaultWidgetResolver,Unutilized Abstraction
eclipse.pde.ui-20120509-1450,org.eclipse.pde.internal.ui.tests.macro,IndexAction,Unutilized Abstraction
eclipse.pde.ui-20120509-1450,org.eclipse.pde.internal.ui.tests.macro,ExistingProvider,Unutilized Abstraction
eclipse.pde.ui-20120509-1450,org.eclipse.pde.internal.ui.tests.macro,NewMacroPage,Unutilized Abstraction
eclipse.pde.ui-20120509-1450,org.eclipse.pde.internal.ui.tests.macro,PlaybackAction,Unutilized Abstraction
eclipse.pde.ui-20120509-1450,org.eclipse.pde.internal.ui.tests.macro,RecordAction,Unutilized Abstraction
eclipse.pde.ui-20120509-1450,org.eclipse.pde.internal.ui.tests.macro,StopAction,Unutilized Abstraction
eclipse.pde.ui-20120509-1450,org.eclipse.pde.ui.tests,AllPDETests,Unutilized Abstraction
eclipse.pde.ui-20120509-1450,org.eclipse.pde.ui.tests,PDETestCase,Unutilized Abstraction
eclipse.pde.ui-20120509-1450,org.eclipse.pde.ui.tests.build.properties,AbstractBuildValidationTest,Unutilized Abstraction
eclipse.pde.ui-20120509-1450,org.eclipse.pde.ui.tests.build.properties,BuildPropertiesValidationTest,Unutilized Abstraction
eclipse.pde.ui-20120509-1450,org.eclipse.pde.ui.tests.build.properties,BuildPropertiesValidationTest,Broken Hierarchy
eclipse.pde.ui-20120509-1450,org.eclipse.pde.ui.tests.classpathresolver,TestBundleClasspathResolver,Unutilized Abstraction
eclipse.pde.ui-20120509-1450,org.eclipse.pde.ui.tests.classpathresolver,TestProjectNature,Unutilized Abstraction
eclipse.pde.ui-20120509-1450,org.eclipse.pde.ui.tests.ee,EnvironmentAnalyzerDelegate,Deficient Encapsulation
eclipse.pde.ui-20120509-1450,org.eclipse.pde.ui.tests.imports,BaseImportTestCase,Unutilized Abstraction
eclipse.pde.ui-20120509-1450,org.eclipse.pde.ui.tests.imports,ImportAsBinaryTestCase,Unutilized Abstraction
eclipse.pde.ui-20120509-1450,org.eclipse.pde.ui.tests.imports,ImportAsBinaryTestCase,Broken Hierarchy
eclipse.pde.ui-20120509-1450,org.eclipse.pde.ui.tests.imports,ImportAsSourceTestCase,Unutilized Abstraction
eclipse.pde.ui-20120509-1450,org.eclipse.pde.ui.tests.imports,ImportAsSourceTestCase,Broken Hierarchy
eclipse.pde.ui-20120509-1450,org.eclipse.pde.ui.tests.imports,ImportFromRepoTestCase,Unutilized Abstraction
eclipse.pde.ui-20120509-1450,org.eclipse.pde.ui.tests.imports,ImportFromRepoTestCase,Broken Hierarchy
eclipse.pde.ui-20120509-1450,org.eclipse.pde.ui.tests.imports,TestsUserAuthenticator,Unutilized Abstraction
eclipse.pde.ui-20120509-1450,org.eclipse.pde.ui.tests.imports,ImportWithLinksTestCase,Unutilized Abstraction
eclipse.pde.ui-20120509-1450,org.eclipse.pde.ui.tests.imports,ImportWithLinksTestCase,Broken Hierarchy
eclipse.pde.ui-20120509-1450,org.eclipse.pde.ui.tests.model.bundle,BundleActivatorTestCase,Unutilized Abstraction
eclipse.pde.ui-20120509-1450,org.eclipse.pde.ui.tests.model.bundle,BundleActivatorTestCase,Broken Hierarchy
eclipse.pde.ui-20120509-1450,org.eclipse.pde.ui.tests.model.bundle,BundleClasspathTestCase,Unutilized Abstraction
eclipse.pde.ui-20120509-1450,org.eclipse.pde.ui.tests.model.bundle,BundleClasspathTestCase,Broken Hierarchy
eclipse.pde.ui-20120509-1450,org.eclipse.pde.ui.tests.model.bundle,BundleLocalizationTestCase,Unutilized Abstraction
eclipse.pde.ui-20120509-1450,org.eclipse.pde.ui.tests.model.bundle,BundleLocalizationTestCase,Broken Hierarchy
eclipse.pde.ui-20120509-1450,org.eclipse.pde.ui.tests.model.bundle,BundleModelTestCase,Unutilized Abstraction
eclipse.pde.ui-20120509-1450,org.eclipse.pde.ui.tests.model.bundle,BundleNameTestCase,Unutilized Abstraction
eclipse.pde.ui-20120509-1450,org.eclipse.pde.ui.tests.model.bundle,BundleNameTestCase,Broken Hierarchy
eclipse.pde.ui-20120509-1450,org.eclipse.pde.ui.tests.model.bundle,BundleSymbolicNameTestCase,Unutilized Abstraction
eclipse.pde.ui-20120509-1450,org.eclipse.pde.ui.tests.model.bundle,BundleVendorTestCase,Unutilized Abstraction
eclipse.pde.ui-20120509-1450,org.eclipse.pde.ui.tests.model.bundle,BundleVendorTestCase,Broken Hierarchy
eclipse.pde.ui-20120509-1450,org.eclipse.pde.ui.tests.model.bundle,BundleVersionTestCase,Unutilized Abstraction
eclipse.pde.ui-20120509-1450,org.eclipse.pde.ui.tests.model.bundle,BundleVersionTestCase,Broken Hierarchy
eclipse.pde.ui-20120509-1450,org.eclipse.pde.ui.tests.model.bundle,ExecutionEnvironmentTestCase,Unutilized Abstraction
eclipse.pde.ui-20120509-1450,org.eclipse.pde.ui.tests.model.bundle,ExecutionEnvironmentTestCase,Broken Hierarchy
eclipse.pde.ui-20120509-1450,org.eclipse.pde.ui.tests.model.bundle,ExportPackageTestCase,Unutilized Abstraction
eclipse.pde.ui-20120509-1450,org.eclipse.pde.ui.tests.model.bundle,ExportPackageTestCase,Broken Hierarchy
eclipse.pde.ui-20120509-1450,org.eclipse.pde.ui.tests.model.bundle,FragmentHostTestCase,Unutilized Abstraction
eclipse.pde.ui-20120509-1450,org.eclipse.pde.ui.tests.model.bundle,FragmentHostTestCase,Broken Hierarchy
eclipse.pde.ui-20120509-1450,org.eclipse.pde.ui.tests.model.bundle,ImportPackageTestCase,Unutilized Abstraction
eclipse.pde.ui-20120509-1450,org.eclipse.pde.ui.tests.model.bundle,ImportPackageTestCase,Broken Hierarchy
eclipse.pde.ui-20120509-1450,org.eclipse.pde.ui.tests.model.bundle,LazyStartTestCase,Unutilized Abstraction
eclipse.pde.ui-20120509-1450,org.eclipse.pde.ui.tests.model.bundle,LazyStartTestCase,Broken Hierarchy
eclipse.pde.ui-20120509-1450,org.eclipse.pde.ui.tests.model.bundle,MultiLineHeaderTestCase,Unutilized Abstraction
eclipse.pde.ui-20120509-1450,org.eclipse.pde.ui.tests.model.bundle,MultiLineHeaderTestCase,Broken Hierarchy
eclipse.pde.ui-20120509-1450,org.eclipse.pde.ui.tests.model.bundle,PackageHeaderTestCase,Unutilized Abstraction
eclipse.pde.ui-20120509-1450,org.eclipse.pde.ui.tests.model.bundle,PackageHeaderTestCase,Broken Hierarchy
eclipse.pde.ui-20120509-1450,org.eclipse.pde.ui.tests.model.bundle,RequireBundleTestCase,Unutilized Abstraction
eclipse.pde.ui-20120509-1450,org.eclipse.pde.ui.tests.model.bundle,RequireBundleTestCase,Broken Hierarchy
eclipse.pde.ui-20120509-1450,org.eclipse.pde.ui.tests.model.bundle,RequireBundleTestCase,Insufficient Modularization
eclipse.pde.ui-20120509-1450,org.eclipse.pde.ui.tests.model.schema,AllSchemaModelTests,Unutilized Abstraction
eclipse.pde.ui-20120509-1450,org.eclipse.pde.ui.tests.model.xml,BasicXMLTestCase,Unutilized Abstraction
eclipse.pde.ui-20120509-1450,org.eclipse.pde.ui.tests.model.xml,BasicXMLTestCase,Broken Hierarchy
eclipse.pde.ui-20120509-1450,org.eclipse.pde.ui.tests.model.xml,ExtensionAttributeTestCase,Unutilized Abstraction
eclipse.pde.ui-20120509-1450,org.eclipse.pde.ui.tests.model.xml,ExtensionAttributeTestCase,Broken Hierarchy
eclipse.pde.ui-20120509-1450,org.eclipse.pde.ui.tests.model.xml,ExtensionAttributeTestCase,Insufficient Modularization
eclipse.pde.ui-20120509-1450,org.eclipse.pde.ui.tests.model.xml,ExtensionElementTestCase,Unutilized Abstraction
eclipse.pde.ui-20120509-1450,org.eclipse.pde.ui.tests.model.xml,ExtensionElementTestCase,Broken Hierarchy
eclipse.pde.ui-20120509-1450,org.eclipse.pde.ui.tests.model.xml,ExtensionElementTestCase,Insufficient Modularization
eclipse.pde.ui-20120509-1450,org.eclipse.pde.ui.tests.model.xml,ExtensionTestCase,Unutilized Abstraction
eclipse.pde.ui-20120509-1450,org.eclipse.pde.ui.tests.model.xml,ManifestEditorSpellCheckTestCase,Unutilized Abstraction
eclipse.pde.ui-20120509-1450,org.eclipse.pde.ui.tests.model.xml,ManifestEditorSpellCheckTestCase,Broken Hierarchy
eclipse.pde.ui-20120509-1450,org.eclipse.pde.ui.tests.model.xml,StructureXMLModelTestCase,Unutilized Abstraction
eclipse.pde.ui-20120509-1450,org.eclipse.pde.ui.tests.model.xml,StructureXMLModelTestCase,Broken Hierarchy
eclipse.pde.ui-20120509-1450,org.eclipse.pde.ui.tests.model.xml,SwapXMLModelTestCase,Unutilized Abstraction
eclipse.pde.ui-20120509-1450,org.eclipse.pde.ui.tests.model.xml,SwapXMLModelTestCase,Broken Hierarchy
eclipse.pde.ui-20120509-1450,org.eclipse.pde.ui.tests.model.xml,XMLModelTestCase,Unutilized Abstraction
eclipse.pde.ui-20120509-1450,org.eclipse.pde.ui.tests.performance,PDEPerformanceTests,Unutilized Abstraction
eclipse.pde.ui-20120509-1450,org.eclipse.pde.ui.tests.performance.parts,AbstractSchemaPerfTest,Unutilized Abstraction
eclipse.pde.ui-20120509-1450,org.eclipse.pde.ui.tests.performance.parts,InitializeModelsPerfTest,Unutilized Abstraction
eclipse.pde.ui-20120509-1450,org.eclipse.pde.ui.tests.performance.parts,OpenManifestEditorPerfTest,Unutilized Abstraction
eclipse.pde.ui-20120509-1450,org.eclipse.pde.ui.tests.performance.parts,SchemaLoaderPerfTest,Unutilized Abstraction
eclipse.pde.ui-20120509-1450,org.eclipse.pde.ui.tests.performance.parts,SchemaLoaderPerfTest,Broken Hierarchy
eclipse.pde.ui-20120509-1450,org.eclipse.pde.ui.tests.performance.parts,SchemaTraversePerfTest,Unutilized Abstraction
eclipse.pde.ui-20120509-1450,org.eclipse.pde.ui.tests.performance.parts,SchemaTraversePerfTest,Broken Hierarchy
eclipse.pde.ui-20120509-1450,org.eclipse.pde.ui.tests.performance.parts,TargetPlatformPerfTest,Unutilized Abstraction
eclipse.pde.ui-20120509-1450,org.eclipse.pde.ui.tests.project,BundleImporterTests,Unutilized Abstraction
eclipse.pde.ui-20120509-1450,org.eclipse.pde.ui.tests.project,BundleRootTests,Unutilized Abstraction
eclipse.pde.ui-20120509-1450,org.eclipse.pde.ui.tests.project,ClasspathContainerInitializer,Deficient Encapsulation
eclipse.pde.ui-20120509-1450,org.eclipse.pde.ui.tests.project,ClasspathContainer,Unutilized Abstraction
eclipse.pde.ui-20120509-1450,org.eclipse.pde.ui.tests.project,PluginRegistryTests,Insufficient Modularization
eclipse.pde.ui-20120509-1450,org.eclipse.pde.ui.tests.project,ProjectCreationTests,Insufficient Modularization
eclipse.pde.ui-20120509-1450,org.eclipse.pde.ui.tests.runtime,AbstractRegistryModelTest,Unutilized Abstraction
eclipse.pde.ui-20120509-1450,org.eclipse.pde.ui.tests.runtime,AbstractRegistryModelTest,Deficient Encapsulation
eclipse.pde.ui-20120509-1450,org.eclipse.pde.ui.tests.runtime,AbstractRegistryModelTest,Insufficient Modularization
eclipse.pde.ui-20120509-1450,org.eclipse.pde.ui.tests.runtime,LocalModelTest,Unutilized Abstraction
eclipse.pde.ui-20120509-1450,org.eclipse.pde.ui.tests.runtime,LocalModelTest,Broken Hierarchy
eclipse.pde.ui-20120509-1450,org.eclipse.pde.ui.tests.runtime,TestUtils,Unutilized Abstraction
eclipse.pde.ui-20120509-1450,org.eclipse.pde.ui.tests.target,AbstractTargetTest,Unutilized Abstraction
eclipse.pde.ui-20120509-1450,org.eclipse.pde.ui.tests.target,IUBundleContainerTests,Unutilized Abstraction
eclipse.pde.ui-20120509-1450,org.eclipse.pde.ui.tests.target,IUBundleContainerTests,Broken Hierarchy
eclipse.pde.ui-20120509-1450,org.eclipse.pde.ui.tests.target,IUBundleContainerTests,Insufficient Modularization
eclipse.pde.ui-20120509-1450,org.eclipse.pde.ui.tests.target,LocalTargetDefinitionTests,Unutilized Abstraction
eclipse.pde.ui-20120509-1450,org.eclipse.pde.ui.tests.target,LocalTargetDefinitionTests,Deficient Encapsulation
eclipse.pde.ui-20120509-1450,org.eclipse.pde.ui.tests.target,LocalTargetDefinitionTests,Broken Hierarchy
eclipse.pde.ui-20120509-1450,org.eclipse.pde.ui.tests.target,LocalTargetDefinitionTests,Insufficient Modularization
eclipse.pde.ui-20120509-1450,org.eclipse.pde.ui.tests.target,TargetDefinitionFeatureResolutionTests,Unutilized Abstraction
eclipse.pde.ui-20120509-1450,org.eclipse.pde.ui.tests.target,TargetDefinitionFeatureResolutionTests,Broken Hierarchy
eclipse.pde.ui-20120509-1450,org.eclipse.pde.ui.tests.target,TargetDefinitionResolutionTests,Unutilized Abstraction
eclipse.pde.ui-20120509-1450,org.eclipse.pde.ui.tests.target,TargetDefinitionResolutionTests,Broken Hierarchy
eclipse.pde.ui-20120509-1450,org.eclipse.pde.ui.tests.util,PDEPerfTesterUtil,Unutilized Abstraction
eclipse.pde.ui-20120509-1450,org.eclipse.pde.ui.tests.util,ProjectUtils,Deficient Encapsulation
eclipse.pde.ui-20120509-1450,org.eclipse.pde.ui.tests.util,TestProjectProvider,Unutilized Abstraction
eclipse.pde.ui-20120509-1450,org.eclipse.pde.ui.tests.util,TestBundleWizard,Unutilized Abstraction
eclipse.pde.ui-20120509-1450,org.eclipse.pde.ui.tests.util,TestBundleCreator,Imperative Abstraction
eclipse.pde.ui-20120509-1450,org.eclipse.pde.ui.tests.util,TestBundleCreator,Unutilized Abstraction
eclipse.pde.ui-20120509-1450,org.eclipse.pde.ui.tests.util.xml,ALLXMLUtilTests,Unutilized Abstraction
eclipse.pde.ui-20120509-1450,org.eclipse.pde.ui.tests.util.xml,ParserThread,Unutilized Abstraction
eclipse.pde.ui-20120509-1450,org.eclipse.pde.ui.tests.wizards,NewFeatureProjectTestCase,Unutilized Abstraction
eclipse.pde.ui-20120509-1450,org.eclipse.pde.ui.tests.wizards,NewFeatureProjectTestCase,Broken Hierarchy
eclipse.pde.ui-20120509-1450,org.eclipse.pde.ui.tests.wizards,NewProjectTestCase,Unutilized Abstraction
eclipse.pde.ui-20120509-1450,org.eclipse.pde.internal.ui,IHelpContextIds,Deficient Encapsulation
eclipse.pde.ui-20120509-1450,org.eclipse.pde.internal.ui,IHelpContextIds,Broken Modularization
eclipse.pde.ui-20120509-1450,org.eclipse.pde.internal.ui,IPDEUIConstants,Broken Modularization
eclipse.pde.ui-20120509-1450,org.eclipse.pde.internal.ui,IPreferenceConstants,Deficient Encapsulation
eclipse.pde.ui-20120509-1450,org.eclipse.pde.internal.ui,IPreferenceConstants,Broken Modularization
eclipse.pde.ui-20120509-1450,org.eclipse.pde.internal.ui,PDELabelProvider,Cyclic-Dependent Modularization
eclipse.pde.ui-20120509-1450,org.eclipse.pde.internal.ui,PDELabelProvider,Insufficient Modularization
eclipse.pde.ui-20120509-1450,org.eclipse.pde.internal.ui,PDEPerspective,Unutilized Abstraction
eclipse.pde.ui-20120509-1450,org.eclipse.pde.internal.ui,PDEPlugin,Broken Hierarchy
eclipse.pde.ui-20120509-1450,org.eclipse.pde.internal.ui,PDEPlugin,Cyclic-Dependent Modularization
eclipse.pde.ui-20120509-1450,org.eclipse.pde.internal.ui,PDEPlugin,Insufficient Modularization
eclipse.pde.ui-20120509-1450,org.eclipse.pde.internal.ui,PDEPluginImages,Deficient Encapsulation
eclipse.pde.ui-20120509-1450,org.eclipse.pde.internal.ui,PDEPluginImages,Cyclic-Dependent Modularization
eclipse.pde.ui-20120509-1450,org.eclipse.pde.internal.ui,PDEUIMessages,Deficient Encapsulation
eclipse.pde.ui-20120509-1450,org.eclipse.pde.internal.ui,PDEUIMessages,Broken Modularization
eclipse.pde.ui-20120509-1450,org.eclipse.pde.internal.ui,SWTFactory,Insufficient Modularization
eclipse.pde.ui-20120509-1450,org.eclipse.pde.internal.ui,ShowErrorInStackTraceConsoleAction,Unutilized Abstraction
eclipse.pde.ui-20120509-1450,org.eclipse.pde.internal.ui.build,BuildSiteAction,Unutilized Abstraction
eclipse.pde.ui-20120509-1450,org.eclipse.pde.internal.ui.build,FeatureExportJob,Unutilized Abstraction
eclipse.pde.ui-20120509-1450,org.eclipse.pde.internal.ui.build,GenerateFeatureBuildFileAction,Unutilized Abstraction
eclipse.pde.ui-20120509-1450,org.eclipse.pde.internal.ui.build,GeneratePluginBuildFileAction,Unutilized Abstraction
eclipse.pde.ui-20120509-1450,org.eclipse.pde.internal.ui.build,PluginExportJob,Unutilized Abstraction
eclipse.pde.ui-20120509-1450,org.eclipse.pde.internal.ui.commands,CommandComposerPart,Deficient Encapsulation
eclipse.pde.ui-20120509-1450,org.eclipse.pde.internal.ui.commands,CommandComposerPart,Cyclic-Dependent Modularization
eclipse.pde.ui-20120509-1450,org.eclipse.pde.internal.ui.commands,CommandCopyFilter,Deficient Encapsulation
eclipse.pde.ui-20120509-1450,org.eclipse.pde.internal.ui.commands,CommandDetails,Cyclic-Dependent Modularization
eclipse.pde.ui-20120509-1450,org.eclipse.pde.internal.ui.commands,CommandDetails,Insufficient Modularization
eclipse.pde.ui-20120509-1450,org.eclipse.pde.internal.ui.commands,ExecCommand,Unutilized Abstraction
eclipse.pde.ui-20120509-1450,org.eclipse.pde.internal.ui.commands,CopyToClipboard,Unutilized Abstraction
eclipse.pde.ui-20120509-1450,org.eclipse.pde.internal.ui.commands,ValuesParameterControl,Unutilized Abstraction
eclipse.pde.ui-20120509-1450,org.eclipse.pde.internal.ui.commands,ObjectParameterControl,Unutilized Abstraction
eclipse.pde.ui-20120509-1450,org.eclipse.pde.internal.ui.commands,TextParameterControl,Unutilized Abstraction
eclipse.pde.ui-20120509-1450,org.eclipse.pde.internal.ui.commands,CommandList,Cyclic-Dependent Modularization
eclipse.pde.ui-20120509-1450,org.eclipse.pde.internal.ui.commands,CommandTreeLabelProvider,Unutilized Abstraction
eclipse.pde.ui-20120509-1450,org.eclipse.pde.internal.ui.commands,CommandTreeComparator,Unutilized Abstraction
eclipse.pde.ui-20120509-1450,org.eclipse.pde.internal.ui.commands,WildcardFilter,Unutilized Abstraction
eclipse.pde.ui-20120509-1450,org.eclipse.pde.internal.ui.commands,CollapseAction,Unutilized Abstraction
eclipse.pde.ui-20120509-1450,org.eclipse.pde.internal.ui.commands,CommandTreeContentProvider,Cyclic-Dependent Modularization
eclipse.pde.ui-20120509-1450,org.eclipse.pde.internal.ui.commands,CommandView,Unutilized Abstraction
eclipse.pde.ui-20120509-1450,org.eclipse.pde.internal.ui.commands,QueryByObjectSelection,Unutilized Abstraction
eclipse.pde.ui-20120509-1450,org.eclipse.pde.internal.ui.commands,QueryByObjectSelection,Broken Hierarchy
eclipse.pde.ui-20120509-1450,org.eclipse.pde.internal.ui.commands,QueryByTag,Unutilized Abstraction
eclipse.pde.ui-20120509-1450,org.eclipse.pde.internal.ui.commands,QueryByTag,Broken Hierarchy
eclipse.pde.ui-20120509-1450,org.eclipse.pde.internal.ui.commands,TagManagerListener,Unutilized Abstraction
eclipse.pde.ui-20120509-1450,org.eclipse.pde.internal.ui.commands,TagManagerListener,Broken Hierarchy
eclipse.pde.ui-20120509-1450,org.eclipse.pde.internal.ui.commands,QueryControl,Unutilized Abstraction
eclipse.pde.ui-20120509-1450,org.eclipse.pde.internal.ui.compare,ManifestContentMergeViewer,Unutilized Abstraction
eclipse.pde.ui-20120509-1450,org.eclipse.pde.internal.ui.compare,ManifestContentMergeViewerCreator,Unutilized Abstraction
eclipse.pde.ui-20120509-1450,org.eclipse.pde.internal.ui.compare,ManifestStructureMergeViewerCreator,Unutilized Abstraction
eclipse.pde.ui-20120509-1450,org.eclipse.pde.internal.ui.compare,PluginContentMergeViewer,Unutilized Abstraction
eclipse.pde.ui-20120509-1450,org.eclipse.pde.internal.ui.compare,PluginContentMergeViewerCreator,Unutilized Abstraction
eclipse.pde.ui-20120509-1450,org.eclipse.pde.internal.ui.compare,PluginStructureCreator,Unutilized Abstraction
eclipse.pde.ui-20120509-1450,org.eclipse.pde.internal.ui.compare,PluginStructureCreator,Deficient Encapsulation
eclipse.pde.ui-20120509-1450,org.eclipse.pde.internal.ui.compare,PluginStructureViewerCreator,Unutilized Abstraction
eclipse.pde.ui-20120509-1450,org.eclipse.pde.internal.ui.correction,AbstractManifestMarkerResolution,Unutilized Abstraction
eclipse.pde.ui-20120509-1450,org.eclipse.pde.internal.ui.correction,AbstractManifestMarkerResolution,Broken Hierarchy
eclipse.pde.ui-20120509-1450,org.eclipse.pde.internal.ui.correction,AbstractManifestMarkerResolution,Wide Hierarchy
eclipse.pde.ui-20120509-1450,org.eclipse.pde.internal.ui.correction,AbstractPDEMarkerResolution,Deficient Encapsulation
eclipse.pde.ui-20120509-1450,org.eclipse.pde.internal.ui.correction,AbstractPDEMarkerResolution,Cyclic-Dependent Modularization
eclipse.pde.ui-20120509-1450,org.eclipse.pde.internal.ui.correction,AbstractXMLMarkerResolution,Unutilized Abstraction
eclipse.pde.ui-20120509-1450,org.eclipse.pde.internal.ui.correction,AbstractXMLMarkerResolution,Broken Hierarchy
eclipse.pde.ui-20120509-1450,org.eclipse.pde.internal.ui.correction,AddActivationHeaderResolution,Unutilized Abstraction
eclipse.pde.ui-20120509-1450,org.eclipse.pde.internal.ui.correction,AddActivationHeaderResolution,Broken Hierarchy
eclipse.pde.ui-20120509-1450,org.eclipse.pde.internal.ui.correction,AddBuildEntryResolution,Unutilized Abstraction
eclipse.pde.ui-20120509-1450,org.eclipse.pde.internal.ui.correction,AddBuildEntryResolution,Broken Hierarchy
eclipse.pde.ui-20120509-1450,org.eclipse.pde.internal.ui.correction,AddBundleClassPathMarkerResolution,Unutilized Abstraction
eclipse.pde.ui-20120509-1450,org.eclipse.pde.internal.ui.correction,AddBundleClassPathMarkerResolution,Broken Hierarchy
eclipse.pde.ui-20120509-1450,org.eclipse.pde.internal.ui.correction,AddBundleManifestVersionResolution,Unutilized Abstraction
eclipse.pde.ui-20120509-1450,org.eclipse.pde.internal.ui.correction,AddBundleManifestVersionResolution,Broken Hierarchy
eclipse.pde.ui-20120509-1450,org.eclipse.pde.internal.ui.correction,AddDefaultExecutionEnvironmentResolution,Unutilized Abstraction
eclipse.pde.ui-20120509-1450,org.eclipse.pde.internal.ui.correction,AddDefaultExecutionEnvironmentResolution,Broken Hierarchy
eclipse.pde.ui-20120509-1450,org.eclipse.pde.internal.ui.correction,AddExportPackageMarkerResolution,Unutilized Abstraction
eclipse.pde.ui-20120509-1450,org.eclipse.pde.internal.ui.correction,AddExportPackageMarkerResolution,Broken Hierarchy
eclipse.pde.ui-20120509-1450,org.eclipse.pde.internal.ui.correction,AddNewExtensionPointResolution,Unutilized Abstraction
eclipse.pde.ui-20120509-1450,org.eclipse.pde.internal.ui.correction,AddNewExtensionPointResolution,Broken Hierarchy
eclipse.pde.ui-20120509-1450,org.eclipse.pde.internal.ui.correction,AddNewExtensionResolution,Unutilized Abstraction
eclipse.pde.ui-20120509-1450,org.eclipse.pde.internal.ui.correction,AddNewExtensionResolution,Broken Hierarchy
eclipse.pde.ui-20120509-1450,org.eclipse.pde.internal.ui.correction,AddSingletonToSymbolicName,Unutilized Abstraction
eclipse.pde.ui-20120509-1450,org.eclipse.pde.internal.ui.correction,AddSingletonToSymbolicName,Broken Hierarchy
eclipse.pde.ui-20120509-1450,org.eclipse.pde.internal.ui.correction,AddSourceBuildEntryResolution,Unutilized Abstraction
eclipse.pde.ui-20120509-1450,org.eclipse.pde.internal.ui.correction,AddSourceBuildEntryResolution,Broken Hierarchy
eclipse.pde.ui-20120509-1450,org.eclipse.pde.internal.ui.correction,AppendSeperatorBuildEntryResolution,Unutilized Abstraction
eclipse.pde.ui-20120509-1450,org.eclipse.pde.internal.ui.correction,AppendSeperatorBuildEntryResolution,Broken Hierarchy
eclipse.pde.ui-20120509-1450,org.eclipse.pde.internal.ui.correction,BuildEntryMarkerResolution,Unutilized Abstraction
eclipse.pde.ui-20120509-1450,org.eclipse.pde.internal.ui.correction,BuildEntryMarkerResolution,Broken Hierarchy
eclipse.pde.ui-20120509-1450,org.eclipse.pde.internal.ui.correction,ChooseClassXMLResolution,Unutilized Abstraction
eclipse.pde.ui-20120509-1450,org.eclipse.pde.internal.ui.correction,ChooseClassXMLResolution,Broken Hierarchy
eclipse.pde.ui-20120509-1450,org.eclipse.pde.internal.ui.correction,ChooseManifestClassResolution,Unutilized Abstraction
eclipse.pde.ui-20120509-1450,org.eclipse.pde.internal.ui.correction,ChooseManifestClassResolution,Broken Hierarchy
eclipse.pde.ui-20120509-1450,org.eclipse.pde.internal.ui.correction,CreateClassXMLResolution,Unutilized Abstraction
eclipse.pde.ui-20120509-1450,org.eclipse.pde.internal.ui.correction,CreateClassXMLResolution,Broken Hierarchy
eclipse.pde.ui-20120509-1450,org.eclipse.pde.internal.ui.correction,CreateJREBundleHeaderResolution,Unutilized Abstraction
eclipse.pde.ui-20120509-1450,org.eclipse.pde.internal.ui.correction,CreateJREBundleHeaderResolution,Broken Hierarchy
eclipse.pde.ui-20120509-1450,org.eclipse.pde.internal.ui.correction,CreateManifestClassResolution,Unutilized Abstraction
eclipse.pde.ui-20120509-1450,org.eclipse.pde.internal.ui.correction,CreateManifestClassResolution,Broken Hierarchy
eclipse.pde.ui-20120509-1450,org.eclipse.pde.internal.ui.correction,DeletePluginBaseResolution,Unutilized Abstraction
eclipse.pde.ui-20120509-1450,org.eclipse.pde.internal.ui.correction,ExternalizeResolution,Unutilized Abstraction
eclipse.pde.ui-20120509-1450,org.eclipse.pde.internal.ui.correction,ExternalizeResolution,Broken Hierarchy
eclipse.pde.ui-20120509-1450,org.eclipse.pde.internal.ui.correction,ExternalizeStringsResolution,Unutilized Abstraction
eclipse.pde.ui-20120509-1450,org.eclipse.pde.internal.ui.correction,NoLineTerminationResolution,Unutilized Abstraction
eclipse.pde.ui-20120509-1450,org.eclipse.pde.internal.ui.correction,NoLineTerminationResolution,Broken Hierarchy
eclipse.pde.ui-20120509-1450,org.eclipse.pde.internal.ui.correction,OptionalImportPackageResolution,Unutilized Abstraction
eclipse.pde.ui-20120509-1450,org.eclipse.pde.internal.ui.correction,OptionalImportPackageResolution,Broken Hierarchy
eclipse.pde.ui-20120509-1450,org.eclipse.pde.internal.ui.correction,OptionalRequireBundleResolution,Unutilized Abstraction
eclipse.pde.ui-20120509-1450,org.eclipse.pde.internal.ui.correction,OptionalRequireBundleResolution,Broken Hierarchy
eclipse.pde.ui-20120509-1450,org.eclipse.pde.internal.ui.correction,OrganizeExportPackageResolution,Unutilized Abstraction
eclipse.pde.ui-20120509-1450,org.eclipse.pde.internal.ui.correction,OrganizeExportPackageResolution,Broken Hierarchy
eclipse.pde.ui-20120509-1450,org.eclipse.pde.internal.ui.correction,OrganizeImportPackageResolution,Unutilized Abstraction
eclipse.pde.ui-20120509-1450,org.eclipse.pde.internal.ui.correction,OrganizeImportPackageResolution,Broken Hierarchy
eclipse.pde.ui-20120509-1450,org.eclipse.pde.internal.ui.correction,OrganizeRequireBundleResolution,Unutilized Abstraction
eclipse.pde.ui-20120509-1450,org.eclipse.pde.internal.ui.correction,OrganizeRequireBundleResolution,Broken Hierarchy
eclipse.pde.ui-20120509-1450,org.eclipse.pde.internal.ui.correction,RemoveBuildEntryResolution,Unutilized Abstraction
eclipse.pde.ui-20120509-1450,org.eclipse.pde.internal.ui.correction,RemoveBuildEntryResolution,Broken Hierarchy
eclipse.pde.ui-20120509-1450,org.eclipse.pde.internal.ui.correction,RemoveExportPackageResolution,Unutilized Abstraction
eclipse.pde.ui-20120509-1450,org.eclipse.pde.internal.ui.correction,RemoveExportPackageResolution,Broken Hierarchy
eclipse.pde.ui-20120509-1450,org.eclipse.pde.internal.ui.correction,RemoveImportExportServicesResolution,Unutilized Abstraction
eclipse.pde.ui-20120509-1450,org.eclipse.pde.internal.ui.correction,RemoveImportExportServicesResolution,Broken Hierarchy
eclipse.pde.ui-20120509-1450,org.eclipse.pde.internal.ui.correction,RemoveImportPackageResolution,Unutilized Abstraction
eclipse.pde.ui-20120509-1450,org.eclipse.pde.internal.ui.correction,RemoveImportPackageResolution,Broken Hierarchy
eclipse.pde.ui-20120509-1450,org.eclipse.pde.internal.ui.correction,RemoveInternalDirectiveEntryResolution,Unutilized Abstraction
eclipse.pde.ui-20120509-1450,org.eclipse.pde.internal.ui.correction,RemoveInternalDirectiveEntryResolution,Broken Hierarchy
eclipse.pde.ui-20120509-1450,org.eclipse.pde.internal.ui.correction,RemoveLazyLoadingDirectiveResolution,Unutilized Abstraction
eclipse.pde.ui-20120509-1450,org.eclipse.pde.internal.ui.correction,RemoveLazyLoadingDirectiveResolution,Broken Hierarchy
eclipse.pde.ui-20120509-1450,org.eclipse.pde.internal.ui.correction,RemoveNodeXMLResolution,Unutilized Abstraction
eclipse.pde.ui-20120509-1450,org.eclipse.pde.internal.ui.correction,RemoveNodeXMLResolution,Broken Hierarchy
eclipse.pde.ui-20120509-1450,org.eclipse.pde.internal.ui.correction,RemoveRequireBundleResolution,Unutilized Abstraction
eclipse.pde.ui-20120509-1450,org.eclipse.pde.internal.ui.correction,RemoveRequireBundleResolution,Broken Hierarchy
eclipse.pde.ui-20120509-1450,org.eclipse.pde.internal.ui.correction,RemoveSeperatorBuildEntryResolution,Unutilized Abstraction
eclipse.pde.ui-20120509-1450,org.eclipse.pde.internal.ui.correction,RemoveSeperatorBuildEntryResolution,Broken Hierarchy
eclipse.pde.ui-20120509-1450,org.eclipse.pde.internal.ui.correction,RemoveStaticProjectReferences,Unutilized Abstraction
eclipse.pde.ui-20120509-1450,org.eclipse.pde.internal.ui.correction,RemoveUnknownExecEnvironments,Unutilized Abstraction
eclipse.pde.ui-20120509-1450,org.eclipse.pde.internal.ui.correction,RemoveUnknownExecEnvironments,Broken Hierarchy
eclipse.pde.ui-20120509-1450,org.eclipse.pde.internal.ui.correction,RenameProvidePackageResolution,Unutilized Abstraction
eclipse.pde.ui-20120509-1450,org.eclipse.pde.internal.ui.correction,RenameProvidePackageResolution,Broken Hierarchy
eclipse.pde.ui-20120509-1450,org.eclipse.pde.internal.ui.correction,ReplaceBuildEntryResolution,Unutilized Abstraction
eclipse.pde.ui-20120509-1450,org.eclipse.pde.internal.ui.correction,ReplaceBuildEntryResolution,Broken Hierarchy
eclipse.pde.ui-20120509-1450,org.eclipse.pde.internal.ui.correction,ResolutionGenerator,Cyclic-Dependent Modularization
eclipse.pde.ui-20120509-1450,org.eclipse.pde.internal.ui.correction,UnsupportedSingletonDirectiveResolution,Unutilized Abstraction
eclipse.pde.ui-20120509-1450,org.eclipse.pde.internal.ui.correction,UnsupportedSingletonDirectiveResolution,Broken Hierarchy
eclipse.pde.ui-20120509-1450,org.eclipse.pde.internal.ui.correction,UpdateActivationResolution,Unutilized Abstraction
eclipse.pde.ui-20120509-1450,org.eclipse.pde.internal.ui.correction,UpdateActivationResolution,Broken Hierarchy
eclipse.pde.ui-20120509-1450,org.eclipse.pde.internal.ui.correction,UpdateClasspathResolution,Unutilized Abstraction
eclipse.pde.ui-20120509-1450,org.eclipse.pde.internal.ui.correction.java,JavaResolutionFactory,Deficient Encapsulation
eclipse.pde.ui-20120509-1450,org.eclipse.pde.internal.ui.correction.java,JavaResolutionFactory,Insufficient Modularization
eclipse.pde.ui-20120509-1450,org.eclipse.pde.internal.ui.correction.java,RequireBundleManifestChange,Unutilized Abstraction
eclipse.pde.ui-20120509-1450,org.eclipse.pde.internal.ui.correction.java,ImportPackageManifestChange,Unutilized Abstraction
eclipse.pde.ui-20120509-1450,org.eclipse.pde.internal.ui.correction.java,ExportPackageChange,Unutilized Abstraction
eclipse.pde.ui-20120509-1450,org.eclipse.pde.internal.ui.correction.java,SearchRepositoriesForIUProposal,Unutilized Abstraction
eclipse.pde.ui-20120509-1450,org.eclipse.pde.internal.ui.correction.java,UnresolvedImportFixProcessor,Unutilized Abstraction
eclipse.pde.ui-20120509-1450,org.eclipse.pde.internal.ui.dialogs,PluginSearchItemsFilter,Unutilized Abstraction
eclipse.pde.ui-20120509-1450,org.eclipse.pde.internal.ui.dialogs,PluginSearchComparator,Unutilized Abstraction
eclipse.pde.ui-20120509-1450,org.eclipse.pde.internal.ui.editor,AbstractFoldingStructureProvider,Unutilized Abstraction
eclipse.pde.ui-20120509-1450,org.eclipse.pde.internal.ui.editor,ValidationInfo,Unnecessary Abstraction
eclipse.pde.ui-20120509-1450,org.eclipse.pde.internal.ui.editor,ValidationInfo,Broken Modularization
eclipse.pde.ui-20120509-1450,org.eclipse.pde.internal.ui.editor,EmptyOutlinePage,Unutilized Abstraction
eclipse.pde.ui-20120509-1450,org.eclipse.pde.internal.ui.editor,FormLayoutFactory,Deficient Encapsulation
eclipse.pde.ui-20120509-1450,org.eclipse.pde.internal.ui.editor,FormOutlinePage,Unutilized Abstraction
eclipse.pde.ui-20120509-1450,org.eclipse.pde.internal.ui.editor,FormOutlinePage,Broken Hierarchy
eclipse.pde.ui-20120509-1450,org.eclipse.pde.internal.ui.editor,FormOutlinePage,Insufficient Modularization
eclipse.pde.ui-20120509-1450,org.eclipse.pde.internal.ui.editor,BasicContentProvider,Unutilized Abstraction
eclipse.pde.ui-20120509-1450,org.eclipse.pde.internal.ui.editor,BasicLabelProvider,Unutilized Abstraction
eclipse.pde.ui-20120509-1450,org.eclipse.pde.internal.ui.editor,BasicComparator,Unutilized Abstraction
eclipse.pde.ui-20120509-1450,org.eclipse.pde.internal.ui.editor,GenericSourcePage,Unutilized Abstraction
eclipse.pde.ui-20120509-1450,org.eclipse.pde.internal.ui.editor,JarEntryFile,Unutilized Abstraction
eclipse.pde.ui-20120509-1450,org.eclipse.pde.internal.ui.editor,KeyValueSourcePage,Unutilized Abstraction
eclipse.pde.ui-20120509-1450,org.eclipse.pde.internal.ui.editor,LaunchShortcutOverviewPage,Unutilized Abstraction
eclipse.pde.ui-20120509-1450,org.eclipse.pde.internal.ui.editor,LaunchShortcutOverviewPage,Broken Hierarchy
eclipse.pde.ui-20120509-1450,org.eclipse.pde.internal.ui.editor,LinkSection,Unutilized Abstraction
eclipse.pde.ui-20120509-1450,org.eclipse.pde.internal.ui.editor,LinkSection,Broken Hierarchy
eclipse.pde.ui-20120509-1450,org.eclipse.pde.internal.ui.editor,LinkHandler,Unutilized Abstraction
eclipse.pde.ui-20120509-1450,org.eclipse.pde.internal.ui.editor,ModelDataTransfer,Deficient Encapsulation
eclipse.pde.ui-20120509-1450,org.eclipse.pde.internal.ui.editor,ModelUndoManager,Unutilized Abstraction
eclipse.pde.ui-20120509-1450,org.eclipse.pde.internal.ui.editor,MultiSourceEditor,Unutilized Abstraction
eclipse.pde.ui-20120509-1450,org.eclipse.pde.internal.ui.editor,OpenManifestHandler,Unutilized Abstraction
eclipse.pde.ui-20120509-1450,org.eclipse.pde.internal.ui.editor,OrientableBlock,Unutilized Abstraction
eclipse.pde.ui-20120509-1450,org.eclipse.pde.internal.ui.editor,OrientableBlock,Broken Hierarchy
eclipse.pde.ui-20120509-1450,org.eclipse.pde.internal.ui.editor,PDEDetails,Unutilized Abstraction
eclipse.pde.ui-20120509-1450,org.eclipse.pde.internal.ui.editor,PDEDetailsSections,Unutilized Abstraction
eclipse.pde.ui-20120509-1450,org.eclipse.pde.internal.ui.editor,PDEDetailsSections,Broken Hierarchy
eclipse.pde.ui-20120509-1450,org.eclipse.pde.internal.ui.editor,PDEDetailsSections,Rebellious Hierarchy
eclipse.pde.ui-20120509-1450,org.eclipse.pde.internal.ui.editor,PDEDragAdapter,Deficient Encapsulation
eclipse.pde.ui-20120509-1450,org.eclipse.pde.internal.ui.editor,PDEFormEditor,Missing Hierarchy
eclipse.pde.ui-20120509-1450,org.eclipse.pde.internal.ui.editor,PDEFormEditor,Cyclic-Dependent Modularization
eclipse.pde.ui-20120509-1450,org.eclipse.pde.internal.ui.editor,PDEFormEditor,Insufficient Modularization
eclipse.pde.ui-20120509-1450,org.eclipse.pde.internal.ui.editor,PDEMultiPageEditorSite,Unutilized Abstraction
eclipse.pde.ui-20120509-1450,org.eclipse.pde.internal.ui.editor,PDEFormEditorContributor,Missing Hierarchy
eclipse.pde.ui-20120509-1450,org.eclipse.pde.internal.ui.editor,PDEFormEditorContributor,Cyclic-Dependent Modularization
eclipse.pde.ui-20120509-1450,org.eclipse.pde.internal.ui.editor,PDEFormEditorContributor,Insufficient Modularization
eclipse.pde.ui-20120509-1450,org.eclipse.pde.internal.ui.editor,GlobalAction,Unutilized Abstraction
eclipse.pde.ui-20120509-1450,org.eclipse.pde.internal.ui.editor,ClipboardAction,Unutilized Abstraction
eclipse.pde.ui-20120509-1450,org.eclipse.pde.internal.ui.editor,ClipboardAction,Broken Hierarchy
eclipse.pde.ui-20120509-1450,org.eclipse.pde.internal.ui.editor,CutAction,Unutilized Abstraction
eclipse.pde.ui-20120509-1450,org.eclipse.pde.internal.ui.editor,CopyAction,Unutilized Abstraction
eclipse.pde.ui-20120509-1450,org.eclipse.pde.internal.ui.editor,PasteAction,Unutilized Abstraction
eclipse.pde.ui-20120509-1450,org.eclipse.pde.internal.ui.editor,SaveAction,Unutilized Abstraction
eclipse.pde.ui-20120509-1450,org.eclipse.pde.internal.ui.editor,RevertAction,Unutilized Abstraction
eclipse.pde.ui-20120509-1450,org.eclipse.pde.internal.ui.editor,PDEFormPage,Unexploited Encapsulation
eclipse.pde.ui-20120509-1450,org.eclipse.pde.internal.ui.editor,PDEFormPage,Missing Hierarchy
eclipse.pde.ui-20120509-1450,org.eclipse.pde.internal.ui.editor,PDEFormPage,Insufficient Modularization
eclipse.pde.ui-20120509-1450,org.eclipse.pde.internal.ui.editor,PDEFormTextEditorContributor,Cyclic-Dependent Modularization
eclipse.pde.ui-20120509-1450,org.eclipse.pde.internal.ui.editor,PDETextEditorActionContributor,Unutilized Abstraction
eclipse.pde.ui-20120509-1450,org.eclipse.pde.internal.ui.editor,PDEHyperlinkDetector,Unutilized Abstraction
eclipse.pde.ui-20120509-1450,org.eclipse.pde.internal.ui.editor,PDELauncherFormEditor,Unutilized Abstraction
eclipse.pde.ui-20120509-1450,org.eclipse.pde.internal.ui.editor,PDELauncherFormEditor,Broken Hierarchy
eclipse.pde.ui-20120509-1450,org.eclipse.pde.internal.ui.editor,PDEMasterDetailsBlock,Unutilized Abstraction
eclipse.pde.ui-20120509-1450,org.eclipse.pde.internal.ui.editor,PDEMultiPageContentOutline,Cyclic-Dependent Modularization
eclipse.pde.ui-20120509-1450,org.eclipse.pde.internal.ui.editor,PDEMultiPageContentOutline,Insufficient Modularization
eclipse.pde.ui-20120509-1450,org.eclipse.pde.internal.ui.editor,SortingAction,Unutilized Abstraction
eclipse.pde.ui-20120509-1450,org.eclipse.pde.internal.ui.editor,PDEOutlinePage,Unutilized Abstraction
eclipse.pde.ui-20120509-1450,org.eclipse.pde.internal.ui.editor,PDEProjectionSourcePage,Cyclic-Dependent Modularization
eclipse.pde.ui-20120509-1450,org.eclipse.pde.internal.ui.editor,PDEProjectionViewer,Deficient Encapsulation
eclipse.pde.ui-20120509-1450,org.eclipse.pde.internal.ui.editor,PDEProjectionViewer,Cyclic-Dependent Modularization
eclipse.pde.ui-20120509-1450,org.eclipse.pde.internal.ui.editor,PDESourcePage,Cyclic-Dependent Modularization
eclipse.pde.ui-20120509-1450,org.eclipse.pde.internal.ui.editor,PDESourcePage,Insufficient Modularization
eclipse.pde.ui-20120509-1450,org.eclipse.pde.internal.ui.editor,PDEStorageDocumentProvider,Unutilized Abstraction
eclipse.pde.ui-20120509-1450,org.eclipse.pde.internal.ui.editor,SourceOutlinePage,Broken Hierarchy
eclipse.pde.ui-20120509-1450,org.eclipse.pde.internal.ui.editor,SourceOutlinePage,Cyclic-Dependent Modularization
eclipse.pde.ui-20120509-1450,org.eclipse.pde.internal.ui.editor,StructuredViewerSection,Unutilized Abstraction
eclipse.pde.ui-20120509-1450,org.eclipse.pde.internal.ui.editor,StructuredViewerSection,Insufficient Modularization
eclipse.pde.ui-20120509-1450,org.eclipse.pde.internal.ui.editor,SystemFileMarkerAnnotationModel,Unutilized Abstraction
eclipse.pde.ui-20120509-1450,org.eclipse.pde.internal.ui.editor,TableSection,Unutilized Abstraction
eclipse.pde.ui-20120509-1450,org.eclipse.pde.internal.ui.editor,TableSection,Broken Hierarchy
eclipse.pde.ui-20120509-1450,org.eclipse.pde.internal.ui.editor,PartAdapter,Unutilized Abstraction
eclipse.pde.ui-20120509-1450,org.eclipse.pde.internal.ui.editor,ToggleLinkWithEditorAction,Unutilized Abstraction
eclipse.pde.ui-20120509-1450,org.eclipse.pde.internal.ui.editor,TreeSection,Unutilized Abstraction
eclipse.pde.ui-20120509-1450,org.eclipse.pde.internal.ui.editor,TreeSection,Broken Hierarchy
eclipse.pde.ui-20120509-1450,org.eclipse.pde.internal.ui.editor,PartAdapter,Unutilized Abstraction
eclipse.pde.ui-20120509-1450,org.eclipse.pde.internal.ui.editor,XMLSourcePage,Unutilized Abstraction
eclipse.pde.ui-20120509-1450,org.eclipse.pde.internal.ui.editor,XMLSourcePage,Broken Hierarchy
eclipse.pde.ui-20120509-1450,org.eclipse.pde.internal.ui.editor.actions,ActionMenu,Unutilized Abstraction
eclipse.pde.ui-20120509-1450,org.eclipse.pde.internal.ui.editor.actions,FilterRelatedExtensionsAction,Unutilized Abstraction
eclipse.pde.ui-20120509-1450,org.eclipse.pde.internal.ui.editor.actions,FormatAction,Unutilized Abstraction
eclipse.pde.ui-20120509-1450,org.eclipse.pde.internal.ui.editor.actions,HyperlinkAction,Unutilized Abstraction
eclipse.pde.ui-20120509-1450,org.eclipse.pde.internal.ui.editor.actions,OpenSchemaAction,Cyclic-Dependent Modularization
eclipse.pde.ui-20120509-1450,org.eclipse.pde.internal.ui.editor.actions,PDEActionConstants,Unnecessary Abstraction
eclipse.pde.ui-20120509-1450,org.eclipse.pde.internal.ui.editor.actions,PDEActionConstants,Deficient Encapsulation
eclipse.pde.ui-20120509-1450,org.eclipse.pde.internal.ui.editor.actions,ToggleExpandStateAction,Unutilized Abstraction
eclipse.pde.ui-20120509-1450,org.eclipse.pde.internal.ui.editor.actions,ToggleExpandStateAction,Deficient Encapsulation
eclipse.pde.ui-20120509-1450,org.eclipse.pde.internal.ui.editor.build,DuplicateStatusValidator,Unutilized Abstraction
eclipse.pde.ui-20120509-1450,org.eclipse.pde.internal.ui.editor.build,TableContentProvider,Unutilized Abstraction
eclipse.pde.ui-20120509-1450,org.eclipse.pde.internal.ui.editor.build,TableLabelProvider,Unutilized Abstraction
eclipse.pde.ui-20120509-1450,org.eclipse.pde.internal.ui.editor.build,BinSection,Unutilized Abstraction
eclipse.pde.ui-20120509-1450,org.eclipse.pde.internal.ui.editor.build,BuildClasspathSection,Cyclic-Dependent Modularization
eclipse.pde.ui-20120509-1450,org.eclipse.pde.internal.ui.editor.build,ElementSelectionValidator,Unutilized Abstraction
eclipse.pde.ui-20120509-1450,org.eclipse.pde.internal.ui.editor.build,TableContentProvider,Unutilized Abstraction
eclipse.pde.ui-20120509-1450,org.eclipse.pde.internal.ui.editor.build,TableLabelProvider,Unutilized Abstraction
eclipse.pde.ui-20120509-1450,org.eclipse.pde.internal.ui.editor.build,BuildContentsSection,Cyclic-Dependent Modularization
eclipse.pde.ui-20120509-1450,org.eclipse.pde.internal.ui.editor.build,BuildContentsSection,Insufficient Modularization
eclipse.pde.ui-20120509-1450,org.eclipse.pde.internal.ui.editor.build,TreeContentProvider,Unutilized Abstraction
eclipse.pde.ui-20120509-1450,org.eclipse.pde.internal.ui.editor.build,BuildEditor,Unutilized Abstraction
eclipse.pde.ui-20120509-1450,org.eclipse.pde.internal.ui.editor.build,BuildEditorContributor,Unutilized Abstraction
eclipse.pde.ui-20120509-1450,org.eclipse.pde.internal.ui.editor.build,BuildHyperlinkDetector,Unutilized Abstraction
eclipse.pde.ui-20120509-1450,org.eclipse.pde.internal.ui.editor.build,BuildInputContext,Deficient Encapsulation
eclipse.pde.ui-20120509-1450,org.eclipse.pde.internal.ui.editor.build,BuildInputContext,Cyclic-Dependent Modularization
eclipse.pde.ui-20120509-1450,org.eclipse.pde.internal.ui.editor.build,BuildOutlinePage,Unutilized Abstraction
eclipse.pde.ui-20120509-1450,org.eclipse.pde.internal.ui.editor.build,BuildPage,Deficient Encapsulation
eclipse.pde.ui-20120509-1450,org.eclipse.pde.internal.ui.editor.build,BuildPage,Cyclic-Dependent Modularization
eclipse.pde.ui-20120509-1450,org.eclipse.pde.internal.ui.editor.build,BuildSourcePage,Unutilized Abstraction
eclipse.pde.ui-20120509-1450,org.eclipse.pde.internal.ui.editor.build,BuildOutlineContentProvider,Unutilized Abstraction
eclipse.pde.ui-20120509-1450,org.eclipse.pde.internal.ui.editor.build,BuildLabelProvider,Unutilized Abstraction
eclipse.pde.ui-20120509-1450,org.eclipse.pde.internal.ui.editor.build,BuildSourceViewerConfiguration,Unutilized Abstraction
eclipse.pde.ui-20120509-1450,org.eclipse.pde.internal.ui.editor.build,AbstractJavaScanner,Unutilized Abstraction
eclipse.pde.ui-20120509-1450,org.eclipse.pde.internal.ui.editor.build,SingleTokenJavaScanner,Unutilized Abstraction
eclipse.pde.ui-20120509-1450,org.eclipse.pde.internal.ui.editor.build,SingleTokenJavaScanner,Broken Hierarchy
eclipse.pde.ui-20120509-1450,org.eclipse.pde.internal.ui.editor.build,PropertyValueScanner,Unutilized Abstraction
eclipse.pde.ui-20120509-1450,org.eclipse.pde.internal.ui.editor.build,PropertyValueScanner,Broken Hierarchy
eclipse.pde.ui-20120509-1450,org.eclipse.pde.internal.ui.editor.build,AssignmentDetector,Unutilized Abstraction
eclipse.pde.ui-20120509-1450,org.eclipse.pde.internal.ui.editor.build,BuildUndoManager,Unutilized Abstraction
eclipse.pde.ui-20120509-1450,org.eclipse.pde.internal.ui.editor.build,JARFileFilter,Unutilized Abstraction
eclipse.pde.ui-20120509-1450,org.eclipse.pde.internal.ui.editor.build,RuntimeInfoSection,Cyclic-Dependent Modularization
eclipse.pde.ui-20120509-1450,org.eclipse.pde.internal.ui.editor.build,RuntimeInfoSection,Insufficient Modularization
eclipse.pde.ui-20120509-1450,org.eclipse.pde.internal.ui.editor.build,PartAdapter,Unutilized Abstraction
eclipse.pde.ui-20120509-1450,org.eclipse.pde.internal.ui.editor.build,LibraryContentProvider,Unutilized Abstraction
eclipse.pde.ui-20120509-1450,org.eclipse.pde.internal.ui.editor.build,LibraryLabelProvider,Unutilized Abstraction
eclipse.pde.ui-20120509-1450,org.eclipse.pde.internal.ui.editor.build,JarsNewContentProvider,Unutilized Abstraction
eclipse.pde.ui-20120509-1450,org.eclipse.pde.internal.ui.editor.build,FolderContentProvider,Unutilized Abstraction
eclipse.pde.ui-20120509-1450,org.eclipse.pde.internal.ui.editor.build,FolderLabelProvider,Unutilized Abstraction
eclipse.pde.ui-20120509-1450,org.eclipse.pde.internal.ui.editor.build,SrcSection,Unutilized Abstraction
eclipse.pde.ui-20120509-1450,org.eclipse.pde.internal.ui.editor.build,SrcSection,Broken Hierarchy
eclipse.pde.ui-20120509-1450,org.eclipse.pde.internal.ui.editor.category,CategoryDetailsSection,Unutilized Abstraction
eclipse.pde.ui-20120509-1450,org.eclipse.pde.internal.ui.editor.category,CategoryEditorContributor,Unutilized Abstraction
eclipse.pde.ui-20120509-1450,org.eclipse.pde.internal.ui.editor.category,CategoryInputContext,Deficient Encapsulation
eclipse.pde.ui-20120509-1450,org.eclipse.pde.internal.ui.editor.category,CategoryLabelProvider,Unutilized Abstraction
eclipse.pde.ui-20120509-1450,org.eclipse.pde.internal.ui.editor.category,CategoryOutlinePage,Unutilized Abstraction
eclipse.pde.ui-20120509-1450,org.eclipse.pde.internal.ui.editor.category,CategorySection,Insufficient Modularization
eclipse.pde.ui-20120509-1450,org.eclipse.pde.internal.ui.editor.category,CategoryContentProvider,Unutilized Abstraction
eclipse.pde.ui-20120509-1450,org.eclipse.pde.internal.ui.editor.category,CategoryUndoManager,Unutilized Abstraction
eclipse.pde.ui-20120509-1450,org.eclipse.pde.internal.ui.editor.category,FeatureDetailsSection,Unutilized Abstraction
eclipse.pde.ui-20120509-1450,org.eclipse.pde.internal.ui.editor.category,FeaturesPage,Deficient Encapsulation
eclipse.pde.ui-20120509-1450,org.eclipse.pde.internal.ui.editor.contentassist,ManifestContentAssistProcessor,Unutilized Abstraction
eclipse.pde.ui-20120509-1450,org.eclipse.pde.internal.ui.editor.contentassist,ManifestContentAssistProcessor,Insufficient Modularization
eclipse.pde.ui-20120509-1450,org.eclipse.pde.internal.ui.editor.contentassist,TypeContentProposal,Unutilized Abstraction
eclipse.pde.ui-20120509-1450,org.eclipse.pde.internal.ui.editor.contentassist,TypeContentProposalProvider,Unutilized Abstraction
eclipse.pde.ui-20120509-1450,org.eclipse.pde.internal.ui.editor.contentassist,TypeContentProposalProvider,Deficient Encapsulation
eclipse.pde.ui-20120509-1450,org.eclipse.pde.internal.ui.editor.contentassist,TypeComparator,Unutilized Abstraction
eclipse.pde.ui-20120509-1450,org.eclipse.pde.internal.ui.editor.contentassist,TypePackageCompletionProcessor,Unutilized Abstraction
eclipse.pde.ui-20120509-1450,org.eclipse.pde.internal.ui.editor.contentassist,ProposalGenerator,Unutilized Abstraction
eclipse.pde.ui-20120509-1450,org.eclipse.pde.internal.ui.editor.contentassist,TypePackageCompletionRequestor,Unutilized Abstraction
eclipse.pde.ui-20120509-1450,org.eclipse.pde.internal.ui.editor.contentassist,TypeProposalLabelProvider,Unutilized Abstraction
eclipse.pde.ui-20120509-1450,org.eclipse.pde.internal.ui.editor.contentassist,XMLCompletionProposal,Unutilized Abstraction
eclipse.pde.ui-20120509-1450,org.eclipse.pde.internal.ui.editor.contentassist,XMLContentAssistProcessor,Unutilized Abstraction
eclipse.pde.ui-20120509-1450,org.eclipse.pde.internal.ui.editor.contentassist,XMLContentAssistProcessor,Insufficient Modularization
eclipse.pde.ui-20120509-1450,org.eclipse.pde.internal.ui.editor.contentassist,XMLElementProposalComparator,Unutilized Abstraction
eclipse.pde.ui-20120509-1450,org.eclipse.pde.internal.ui.editor.context,IInputContextListener,Cyclic-Dependent Modularization
eclipse.pde.ui-20120509-1450,org.eclipse.pde.internal.ui.editor.context,InputContext,Cyclic-Dependent Modularization
eclipse.pde.ui-20120509-1450,org.eclipse.pde.internal.ui.editor.context,InputContext,Insufficient Modularization
eclipse.pde.ui-20120509-1450,org.eclipse.pde.internal.ui.editor.context,ElementListener,Unutilized Abstraction
eclipse.pde.ui-20120509-1450,org.eclipse.pde.internal.ui.editor.context,InputContextManager,Cyclic-Dependent Modularization
eclipse.pde.ui-20120509-1450,org.eclipse.pde.internal.ui.editor.context,InputContextManager,Insufficient Modularization
eclipse.pde.ui-20120509-1450,org.eclipse.pde.internal.ui.editor.context,UTF8InputContext,Unutilized Abstraction
eclipse.pde.ui-20120509-1450,org.eclipse.pde.internal.ui.editor.context,UTF8InputContext,Broken Hierarchy
eclipse.pde.ui-20120509-1450,org.eclipse.pde.internal.ui.editor.context,XMLDocumentSetupParticpant,Deficient Encapsulation
eclipse.pde.ui-20120509-1450,org.eclipse.pde.internal.ui.editor.context,XMLInputContext,Unutilized Abstraction
eclipse.pde.ui-20120509-1450,org.eclipse.pde.internal.ui.editor.context,XMLInputContext,Broken Hierarchy
eclipse.pde.ui-20120509-1450,org.eclipse.pde.internal.ui.editor.feature,DataPortabilitySection,Insufficient Modularization
eclipse.pde.ui-20120509-1450,org.eclipse.pde.internal.ui.editor.feature,DataSection,Insufficient Modularization
eclipse.pde.ui-20120509-1450,org.eclipse.pde.internal.ui.editor.feature,PluginContentProvider,Unutilized Abstraction
eclipse.pde.ui-20120509-1450,org.eclipse.pde.internal.ui.editor.feature,EditorBuildFeatureAction,Cyclic-Dependent Modularization
eclipse.pde.ui-20120509-1450,org.eclipse.pde.internal.ui.editor.feature,FeatureAdvancedPage,Deficient Encapsulation
eclipse.pde.ui-20120509-1450,org.eclipse.pde.internal.ui.editor.feature,FeatureAdvancedPage,Cyclic-Dependent Modularization
eclipse.pde.ui-20120509-1450,org.eclipse.pde.internal.ui.editor.feature,FeatureDependenciesPage,Deficient Encapsulation
eclipse.pde.ui-20120509-1450,org.eclipse.pde.internal.ui.editor.feature,FeatureDependenciesPage,Cyclic-Dependent Modularization
eclipse.pde.ui-20120509-1450,org.eclipse.pde.internal.ui.editor.feature,FeatureEditor,Cyclic-Dependent Modularization
eclipse.pde.ui-20120509-1450,org.eclipse.pde.internal.ui.editor.feature,FeatureEditor,Insufficient Modularization
eclipse.pde.ui-20120509-1450,org.eclipse.pde.internal.ui.editor.feature,FeatureEditorContributor,Cyclic-Dependent Modularization
eclipse.pde.ui-20120509-1450,org.eclipse.pde.internal.ui.editor.feature,FeatureEditorMatchingStrategy,Unutilized Abstraction
eclipse.pde.ui-20120509-1450,org.eclipse.pde.internal.ui.editor.feature,FeatureFormPage,Deficient Encapsulation
eclipse.pde.ui-20120509-1450,org.eclipse.pde.internal.ui.editor.feature,FeatureFormPage,Cyclic-Dependent Modularization
eclipse.pde.ui-20120509-1450,org.eclipse.pde.internal.ui.editor.feature,FeatureIncludesPage,Deficient Encapsulation
eclipse.pde.ui-20120509-1450,org.eclipse.pde.internal.ui.editor.feature,FeatureInputContext,Deficient Encapsulation
eclipse.pde.ui-20120509-1450,org.eclipse.pde.internal.ui.editor.feature,FeatureOutlinePage,Unutilized Abstraction
eclipse.pde.ui-20120509-1450,org.eclipse.pde.internal.ui.editor.feature,FeatureOutlinePage,Missing Hierarchy
eclipse.pde.ui-20120509-1450,org.eclipse.pde.internal.ui.editor.feature,ContentProvider,Unutilized Abstraction
eclipse.pde.ui-20120509-1450,org.eclipse.pde.internal.ui.editor.feature,ContentProvider,Missing Hierarchy
eclipse.pde.ui-20120509-1450,org.eclipse.pde.internal.ui.editor.feature,FeatureReferencePage,Deficient Encapsulation
eclipse.pde.ui-20120509-1450,org.eclipse.pde.internal.ui.editor.feature,FeatureReferencePage,Cyclic-Dependent Modularization
eclipse.pde.ui-20120509-1450,org.eclipse.pde.internal.ui.editor.feature,FeatureSourcePage,Unutilized Abstraction
eclipse.pde.ui-20120509-1450,org.eclipse.pde.internal.ui.editor.feature,FeatureSpecSection,Cyclic-Dependent Modularization
eclipse.pde.ui-20120509-1450,org.eclipse.pde.internal.ui.editor.feature,FeatureSpecSection,Insufficient Modularization
eclipse.pde.ui-20120509-1450,org.eclipse.pde.internal.ui.editor.feature,FeatureUndoManager,Unutilized Abstraction
eclipse.pde.ui-20120509-1450,org.eclipse.pde.internal.ui.editor.feature,HandlerSection,Cyclic-Dependent Modularization
eclipse.pde.ui-20120509-1450,org.eclipse.pde.internal.ui.editor.feature,IncludedFeaturesPortabilitySection,Insufficient Modularization
eclipse.pde.ui-20120509-1450,org.eclipse.pde.internal.ui.editor.feature,IncludedFeaturesSection,Insufficient Modularization
eclipse.pde.ui-20120509-1450,org.eclipse.pde.internal.ui.editor.feature,IncludedFeaturesContentProvider,Unutilized Abstraction
eclipse.pde.ui-20120509-1450,org.eclipse.pde.internal.ui.editor.feature,InfoFormPage,Deficient Encapsulation
eclipse.pde.ui-20120509-1450,org.eclipse.pde.internal.ui.editor.feature,InfoSection,Insufficient Modularization
eclipse.pde.ui-20120509-1450,org.eclipse.pde.internal.ui.editor.feature,InstallSection,Cyclic-Dependent Modularization
eclipse.pde.ui-20120509-1450,org.eclipse.pde.internal.ui.editor.feature,OpenReferenceAction,Cyclic-Dependent Modularization
eclipse.pde.ui-20120509-1450,org.eclipse.pde.internal.ui.editor.feature,PluginPortabilitySection,Broken Hierarchy
eclipse.pde.ui-20120509-1450,org.eclipse.pde.internal.ui.editor.feature,PluginReference,Unutilized Abstraction
eclipse.pde.ui-20120509-1450,org.eclipse.pde.internal.ui.editor.feature,PluginSection,Cyclic-Dependent Modularization
eclipse.pde.ui-20120509-1450,org.eclipse.pde.internal.ui.editor.feature,PluginSection,Insufficient Modularization
eclipse.pde.ui-20120509-1450,org.eclipse.pde.internal.ui.editor.feature,PluginContentProvider,Unutilized Abstraction
eclipse.pde.ui-20120509-1450,org.eclipse.pde.internal.ui.editor.feature,ContentProvider,Unutilized Abstraction
eclipse.pde.ui-20120509-1450,org.eclipse.pde.internal.ui.editor.feature,ChoiceLabelProvider,Unutilized Abstraction
eclipse.pde.ui-20120509-1450,org.eclipse.pde.internal.ui.editor.feature,PortabilitySection,Cyclic-Dependent Modularization
eclipse.pde.ui-20120509-1450,org.eclipse.pde.internal.ui.editor.feature,PortabilitySection,Insufficient Modularization
eclipse.pde.ui-20120509-1450,org.eclipse.pde.internal.ui.editor.feature,RequiresSection,Cyclic-Dependent Modularization
eclipse.pde.ui-20120509-1450,org.eclipse.pde.internal.ui.editor.feature,RequiresSection,Insufficient Modularization
eclipse.pde.ui-20120509-1450,org.eclipse.pde.internal.ui.editor.feature,ImportContentProvider,Unutilized Abstraction
eclipse.pde.ui-20120509-1450,org.eclipse.pde.internal.ui.editor.feature,SynchronizeVersionsAction,Cyclic-Dependent Modularization
eclipse.pde.ui-20120509-1450,org.eclipse.pde.internal.ui.editor.feature,SynchronizeVersionsWizard,Cyclic-Dependent Modularization
eclipse.pde.ui-20120509-1450,org.eclipse.pde.internal.ui.editor.feature,SynchronizeVersionsWizardPage,Deficient Encapsulation
eclipse.pde.ui-20120509-1450,org.eclipse.pde.internal.ui.editor.feature,SynchronizeVersionsWizardPage,Cyclic-Dependent Modularization
eclipse.pde.ui-20120509-1450,org.eclipse.pde.internal.ui.editor.feature,URLContentProvider,Unutilized Abstraction
eclipse.pde.ui-20120509-1450,org.eclipse.pde.internal.ui.editor.feature,URLLabelProvider,Unutilized Abstraction
eclipse.pde.ui-20120509-1450,org.eclipse.pde.internal.ui.editor.outline,QuickOutlineMouseMoveListener,Unutilized Abstraction
eclipse.pde.ui-20120509-1450,org.eclipse.pde.internal.ui.editor.outline,QuickOutlinePopupDialog,Insufficient Modularization
eclipse.pde.ui-20120509-1450,org.eclipse.pde.internal.ui.editor.plugin,AbstractPluginElementDetails,Unutilized Abstraction
eclipse.pde.ui-20120509-1450,org.eclipse.pde.internal.ui.editor.plugin,BlankQuery,Unutilized Abstraction
eclipse.pde.ui-20120509-1450,org.eclipse.pde.internal.ui.editor.plugin,BundleFoldingStructureProvider,Unutilized Abstraction
eclipse.pde.ui-20120509-1450,org.eclipse.pde.internal.ui.editor.plugin,BundleHyperlinkDetector,Unutilized Abstraction
eclipse.pde.ui-20120509-1450,org.eclipse.pde.internal.ui.editor.plugin,BundleInputContext,Deficient Encapsulation
eclipse.pde.ui-20120509-1450,org.eclipse.pde.internal.ui.editor.plugin,BundleInputContext,Cyclic-Dependent Modularization
eclipse.pde.ui-20120509-1450,org.eclipse.pde.internal.ui.editor.plugin,BundleSourcePage,Insufficient Modularization
eclipse.pde.ui-20120509-1450,org.eclipse.pde.internal.ui.editor.plugin,BundleOutlineContentProvider,Unutilized Abstraction
eclipse.pde.ui-20120509-1450,org.eclipse.pde.internal.ui.editor.plugin,BundleLabelProvider,Unutilized Abstraction
eclipse.pde.ui-20120509-1450,org.eclipse.pde.internal.ui.editor.plugin,CreateManifestOperation,Unutilized Abstraction
eclipse.pde.ui-20120509-1450,org.eclipse.pde.internal.ui.editor.plugin,DependenciesPage,Deficient Encapsulation
eclipse.pde.ui-20120509-1450,org.eclipse.pde.internal.ui.editor.plugin,DependenciesPage,Cyclic-Dependent Modularization
eclipse.pde.ui-20120509-1450,org.eclipse.pde.internal.ui.editor.plugin,DependencyManagementSection,Unutilized Abstraction
eclipse.pde.ui-20120509-1450,org.eclipse.pde.internal.ui.editor.plugin,DependencyManagementSection,Insufficient Modularization
eclipse.pde.ui-20120509-1450,org.eclipse.pde.internal.ui.editor.plugin,ContentProvider,Unutilized Abstraction
eclipse.pde.ui-20120509-1450,org.eclipse.pde.internal.ui.editor.plugin,SecondaryTableLabelProvider,Unutilized Abstraction
eclipse.pde.ui-20120509-1450,org.eclipse.pde.internal.ui.editor.plugin,ExecutionEnvironmentSection,Unutilized Abstraction
eclipse.pde.ui-20120509-1450,org.eclipse.pde.internal.ui.editor.plugin,ExecutionEnvironmentSection,Insufficient Modularization
eclipse.pde.ui-20120509-1450,org.eclipse.pde.internal.ui.editor.plugin,EELabelProvider,Unutilized Abstraction
eclipse.pde.ui-20120509-1450,org.eclipse.pde.internal.ui.editor.plugin,ContentProvider,Unutilized Abstraction
eclipse.pde.ui-20120509-1450,org.eclipse.pde.internal.ui.editor.plugin,ExportPackageSection,Unutilized Abstraction
eclipse.pde.ui-20120509-1450,org.eclipse.pde.internal.ui.editor.plugin,ExportPackageSection,Insufficient Modularization
eclipse.pde.ui-20120509-1450,org.eclipse.pde.internal.ui.editor.plugin,ExportPackageContentProvider,Unutilized Abstraction
eclipse.pde.ui-20120509-1450,org.eclipse.pde.internal.ui.editor.plugin,ExportPackageVisibilitySection,Unutilized Abstraction
eclipse.pde.ui-20120509-1450,org.eclipse.pde.internal.ui.editor.plugin,TableContentProvider,Unutilized Abstraction
eclipse.pde.ui-20120509-1450,org.eclipse.pde.internal.ui.editor.plugin,TableLabelProvider,Unutilized Abstraction
eclipse.pde.ui-20120509-1450,org.eclipse.pde.internal.ui.editor.plugin,ExtensionAttributePointDectector,Cyclic-Dependent Modularization
eclipse.pde.ui-20120509-1450,org.eclipse.pde.internal.ui.editor.plugin,ExtensionDetails,Unutilized Abstraction
eclipse.pde.ui-20120509-1450,org.eclipse.pde.internal.ui.editor.plugin,ExtensionDetails,Broken Hierarchy
eclipse.pde.ui-20120509-1450,org.eclipse.pde.internal.ui.editor.plugin,ExtensionElementBodyTextDetails,Unutilized Abstraction
eclipse.pde.ui-20120509-1450,org.eclipse.pde.internal.ui.editor.plugin,ExtensionElementBodyTextDetails,Broken Hierarchy
eclipse.pde.ui-20120509-1450,org.eclipse.pde.internal.ui.editor.plugin,ExtensionElementBodyTextDetails,Cyclic-Dependent Modularization
eclipse.pde.ui-20120509-1450,org.eclipse.pde.internal.ui.editor.plugin,ExtensionElementBodyTextDetails,Insufficient Modularization
eclipse.pde.ui-20120509-1450,org.eclipse.pde.internal.ui.editor.plugin,ExtensionElementDetails,Unutilized Abstraction
eclipse.pde.ui-20120509-1450,org.eclipse.pde.internal.ui.editor.plugin,ExtensionElementDetails,Broken Hierarchy
eclipse.pde.ui-20120509-1450,org.eclipse.pde.internal.ui.editor.plugin,ExtensionHyperLink,Unutilized Abstraction
eclipse.pde.ui-20120509-1450,org.eclipse.pde.internal.ui.editor.plugin,ExtensionPointDetails,Unutilized Abstraction
eclipse.pde.ui-20120509-1450,org.eclipse.pde.internal.ui.editor.plugin,ExtensionPointDetails,Insufficient Modularization
eclipse.pde.ui-20120509-1450,org.eclipse.pde.internal.ui.editor.plugin,ExtensionPointsPage,Deficient Encapsulation
eclipse.pde.ui-20120509-1450,org.eclipse.pde.internal.ui.editor.plugin,ExtensionPointsPage,Cyclic-Dependent Modularization
eclipse.pde.ui-20120509-1450,org.eclipse.pde.internal.ui.editor.plugin,ExtensionPointsSection,Cyclic-Dependent Modularization
eclipse.pde.ui-20120509-1450,org.eclipse.pde.internal.ui.editor.plugin,TableContentProvider,Unutilized Abstraction
eclipse.pde.ui-20120509-1450,org.eclipse.pde.internal.ui.editor.plugin,ExtensionsPage,Deficient Encapsulation
eclipse.pde.ui-20120509-1450,org.eclipse.pde.internal.ui.editor.plugin,ExtensionsPage,Cyclic-Dependent Modularization
eclipse.pde.ui-20120509-1450,org.eclipse.pde.internal.ui.editor.plugin,ExtensionsBlock,Cyclic-Dependent Modularization
eclipse.pde.ui-20120509-1450,org.eclipse.pde.internal.ui.editor.plugin,ExtensionsSection,Deficient Encapsulation
eclipse.pde.ui-20120509-1450,org.eclipse.pde.internal.ui.editor.plugin,ExtensionsSection,Cyclic-Dependent Modularization
eclipse.pde.ui-20120509-1450,org.eclipse.pde.internal.ui.editor.plugin,ExtensionsSection,Insufficient Modularization
eclipse.pde.ui-20120509-1450,org.eclipse.pde.internal.ui.editor.plugin,ExtensionContentProvider,Unutilized Abstraction
eclipse.pde.ui-20120509-1450,org.eclipse.pde.internal.ui.editor.plugin,ExtensionLabelProvider,Unutilized Abstraction
eclipse.pde.ui-20120509-1450,org.eclipse.pde.internal.ui.editor.plugin,FragmentGeneralInfoSection,Unutilized Abstraction
eclipse.pde.ui-20120509-1450,org.eclipse.pde.internal.ui.editor.plugin,FragmentGeneralInfoSection,Insufficient Modularization
eclipse.pde.ui-20120509-1450,org.eclipse.pde.internal.ui.editor.plugin,GeneralInfoSection,Cyclic-Dependent Modularization
eclipse.pde.ui-20120509-1450,org.eclipse.pde.internal.ui.editor.plugin,GeneralInfoSection,Insufficient Modularization
eclipse.pde.ui-20120509-1450,org.eclipse.pde.internal.ui.editor.plugin,ImportPackageSection,Cyclic-Dependent Modularization
eclipse.pde.ui-20120509-1450,org.eclipse.pde.internal.ui.editor.plugin,ImportPackageSection,Insufficient Modularization
eclipse.pde.ui-20120509-1450,org.eclipse.pde.internal.ui.editor.plugin,ImportItemWrapper,Unutilized Abstraction
eclipse.pde.ui-20120509-1450,org.eclipse.pde.internal.ui.editor.plugin,ImportPackageContentProvider,Unutilized Abstraction
eclipse.pde.ui-20120509-1450,org.eclipse.pde.internal.ui.editor.plugin,ImportPackageDialogLabelProvider,Unutilized Abstraction
eclipse.pde.ui-20120509-1450,org.eclipse.pde.internal.ui.editor.plugin,JarSelectionValidator,Unutilized Abstraction
eclipse.pde.ui-20120509-1450,org.eclipse.pde.internal.ui.editor.plugin,JavaAttributeValue,Unutilized Abstraction
eclipse.pde.ui-20120509-1450,org.eclipse.pde.internal.ui.editor.plugin,JavaAttributeValue,Broken Hierarchy
eclipse.pde.ui-20120509-1450,org.eclipse.pde.internal.ui.editor.plugin,JavaAttributeWizardPage,Unutilized Abstraction
eclipse.pde.ui-20120509-1450,org.eclipse.pde.internal.ui.editor.plugin,InitialClassProperties,Unutilized Abstraction
eclipse.pde.ui-20120509-1450,org.eclipse.pde.internal.ui.editor.plugin,LibrarySection,Unutilized Abstraction
eclipse.pde.ui-20120509-1450,org.eclipse.pde.internal.ui.editor.plugin,LibrarySection,Insufficient Modularization
eclipse.pde.ui-20120509-1450,org.eclipse.pde.internal.ui.editor.plugin,LibraryFilter,Unutilized Abstraction
eclipse.pde.ui-20120509-1450,org.eclipse.pde.internal.ui.editor.plugin,LibrarySelectionValidator,Unutilized Abstraction
eclipse.pde.ui-20120509-1450,org.eclipse.pde.internal.ui.editor.plugin,TableContentProvider,Unutilized Abstraction
eclipse.pde.ui-20120509-1450,org.eclipse.pde.internal.ui.editor.plugin,LibraryVisibilitySection,Unutilized Abstraction
eclipse.pde.ui-20120509-1450,org.eclipse.pde.internal.ui.editor.plugin,TableContentProvider,Unutilized Abstraction
eclipse.pde.ui-20120509-1450,org.eclipse.pde.internal.ui.editor.plugin,TableLabelProvider,Unutilized Abstraction
eclipse.pde.ui-20120509-1450,org.eclipse.pde.internal.ui.editor.plugin,ContentProvider,Unutilized Abstraction
eclipse.pde.ui-20120509-1450,org.eclipse.pde.internal.ui.editor.plugin,LoopLabelProvider,Unutilized Abstraction
eclipse.pde.ui-20120509-1450,org.eclipse.pde.internal.ui.editor.plugin,ManifestEditor,Cyclic-Dependent Modularization
eclipse.pde.ui-20120509-1450,org.eclipse.pde.internal.ui.editor.plugin,ManifestEditor,Insufficient Modularization
eclipse.pde.ui-20120509-1450,org.eclipse.pde.internal.ui.editor.plugin,ManifestEditorContributor,Unutilized Abstraction
eclipse.pde.ui-20120509-1450,org.eclipse.pde.internal.ui.editor.plugin,ExternalizeAction,Unutilized Abstraction
eclipse.pde.ui-20120509-1450,org.eclipse.pde.internal.ui.editor.plugin,ManifestEditorMatchingStrategy,Unutilized Abstraction
eclipse.pde.ui-20120509-1450,org.eclipse.pde.internal.ui.editor.plugin,ManifestHyperlinkDetector,Unutilized Abstraction
eclipse.pde.ui-20120509-1450,org.eclipse.pde.internal.ui.editor.plugin,ManifestOutlinePage,Unutilized Abstraction
eclipse.pde.ui-20120509-1450,org.eclipse.pde.internal.ui.editor.plugin,ManifestSourcePage,Cyclic-Dependent Modularization
eclipse.pde.ui-20120509-1450,org.eclipse.pde.internal.ui.editor.plugin,OutlineLabelProvider,Unutilized Abstraction
eclipse.pde.ui-20120509-1450,org.eclipse.pde.internal.ui.editor.plugin,ContentProvider,Unutilized Abstraction
eclipse.pde.ui-20120509-1450,org.eclipse.pde.internal.ui.editor.plugin,OutlineComparator,Unutilized Abstraction
eclipse.pde.ui-20120509-1450,org.eclipse.pde.internal.ui.editor.plugin,MissingResourcePage,Unutilized Abstraction
eclipse.pde.ui-20120509-1450,org.eclipse.pde.internal.ui.editor.plugin,NewElementAction,Unutilized Abstraction
eclipse.pde.ui-20120509-1450,org.eclipse.pde.internal.ui.editor.plugin,NewElementAction,Deficient Encapsulation
eclipse.pde.ui-20120509-1450,org.eclipse.pde.internal.ui.editor.plugin,DuplicateStatusValidator,Unutilized Abstraction
eclipse.pde.ui-20120509-1450,org.eclipse.pde.internal.ui.editor.plugin,OverviewPage,Deficient Encapsulation
eclipse.pde.ui-20120509-1450,org.eclipse.pde.internal.ui.editor.plugin,OverviewPage,Cyclic-Dependent Modularization
eclipse.pde.ui-20120509-1450,org.eclipse.pde.internal.ui.editor.plugin,PluginExportAction,Cyclic-Dependent Modularization
eclipse.pde.ui-20120509-1450,org.eclipse.pde.internal.ui.editor.plugin,PluginFoldingStructureProvider,Unutilized Abstraction
eclipse.pde.ui-20120509-1450,org.eclipse.pde.internal.ui.editor.plugin,PluginGeneralInfoSection,Unutilized Abstraction
eclipse.pde.ui-20120509-1450,org.eclipse.pde.internal.ui.editor.plugin,PluginInputContext,Deficient Encapsulation
eclipse.pde.ui-20120509-1450,org.eclipse.pde.internal.ui.editor.plugin,PluginInputContext,Cyclic-Dependent Modularization
eclipse.pde.ui-20120509-1450,org.eclipse.pde.internal.ui.editor.plugin,PluginInputContextManager,Cyclic-Dependent Modularization
eclipse.pde.ui-20120509-1450,org.eclipse.pde.internal.ui.editor.plugin,PluginLauncherFormPageHelper,Unutilized Abstraction
eclipse.pde.ui-20120509-1450,org.eclipse.pde.internal.ui.editor.plugin,PluginUndoManager,Unutilized Abstraction
eclipse.pde.ui-20120509-1450,org.eclipse.pde.internal.ui.editor.plugin,RequiresSection,Cyclic-Dependent Modularization
eclipse.pde.ui-20120509-1450,org.eclipse.pde.internal.ui.editor.plugin,RequiresSection,Insufficient Modularization
eclipse.pde.ui-20120509-1450,org.eclipse.pde.internal.ui.editor.plugin,ImportContentProvider,Unutilized Abstraction
eclipse.pde.ui-20120509-1450,org.eclipse.pde.internal.ui.editor.plugin,ResourceAttributeValue,Unutilized Abstraction
eclipse.pde.ui-20120509-1450,org.eclipse.pde.internal.ui.editor.plugin,RuntimePage,Deficient Encapsulation
eclipse.pde.ui-20120509-1450,org.eclipse.pde.internal.ui.editor.plugin,RuntimePage,Cyclic-Dependent Modularization
eclipse.pde.ui-20120509-1450,org.eclipse.pde.internal.ui.editor.plugin.rows,BooleanAttributeRow,Unutilized Abstraction
eclipse.pde.ui-20120509-1450,org.eclipse.pde.internal.ui.editor.plugin.rows,ButtonAttributeRow,Unutilized Abstraction
eclipse.pde.ui-20120509-1450,org.eclipse.pde.internal.ui.editor.plugin.rows,ButtonAttributeRow,Broken Hierarchy
eclipse.pde.ui-20120509-1450,org.eclipse.pde.internal.ui.editor.plugin.rows,ChoiceAttributeRow,Unutilized Abstraction
eclipse.pde.ui-20120509-1450,org.eclipse.pde.internal.ui.editor.plugin.rows,ClassAttributeRow,Unutilized Abstraction
eclipse.pde.ui-20120509-1450,org.eclipse.pde.internal.ui.editor.plugin.rows,ExtensionAttributeRow,Unutilized Abstraction
eclipse.pde.ui-20120509-1450,org.eclipse.pde.internal.ui.editor.plugin.rows,IdAttributeRow,Unutilized Abstraction
eclipse.pde.ui-20120509-1450,org.eclipse.pde.internal.ui.editor.plugin.rows,IdAttributeRow,Broken Hierarchy
eclipse.pde.ui-20120509-1450,org.eclipse.pde.internal.ui.editor.plugin.rows,IdAttributeLabelProvider,Unutilized Abstraction
eclipse.pde.ui-20120509-1450,org.eclipse.pde.internal.ui.editor.plugin.rows,ReferenceAttributeRow,Unutilized Abstraction
eclipse.pde.ui-20120509-1450,org.eclipse.pde.internal.ui.editor.plugin.rows,ReferenceAttributeRow,Broken Hierarchy
eclipse.pde.ui-20120509-1450,org.eclipse.pde.internal.ui.editor.plugin.rows,ResourceAttributeRow,Unutilized Abstraction
eclipse.pde.ui-20120509-1450,org.eclipse.pde.internal.ui.editor.plugin.rows,ResourceAttributeRow,Broken Hierarchy
eclipse.pde.ui-20120509-1450,org.eclipse.pde.internal.ui.editor.plugin.rows,TextAttributeRow,Unutilized Abstraction
eclipse.pde.ui-20120509-1450,org.eclipse.pde.internal.ui.editor.plugin.rows,TranslatableAttributeRow,Unutilized Abstraction
eclipse.pde.ui-20120509-1450,org.eclipse.pde.internal.ui.editor.plugin.rows,TranslatableAttributeRow,Broken Hierarchy
eclipse.pde.ui-20120509-1450,org.eclipse.pde.internal.ui.editor.product,AboutSection,Unutilized Abstraction
eclipse.pde.ui-20120509-1450,org.eclipse.pde.internal.ui.editor.product,ArgumentsSection,Unutilized Abstraction
eclipse.pde.ui-20120509-1450,org.eclipse.pde.internal.ui.editor.product,BrandingPage,Unutilized Abstraction
eclipse.pde.ui-20120509-1450,org.eclipse.pde.internal.ui.editor.product,BrandingPage,Deficient Encapsulation
eclipse.pde.ui-20120509-1450,org.eclipse.pde.internal.ui.editor.product,ConfigurationPage,Unutilized Abstraction
eclipse.pde.ui-20120509-1450,org.eclipse.pde.internal.ui.editor.product,ConfigurationPage,Deficient Encapsulation
eclipse.pde.ui-20120509-1450,org.eclipse.pde.internal.ui.editor.product,ConfigurationSection,Unutilized Abstraction
eclipse.pde.ui-20120509-1450,org.eclipse.pde.internal.ui.editor.product,DependenciesPage,Deficient Encapsulation
eclipse.pde.ui-20120509-1450,org.eclipse.pde.internal.ui.editor.product,FeatureSection,Insufficient Modularization
eclipse.pde.ui-20120509-1450,org.eclipse.pde.internal.ui.editor.product,ContentProvider,Unutilized Abstraction
eclipse.pde.ui-20120509-1450,org.eclipse.pde.internal.ui.editor.product,NewFeatureAction,Unutilized Abstraction
eclipse.pde.ui-20120509-1450,org.eclipse.pde.internal.ui.editor.product,IntroSection,Unutilized Abstraction
eclipse.pde.ui-20120509-1450,org.eclipse.pde.internal.ui.editor.product,JRESection,Unutilized Abstraction
eclipse.pde.ui-20120509-1450,org.eclipse.pde.internal.ui.editor.product,EELabelProvider,Unutilized Abstraction
eclipse.pde.ui-20120509-1450,org.eclipse.pde.internal.ui.editor.product,EELabelProvider,Broken Hierarchy
eclipse.pde.ui-20120509-1450,org.eclipse.pde.internal.ui.editor.product,LauncherSection,Deficient Encapsulation
eclipse.pde.ui-20120509-1450,org.eclipse.pde.internal.ui.editor.product,LauncherSection,Insufficient Modularization
eclipse.pde.ui-20120509-1450,org.eclipse.pde.internal.ui.editor.product,LaunchingPage,Unutilized Abstraction
eclipse.pde.ui-20120509-1450,org.eclipse.pde.internal.ui.editor.product,LaunchingPage,Deficient Encapsulation
eclipse.pde.ui-20120509-1450,org.eclipse.pde.internal.ui.editor.product,LicenseSection,Unutilized Abstraction
eclipse.pde.ui-20120509-1450,org.eclipse.pde.internal.ui.editor.product,LicensingPage,Unutilized Abstraction
eclipse.pde.ui-20120509-1450,org.eclipse.pde.internal.ui.editor.product,LicensingPage,Deficient Encapsulation
eclipse.pde.ui-20120509-1450,org.eclipse.pde.internal.ui.editor.product,OverviewPage,Deficient Encapsulation
eclipse.pde.ui-20120509-1450,org.eclipse.pde.internal.ui.editor.product,OverviewPage,Cyclic-Dependent Modularization
eclipse.pde.ui-20120509-1450,org.eclipse.pde.internal.ui.editor.product,ContentProvider,Unutilized Abstraction
eclipse.pde.ui-20120509-1450,org.eclipse.pde.internal.ui.editor.product,LabelProvider,Unutilized Abstraction
eclipse.pde.ui-20120509-1450,org.eclipse.pde.internal.ui.editor.product,PluginSection,Deficient Encapsulation
eclipse.pde.ui-20120509-1450,org.eclipse.pde.internal.ui.editor.product,PluginSection,Insufficient Modularization
eclipse.pde.ui-20120509-1450,org.eclipse.pde.internal.ui.editor.product,ContentProvider,Unutilized Abstraction
eclipse.pde.ui-20120509-1450,org.eclipse.pde.internal.ui.editor.product,NewPluginAction,Unutilized Abstraction
eclipse.pde.ui-20120509-1450,org.eclipse.pde.internal.ui.editor.product,NewFragmentAction,Unutilized Abstraction
eclipse.pde.ui-20120509-1450,org.eclipse.pde.internal.ui.editor.product,ProductEditorContributor,Unutilized Abstraction
eclipse.pde.ui-20120509-1450,org.eclipse.pde.internal.ui.editor.product,ProductInfoSection,Cyclic-Dependent Modularization
eclipse.pde.ui-20120509-1450,org.eclipse.pde.internal.ui.editor.product,ProductInfoSection,Insufficient Modularization
eclipse.pde.ui-20120509-1450,org.eclipse.pde.internal.ui.editor.product,ExtensionIdComboPart,Unutilized Abstraction
eclipse.pde.ui-20120509-1450,org.eclipse.pde.internal.ui.editor.product,ProductInputContext,Deficient Encapsulation
eclipse.pde.ui-20120509-1450,org.eclipse.pde.internal.ui.editor.product,ProductInputContextManager,Unutilized Abstraction
eclipse.pde.ui-20120509-1450,org.eclipse.pde.internal.ui.editor.product,ProductOutlinePage,Unutilized Abstraction
eclipse.pde.ui-20120509-1450,org.eclipse.pde.internal.ui.editor.product,ProductValidateAction,Unutilized Abstraction
eclipse.pde.ui-20120509-1450,org.eclipse.pde.internal.ui.editor.product,PropertiesSection,Insufficient Modularization
eclipse.pde.ui-20120509-1450,org.eclipse.pde.internal.ui.editor.product,ContentProvider,Unutilized Abstraction
eclipse.pde.ui-20120509-1450,org.eclipse.pde.internal.ui.editor.product,LabelProvider,Unutilized Abstraction
eclipse.pde.ui-20120509-1450,org.eclipse.pde.internal.ui.editor.product,ValueCellModifier,Unutilized Abstraction
eclipse.pde.ui-20120509-1450,org.eclipse.pde.internal.ui.editor.product,SplashConfigurationSection,Unutilized Abstraction
eclipse.pde.ui-20120509-1450,org.eclipse.pde.internal.ui.editor.product,SplashConfigurationSection,Insufficient Modularization
eclipse.pde.ui-20120509-1450,org.eclipse.pde.internal.ui.editor.product,SplashLocationSection,Unutilized Abstraction
eclipse.pde.ui-20120509-1450,org.eclipse.pde.internal.ui.editor.product,SplashPage,Unutilized Abstraction
eclipse.pde.ui-20120509-1450,org.eclipse.pde.internal.ui.editor.product,SplashPage,Deficient Encapsulation
eclipse.pde.ui-20120509-1450,org.eclipse.pde.internal.ui.editor.product,WindowImagesSection,Unutilized Abstraction
eclipse.pde.ui-20120509-1450,org.eclipse.pde.internal.ui.editor.schema,AbstractSchemaDetails,Unutilized Abstraction
eclipse.pde.ui-20120509-1450,org.eclipse.pde.internal.ui.editor.schema,AbstractSchemaDetails,Insufficient Modularization
eclipse.pde.ui-20120509-1450,org.eclipse.pde.internal.ui.editor.schema,DocSection,Cyclic-Dependent Modularization
eclipse.pde.ui-20120509-1450,org.eclipse.pde.internal.ui.editor.schema,ElementSection,Insufficient Modularization
eclipse.pde.ui-20120509-1450,org.eclipse.pde.internal.ui.editor.schema,ContentProvider,Unutilized Abstraction
eclipse.pde.ui-20120509-1450,org.eclipse.pde.internal.ui.editor.schema,ElementSectionDropAdapter,Unutilized Abstraction
eclipse.pde.ui-20120509-1450,org.eclipse.pde.internal.ui.editor.schema,ShowOptionalAttributesAction,Unutilized Abstraction
eclipse.pde.ui-20120509-1450,org.eclipse.pde.internal.ui.editor.schema,SchemaItemsFilter,Unutilized Abstraction
eclipse.pde.ui-20120509-1450,org.eclipse.pde.internal.ui.editor.schema,SchemaComparator,Unutilized Abstraction
eclipse.pde.ui-20120509-1450,org.eclipse.pde.internal.ui.editor.schema,NewCompositorAction,Unutilized Abstraction
eclipse.pde.ui-20120509-1450,org.eclipse.pde.internal.ui.editor.schema,NewReferenceAction,Unutilized Abstraction
eclipse.pde.ui-20120509-1450,org.eclipse.pde.internal.ui.editor.schema,SchemaAttributeDetails,Unutilized Abstraction
eclipse.pde.ui-20120509-1450,org.eclipse.pde.internal.ui.editor.schema,SchemaAttributeContentProvider,Unutilized Abstraction
eclipse.pde.ui-20120509-1450,org.eclipse.pde.internal.ui.editor.schema,SchemaCompositorDetails,Unutilized Abstraction
eclipse.pde.ui-20120509-1450,org.eclipse.pde.internal.ui.editor.schema,SchemaEditor,Cyclic-Dependent Modularization
eclipse.pde.ui-20120509-1450,org.eclipse.pde.internal.ui.editor.schema,PreviewAction,Unutilized Abstraction
eclipse.pde.ui-20120509-1450,org.eclipse.pde.internal.ui.editor.schema,SchemaElementDetails,Unutilized Abstraction
eclipse.pde.ui-20120509-1450,org.eclipse.pde.internal.ui.editor.schema,SchemaElementReferenceDetails,Unutilized Abstraction
eclipse.pde.ui-20120509-1450,org.eclipse.pde.internal.ui.editor.schema,SchemaFormOutlinePage,Unutilized Abstraction
eclipse.pde.ui-20120509-1450,org.eclipse.pde.internal.ui.editor.schema,SchemaFormOutlinePage,Missing Hierarchy
eclipse.pde.ui-20120509-1450,org.eclipse.pde.internal.ui.editor.schema,SchemaLabelProvider,Unutilized Abstraction
eclipse.pde.ui-20120509-1450,org.eclipse.pde.internal.ui.editor.schema,SchemaFormPage,Deficient Encapsulation
eclipse.pde.ui-20120509-1450,org.eclipse.pde.internal.ui.editor.schema,SchemaIdentifierAttributeDetails,Unutilized Abstraction
eclipse.pde.ui-20120509-1450,org.eclipse.pde.internal.ui.editor.schema,SchemaIncludesSection,Cyclic-Dependent Modularization
eclipse.pde.ui-20120509-1450,org.eclipse.pde.internal.ui.editor.schema,PDEProjectFilter,Unutilized Abstraction
eclipse.pde.ui-20120509-1450,org.eclipse.pde.internal.ui.editor.schema,SchemaInputContext,Deficient Encapsulation
eclipse.pde.ui-20120509-1450,org.eclipse.pde.internal.ui.editor.schema,SchemaInputContext,Cyclic-Dependent Modularization
eclipse.pde.ui-20120509-1450,org.eclipse.pde.internal.ui.editor.schema,SchemaInputContextManager,Cyclic-Dependent Modularization
eclipse.pde.ui-20120509-1450,org.eclipse.pde.internal.ui.editor.schema,SchemaJavaAttributeDetails,Unutilized Abstraction
eclipse.pde.ui-20120509-1450,org.eclipse.pde.internal.ui.editor.schema,SchemaOtherAttributeDetails,Unutilized Abstraction
eclipse.pde.ui-20120509-1450,org.eclipse.pde.internal.ui.editor.schema,SchemaOtherAttributeDetails,Broken Hierarchy
eclipse.pde.ui-20120509-1450,org.eclipse.pde.internal.ui.editor.schema,SchemaOverviewPage,Deficient Encapsulation
eclipse.pde.ui-20120509-1450,org.eclipse.pde.internal.ui.editor.schema,SchemaOverviewPage,Cyclic-Dependent Modularization
eclipse.pde.ui-20120509-1450,org.eclipse.pde.internal.ui.editor.schema,SchemaPreviewLauncher,Unutilized Abstraction
eclipse.pde.ui-20120509-1450,org.eclipse.pde.internal.ui.editor.schema,SchemaRootElementDetails,Unutilized Abstraction
eclipse.pde.ui-20120509-1450,org.eclipse.pde.internal.ui.editor.schema,SchemaSourcePage,Unutilized Abstraction
eclipse.pde.ui-20120509-1450,org.eclipse.pde.internal.ui.editor.schema,SchemaSpecSection,Cyclic-Dependent Modularization
eclipse.pde.ui-20120509-1450,org.eclipse.pde.internal.ui.editor.schema,SchemaStringAttributeDetails,Unutilized Abstraction
eclipse.pde.ui-20120509-1450,org.eclipse.pde.internal.ui.editor.site,ArchivePage,Deficient Encapsulation
eclipse.pde.ui-20120509-1450,org.eclipse.pde.internal.ui.editor.site,ArchiveSection,Insufficient Modularization
eclipse.pde.ui-20120509-1450,org.eclipse.pde.internal.ui.editor.site,FolderProvider,Unutilized Abstraction
eclipse.pde.ui-20120509-1450,org.eclipse.pde.internal.ui.editor.site,ContentProvider,Unutilized Abstraction
eclipse.pde.ui-20120509-1450,org.eclipse.pde.internal.ui.editor.site,ArchiveLabelProvider,Unutilized Abstraction
eclipse.pde.ui-20120509-1450,org.eclipse.pde.internal.ui.editor.site,CategoryDetailsSection,Unutilized Abstraction
eclipse.pde.ui-20120509-1450,org.eclipse.pde.internal.ui.editor.site,CategorySection,Insufficient Modularization
eclipse.pde.ui-20120509-1450,org.eclipse.pde.internal.ui.editor.site,CategoryContentProvider,Unutilized Abstraction
eclipse.pde.ui-20120509-1450,org.eclipse.pde.internal.ui.editor.site,FeatureDetailsSection,Unutilized Abstraction
eclipse.pde.ui-20120509-1450,org.eclipse.pde.internal.ui.editor.site,FeaturesPage,Deficient Encapsulation
eclipse.pde.ui-20120509-1450,org.eclipse.pde.internal.ui.editor.site,PortabilitySection,Insufficient Modularization
eclipse.pde.ui-20120509-1450,org.eclipse.pde.internal.ui.editor.site,SiteEditorContributor,Unutilized Abstraction
eclipse.pde.ui-20120509-1450,org.eclipse.pde.internal.ui.editor.site,SiteInputContext,Deficient Encapsulation
eclipse.pde.ui-20120509-1450,org.eclipse.pde.internal.ui.editor.site,SiteLabelProvider,Unutilized Abstraction
eclipse.pde.ui-20120509-1450,org.eclipse.pde.internal.ui.editor.site,SiteOutlinePage,Unutilized Abstraction
eclipse.pde.ui-20120509-1450,org.eclipse.pde.internal.ui.editor.site,SiteSourcePage,Unutilized Abstraction
eclipse.pde.ui-20120509-1450,org.eclipse.pde.internal.ui.editor.site,SiteUndoManager,Unutilized Abstraction
eclipse.pde.ui-20120509-1450,org.eclipse.pde.internal.ui.editor.site,SynchronizePropertiesAction,Unutilized Abstraction
eclipse.pde.ui-20120509-1450,org.eclipse.pde.internal.ui.editor.site,SynchronizePropertiesWizardPage,Deficient Encapsulation
eclipse.pde.ui-20120509-1450,org.eclipse.pde.internal.ui.editor.targetdefinition,ArgumentsSection,Unutilized Abstraction
eclipse.pde.ui-20120509-1450,org.eclipse.pde.internal.ui.editor.targetdefinition,ContentPage,Deficient Encapsulation
eclipse.pde.ui-20120509-1450,org.eclipse.pde.internal.ui.editor.targetdefinition,ContentSection,Unutilized Abstraction
eclipse.pde.ui-20120509-1450,org.eclipse.pde.internal.ui.editor.targetdefinition,DefinitionPage,Unutilized Abstraction
eclipse.pde.ui-20120509-1450,org.eclipse.pde.internal.ui.editor.targetdefinition,DefinitionPage,Deficient Encapsulation
eclipse.pde.ui-20120509-1450,org.eclipse.pde.internal.ui.editor.targetdefinition,EnvironmentPage,Deficient Encapsulation
eclipse.pde.ui-20120509-1450,org.eclipse.pde.internal.ui.editor.targetdefinition,EnvironmentSection,Unutilized Abstraction
eclipse.pde.ui-20120509-1450,org.eclipse.pde.internal.ui.editor.targetdefinition,ImplicitDependenciesSection,Unutilized Abstraction
eclipse.pde.ui-20120509-1450,org.eclipse.pde.internal.ui.editor.targetdefinition,InformationSection,Unutilized Abstraction
eclipse.pde.ui-20120509-1450,org.eclipse.pde.internal.ui.editor.targetdefinition,JRESection,Unutilized Abstraction
eclipse.pde.ui-20120509-1450,org.eclipse.pde.internal.ui.editor.targetdefinition,LocationsSection,Unutilized Abstraction
eclipse.pde.ui-20120509-1450,org.eclipse.pde.internal.ui.editor.targetdefinition,SimpleFormEntryAdapter,Unutilized Abstraction
eclipse.pde.ui-20120509-1450,org.eclipse.pde.internal.ui.editor.targetdefinition,TargetEditor,Cyclic-Dependent Modularization
eclipse.pde.ui-20120509-1450,org.eclipse.pde.internal.ui.editor.targetdefinition,TargetEditor,Insufficient Modularization
eclipse.pde.ui-20120509-1450,org.eclipse.pde.internal.ui.editor.targetdefinition,InputHandler,Cyclic-Dependent Modularization
eclipse.pde.ui-20120509-1450,org.eclipse.pde.internal.ui.editor.targetdefinition,TargetChangedListener,Unutilized Abstraction
eclipse.pde.ui-20120509-1450,org.eclipse.pde.internal.ui.editor.targetdefinition,TargetEditorContributor,Unutilized Abstraction
eclipse.pde.ui-20120509-1450,org.eclipse.pde.internal.ui.editor.targetdefinition,RevertAction,Unutilized Abstraction
eclipse.pde.ui-20120509-1450,org.eclipse.pde.internal.ui.editor.text,AbstractHyperlink,Unutilized Abstraction
eclipse.pde.ui-20120509-1450,org.eclipse.pde.internal.ui.editor.text,AnnotationModelFactory,Unutilized Abstraction
eclipse.pde.ui-20120509-1450,org.eclipse.pde.internal.ui.editor.text,ArgumentRule,Unutilized Abstraction
eclipse.pde.ui-20120509-1450,org.eclipse.pde.internal.ui.editor.text,ArgumentDetector,Unutilized Abstraction
eclipse.pde.ui-20120509-1450,org.eclipse.pde.internal.ui.editor.text,BundleHyperlink,Unutilized Abstraction
eclipse.pde.ui-20120509-1450,org.eclipse.pde.internal.ui.editor.text,BundleHyperlink,Broken Hierarchy
eclipse.pde.ui-20120509-1450,org.eclipse.pde.internal.ui.editor.text,ChangeAwareSourceViewerConfiguration,Cyclic-Dependent Modularization
eclipse.pde.ui-20120509-1450,org.eclipse.pde.internal.ui.editor.text,ColorManager,Broken Hierarchy
eclipse.pde.ui-20120509-1450,org.eclipse.pde.internal.ui.editor.text,ExternalizedStringRule,Unutilized Abstraction
eclipse.pde.ui-20120509-1450,org.eclipse.pde.internal.ui.editor.text,ExternalizedStringDetector,Unutilized Abstraction
eclipse.pde.ui-20120509-1450,org.eclipse.pde.internal.ui.editor.text,IColorManager,Deficient Encapsulation
eclipse.pde.ui-20120509-1450,org.eclipse.pde.internal.ui.editor.text,IPDEColorConstants,Broken Modularization
eclipse.pde.ui-20120509-1450,org.eclipse.pde.internal.ui.editor.text,JavaHyperlink,Unutilized Abstraction
eclipse.pde.ui-20120509-1450,org.eclipse.pde.internal.ui.editor.text,JavaHyperlink,Broken Hierarchy
eclipse.pde.ui-20120509-1450,org.eclipse.pde.internal.ui.editor.text,ManifestConfiguration,Unutilized Abstraction
eclipse.pde.ui-20120509-1450,org.eclipse.pde.internal.ui.editor.text,ManifestConfiguration,Insufficient Modularization
eclipse.pde.ui-20120509-1450,org.eclipse.pde.internal.ui.editor.text,ManifestHeaderScanner,Unutilized Abstraction
eclipse.pde.ui-20120509-1450,org.eclipse.pde.internal.ui.editor.text,ManifestValueScanner,Unutilized Abstraction
eclipse.pde.ui-20120509-1450,org.eclipse.pde.internal.ui.editor.text,AssignmentDetector,Unutilized Abstraction
eclipse.pde.ui-20120509-1450,org.eclipse.pde.internal.ui.editor.text,KeywordDetector,Unutilized Abstraction
eclipse.pde.ui-20120509-1450,org.eclipse.pde.internal.ui.editor.text,ManifestElementHyperlink,Unutilized Abstraction
eclipse.pde.ui-20120509-1450,org.eclipse.pde.internal.ui.editor.text,ManifestElementHyperlink,Broken Hierarchy
eclipse.pde.ui-20120509-1450,org.eclipse.pde.internal.ui.editor.text,ManifestPartitionScanner,Deficient Encapsulation
eclipse.pde.ui-20120509-1450,org.eclipse.pde.internal.ui.editor.text,ManifestTextHover,Broken Hierarchy
eclipse.pde.ui-20120509-1450,org.eclipse.pde.internal.ui.editor.text,PDEDefaultInformationControl,Unutilized Abstraction
eclipse.pde.ui-20120509-1450,org.eclipse.pde.internal.ui.editor.text,PDEMarkerAnnotationModel,Unutilized Abstraction
eclipse.pde.ui-20120509-1450,org.eclipse.pde.internal.ui.editor.text,PDEMarkerAnnotation,Unutilized Abstraction
eclipse.pde.ui-20120509-1450,org.eclipse.pde.internal.ui.editor.text,PDEQuickAssistAssistant,Cyclic-Dependent Modularization
eclipse.pde.ui-20120509-1450,org.eclipse.pde.internal.ui.editor.text,PDEQuickAssistAssistant,Insufficient Modularization
eclipse.pde.ui-20120509-1450,org.eclipse.pde.internal.ui.editor.text,PDECompletionProposal,Unutilized Abstraction
eclipse.pde.ui-20120509-1450,org.eclipse.pde.internal.ui.editor.text,PDEQuickAssistProcessor,Unutilized Abstraction
eclipse.pde.ui-20120509-1450,org.eclipse.pde.internal.ui.editor.text,PDESourceInfoProvider,Unutilized Abstraction
eclipse.pde.ui-20120509-1450,org.eclipse.pde.internal.ui.editor.text,PackageHyperlink,Unutilized Abstraction
eclipse.pde.ui-20120509-1450,org.eclipse.pde.internal.ui.editor.text,PackageHyperlink,Broken Hierarchy
eclipse.pde.ui-20120509-1450,org.eclipse.pde.internal.ui.editor.text,PluginXMLConfiguration,Unutilized Abstraction
eclipse.pde.ui-20120509-1450,org.eclipse.pde.internal.ui.editor.text,PluginXMLConfiguration,Broken Hierarchy
eclipse.pde.ui-20120509-1450,org.eclipse.pde.internal.ui.editor.text,PluginXMLTextHover,Broken Hierarchy
eclipse.pde.ui-20120509-1450,org.eclipse.pde.internal.ui.editor.text,ResourceHyperlink,Unutilized Abstraction
eclipse.pde.ui-20120509-1450,org.eclipse.pde.internal.ui.editor.text,ResourceHyperlink,Broken Hierarchy
eclipse.pde.ui-20120509-1450,org.eclipse.pde.internal.ui.editor.text,SchemaHyperlink,Unutilized Abstraction
eclipse.pde.ui-20120509-1450,org.eclipse.pde.internal.ui.editor.text,SchemaHyperlink,Broken Hierarchy
eclipse.pde.ui-20120509-1450,org.eclipse.pde.internal.ui.editor.text,SourceInformationProvider,Deficient Encapsulation
eclipse.pde.ui-20120509-1450,org.eclipse.pde.internal.ui.editor.text,SourceInformationProvider,Cyclic-Dependent Modularization
eclipse.pde.ui-20120509-1450,org.eclipse.pde.internal.ui.editor.text,TranslationHyperlink,Unutilized Abstraction
eclipse.pde.ui-20120509-1450,org.eclipse.pde.internal.ui.editor.text,TranslationHyperlink,Broken Hierarchy
eclipse.pde.ui-20120509-1450,org.eclipse.pde.internal.ui.editor.text,XMLConfiguration,Cyclic-Dependent Modularization
eclipse.pde.ui-20120509-1450,org.eclipse.pde.internal.ui.editor.text,XMLPartitionScanner,Deficient Encapsulation
eclipse.pde.ui-20120509-1450,org.eclipse.pde.internal.ui.editor.text,SpellingProblemCollector,Unutilized Abstraction
eclipse.pde.ui-20120509-1450,org.eclipse.pde.internal.ui.editor.text,XMLStringPartitionScanner,Deficient Encapsulation
eclipse.pde.ui-20120509-1450,org.eclipse.pde.internal.ui.editor.text,XMLTagRule,Unutilized Abstraction
eclipse.pde.ui-20120509-1450,org.eclipse.pde.internal.ui.editor.text,XMLWhitespaceDetector,Unutilized Abstraction
eclipse.pde.ui-20120509-1450,org.eclipse.pde.internal.ui.editor.validation,AbstractControlValidator,Deficient Encapsulation
eclipse.pde.ui-20120509-1450,org.eclipse.pde.internal.ui.editor.validation,IControlValidator,Unutilized Abstraction
eclipse.pde.ui-20120509-1450,org.eclipse.pde.internal.ui.elements,DefaultContentProvider,Unutilized Abstraction
eclipse.pde.ui-20120509-1450,org.eclipse.pde.internal.ui.elements,DefaultElement,Unutilized Abstraction
eclipse.pde.ui-20120509-1450,org.eclipse.pde.internal.ui.elements,DefaultTableProvider,Unnecessary Abstraction
eclipse.pde.ui-20120509-1450,org.eclipse.pde.internal.ui.elements,DefaultTableProvider,Unutilized Abstraction
eclipse.pde.ui-20120509-1450,org.eclipse.pde.internal.ui.elements,ElementLabelProvider,Deficient Encapsulation
eclipse.pde.ui-20120509-1450,org.eclipse.pde.internal.ui.elements,ListContentProvider,Unutilized Abstraction
eclipse.pde.ui-20120509-1450,org.eclipse.pde.internal.ui.elements,ListContentProvider,Broken Hierarchy
eclipse.pde.ui-20120509-1450,org.eclipse.pde.internal.ui.elements,NamedElement,Unutilized Abstraction
eclipse.pde.ui-20120509-1450,org.eclipse.pde.internal.ui.elements,TreeContentProvider,Unutilized Abstraction
eclipse.pde.ui-20120509-1450,org.eclipse.pde.internal.ui.launcher,AbstractPluginBlock,Insufficient Modularization
eclipse.pde.ui-20120509-1450,org.eclipse.pde.internal.ui.launcher,OSGiLabelProvider,Unutilized Abstraction
eclipse.pde.ui-20120509-1450,org.eclipse.pde.internal.ui.launcher,Listener,Unutilized Abstraction
eclipse.pde.ui-20120509-1450,org.eclipse.pde.internal.ui.launcher,PluginContentProvider,Unutilized Abstraction
eclipse.pde.ui-20120509-1450,org.eclipse.pde.internal.ui.launcher,Filter,Unutilized Abstraction
eclipse.pde.ui-20120509-1450,org.eclipse.pde.internal.ui.launcher,BaseBlock,Unutilized Abstraction
eclipse.pde.ui-20120509-1450,org.eclipse.pde.internal.ui.launcher,Listener,Unutilized Abstraction
eclipse.pde.ui-20120509-1450,org.eclipse.pde.internal.ui.launcher,BlockAdapter,Unexploited Encapsulation
eclipse.pde.ui-20120509-1450,org.eclipse.pde.internal.ui.launcher,BlockAdapter,Missing Hierarchy
eclipse.pde.ui-20120509-1450,org.eclipse.pde.internal.ui.launcher,ConfigurationAreaBlock,Unutilized Abstraction
eclipse.pde.ui-20120509-1450,org.eclipse.pde.internal.ui.launcher,ConfigurationTemplateBlock,Unutilized Abstraction
eclipse.pde.ui-20120509-1450,org.eclipse.pde.internal.ui.launcher,FeatureBlock,Deficient Encapsulation
eclipse.pde.ui-20120509-1450,org.eclipse.pde.internal.ui.launcher,FeatureBlock,Missing Hierarchy
eclipse.pde.ui-20120509-1450,org.eclipse.pde.internal.ui.launcher,FeatureBlock,Insufficient Modularization
eclipse.pde.ui-20120509-1450,org.eclipse.pde.internal.ui.launcher,FeatureTreeLabelProvider,Unutilized Abstraction
eclipse.pde.ui-20120509-1450,org.eclipse.pde.internal.ui.launcher,FeatureTreeLabelProvider,Missing Hierarchy
eclipse.pde.ui-20120509-1450,org.eclipse.pde.internal.ui.launcher,ButtonSelectionListener,Unutilized Abstraction
eclipse.pde.ui-20120509-1450,org.eclipse.pde.internal.ui.launcher,LocationCellModifier,Unutilized Abstraction
eclipse.pde.ui-20120509-1450,org.eclipse.pde.internal.ui.launcher,LocationCellModifier,Missing Hierarchy
eclipse.pde.ui-20120509-1450,org.eclipse.pde.internal.ui.launcher,PluginContentProvider,Unutilized Abstraction
eclipse.pde.ui-20120509-1450,org.eclipse.pde.internal.ui.launcher,TreeSorter,Unutilized Abstraction
eclipse.pde.ui-20120509-1450,org.eclipse.pde.internal.ui.launcher,PluginLaunchModel,Unutilized Abstraction
eclipse.pde.ui-20120509-1450,org.eclipse.pde.internal.ui.launcher,FeatureLaunchModel,Unutilized Abstraction
eclipse.pde.ui-20120509-1450,org.eclipse.pde.internal.ui.launcher,FeatureLaunchModel,Deficient Encapsulation
eclipse.pde.ui-20120509-1450,org.eclipse.pde.internal.ui.launcher,FilteredCheckboxTree,Cyclic-Dependent Modularization
eclipse.pde.ui-20120509-1450,org.eclipse.pde.internal.ui.launcher,PreRefreshNotifier,Cyclic-Dependent Modularization
eclipse.pde.ui-20120509-1450,org.eclipse.pde.internal.ui.launcher,FilterableCheckboxTreeViewer,Cyclic-Dependent Modularization
eclipse.pde.ui-20120509-1450,org.eclipse.pde.internal.ui.launcher,FilteredCheckboxTreeItem,Unutilized Abstraction
eclipse.pde.ui-20120509-1450,org.eclipse.pde.internal.ui.launcher,GenericExceptionStatusHandler,Unutilized Abstraction
eclipse.pde.ui-20120509-1450,org.eclipse.pde.internal.ui.launcher,Listener,Unutilized Abstraction
eclipse.pde.ui-20120509-1450,org.eclipse.pde.internal.ui.launcher,JUnitProgramBlock,Unutilized Abstraction
eclipse.pde.ui-20120509-1450,org.eclipse.pde.internal.ui.launcher,LaunchAction,Unutilized Abstraction
eclipse.pde.ui-20120509-1450,org.eclipse.pde.internal.ui.launcher,LaunchTerminationStatusHandler,Unutilized Abstraction
eclipse.pde.ui-20120509-1450,org.eclipse.pde.internal.ui.launcher,LaunchTerminationStatusHandler,Deficient Encapsulation
eclipse.pde.ui-20120509-1450,org.eclipse.pde.internal.ui.launcher,OSGiBundleBlock,Unutilized Abstraction
eclipse.pde.ui-20120509-1450,org.eclipse.pde.internal.ui.launcher,OSGiFrameworkBlock,Unutilized Abstraction
eclipse.pde.ui-20120509-1450,org.eclipse.pde.internal.ui.launcher,Listener,Unutilized Abstraction
eclipse.pde.ui-20120509-1450,org.eclipse.pde.internal.ui.launcher,OpenLogDialog,Unutilized Abstraction
eclipse.pde.ui-20120509-1450,org.eclipse.pde.internal.ui.launcher,OpenLogDialog,Deficient Encapsulation
eclipse.pde.ui-20120509-1450,org.eclipse.pde.internal.ui.launcher,PDELogFileProvider,Unutilized Abstraction
eclipse.pde.ui-20120509-1450,org.eclipse.pde.internal.ui.launcher,PluginBlock,Unutilized Abstraction
eclipse.pde.ui-20120509-1450,org.eclipse.pde.internal.ui.launcher,ContentProvider,Unutilized Abstraction
eclipse.pde.ui-20120509-1450,org.eclipse.pde.internal.ui.launcher,PluginValidationStatusHandler,Unutilized Abstraction
eclipse.pde.ui-20120509-1450,org.eclipse.pde.internal.ui.launcher,ProgramBlock,Unutilized Abstraction
eclipse.pde.ui-20120509-1450,org.eclipse.pde.internal.ui.launcher,Listener,Unutilized Abstraction
eclipse.pde.ui-20120509-1450,org.eclipse.pde.internal.ui.launcher,RunWorkbenchAction,Unutilized Abstraction
eclipse.pde.ui-20120509-1450,org.eclipse.pde.internal.ui.launcher,SoftwareInstallBlock,Unutilized Abstraction
eclipse.pde.ui-20120509-1450,org.eclipse.pde.internal.ui.launcher,TracingBlock,Cyclic-Dependent Modularization
eclipse.pde.ui-20120509-1450,org.eclipse.pde.internal.ui.launcher,TracingBlock,Insufficient Modularization
eclipse.pde.ui-20120509-1450,org.eclipse.pde.internal.ui.launcher,TracingPropertySource,Cyclic-Dependent Modularization
eclipse.pde.ui-20120509-1450,org.eclipse.pde.internal.ui.launcher,TracingPropertySource,Insufficient Modularization
eclipse.pde.ui-20120509-1450,org.eclipse.pde.internal.ui.launcher,BooleanEditor,Unutilized Abstraction
eclipse.pde.ui-20120509-1450,org.eclipse.pde.internal.ui.launcher,TextEditor,Unutilized Abstraction
eclipse.pde.ui-20120509-1450,org.eclipse.pde.internal.ui.launcher,WorkspaceDataBlock,Unutilized Abstraction
eclipse.pde.ui-20120509-1450,org.eclipse.pde.internal.ui.nls,AvailableFilter,Deficient Encapsulation
eclipse.pde.ui-20120509-1450,org.eclipse.pde.internal.ui.nls,ExternalizeStringsLabelProvider,Unutilized Abstraction
eclipse.pde.ui-20120509-1450,org.eclipse.pde.internal.ui.nls,ExternalizeStringsOperation,Cyclic-Dependent Modularization
eclipse.pde.ui-20120509-1450,org.eclipse.pde.internal.ui.nls,ExternalizeStringsProcessor,Cyclic-Dependent Modularization
eclipse.pde.ui-20120509-1450,org.eclipse.pde.internal.ui.nls,ExternalizeStringsWizardPage,Deficient Encapsulation
eclipse.pde.ui-20120509-1450,org.eclipse.pde.internal.ui.nls,ExternalizeStringsWizardPage,Missing Hierarchy
eclipse.pde.ui-20120509-1450,org.eclipse.pde.internal.ui.nls,ExternalizeStringsWizardPage,Insufficient Modularization
eclipse.pde.ui-20120509-1450,org.eclipse.pde.internal.ui.nls,ModelChangeContentProvider,Unutilized Abstraction
eclipse.pde.ui-20120509-1450,org.eclipse.pde.internal.ui.nls,ExternalizeStringsCellModifier,Unutilized Abstraction
eclipse.pde.ui-20120509-1450,org.eclipse.pde.internal.ui.nls,GetNonExternalizedStringsAction,Cyclic-Dependent Modularization
eclipse.pde.ui-20120509-1450,org.eclipse.pde.internal.ui.nls,GetNonExternalizedStringsOperation,Cyclic-Dependent Modularization
eclipse.pde.ui-20120509-1450,org.eclipse.pde.internal.ui.nls,InternationalizationWizardPage,Unutilized Abstraction
eclipse.pde.ui-20120509-1450,org.eclipse.pde.internal.ui.nls,InternationalizeAction,Unutilized Abstraction
eclipse.pde.ui-20120509-1450,org.eclipse.pde.internal.ui.nls,InternationalizeWizardLocalePage,Unutilized Abstraction
eclipse.pde.ui-20120509-1450,org.eclipse.pde.internal.ui.nls,InternationalizeWizardLocalePage,Deficient Encapsulation
eclipse.pde.ui-20120509-1450,org.eclipse.pde.internal.ui.nls,InternationalizeWizardLocalePage,Broken Hierarchy
eclipse.pde.ui-20120509-1450,org.eclipse.pde.internal.ui.nls,InternationalizeWizardLocalePage,Insufficient Modularization
eclipse.pde.ui-20120509-1450,org.eclipse.pde.internal.ui.nls,ContentProvider,Unutilized Abstraction
eclipse.pde.ui-20120509-1450,org.eclipse.pde.internal.ui.nls,InternationalizeWizardPluginPage,Unutilized Abstraction
eclipse.pde.ui-20120509-1450,org.eclipse.pde.internal.ui.nls,InternationalizeWizardPluginPage,Deficient Encapsulation
eclipse.pde.ui-20120509-1450,org.eclipse.pde.internal.ui.nls,InternationalizeWizardPluginPage,Broken Hierarchy
eclipse.pde.ui-20120509-1450,org.eclipse.pde.internal.ui.nls,InternationalizeWizardPluginPage,Insufficient Modularization
eclipse.pde.ui-20120509-1450,org.eclipse.pde.internal.ui.nls,ContentProvider,Unutilized Abstraction
eclipse.pde.ui-20120509-1450,org.eclipse.pde.internal.ui.nls,SelectedContentProvider,Unutilized Abstraction
eclipse.pde.ui-20120509-1450,org.eclipse.pde.internal.ui.nls,ModelChange,Deficient Encapsulation
eclipse.pde.ui-20120509-1450,org.eclipse.pde.internal.ui.nls,ModelChange,Cyclic-Dependent Modularization
eclipse.pde.ui-20120509-1450,org.eclipse.pde.internal.ui.nls,ModelChangeElement,Cyclic-Dependent Modularization
eclipse.pde.ui-20120509-1450,org.eclipse.pde.internal.ui.nls,ModelChangeFile,Cyclic-Dependent Modularization
eclipse.pde.ui-20120509-1450,org.eclipse.pde.internal.ui.nls,ModelChangeLabelProvider,Unutilized Abstraction
eclipse.pde.ui-20120509-1450,org.eclipse.pde.internal.ui.nls,ModelChangeLabelProvider,Missing Hierarchy
eclipse.pde.ui-20120509-1450,org.eclipse.pde.internal.ui.nls,NLSFragmentGenerator,Deficient Encapsulation
eclipse.pde.ui-20120509-1450,org.eclipse.pde.internal.ui.nls,NLSFragmentGenerator,Insufficient Modularization
eclipse.pde.ui-20120509-1450,org.eclipse.pde.internal.ui.nls,AbstractFilter,Unutilized Abstraction
eclipse.pde.ui-20120509-1450,org.eclipse.pde.internal.ui.parts,CheckboxTablePart,Unutilized Abstraction
eclipse.pde.ui-20120509-1450,org.eclipse.pde.internal.ui.parts,CheckboxTablePart,Broken Hierarchy
eclipse.pde.ui-20120509-1450,org.eclipse.pde.internal.ui.parts,ComboViewerPart,Deficient Encapsulation
eclipse.pde.ui-20120509-1450,org.eclipse.pde.internal.ui.parts,EditableTablePart,Broken Hierarchy
eclipse.pde.ui-20120509-1450,org.eclipse.pde.internal.ui.parts,RenameAction,Unutilized Abstraction
eclipse.pde.ui-20120509-1450,org.eclipse.pde.internal.ui.parts,NameModifier,Unutilized Abstraction
eclipse.pde.ui-20120509-1450,org.eclipse.pde.internal.ui.parts,FormEntry,Deficient Encapsulation
eclipse.pde.ui-20120509-1450,org.eclipse.pde.internal.ui.parts,FormEntry,Cyclic-Dependent Modularization
eclipse.pde.ui-20120509-1450,org.eclipse.pde.internal.ui.parts,FormEntry,Insufficient Modularization
eclipse.pde.ui-20120509-1450,org.eclipse.pde.internal.ui.parts,IFormEntryListener,Cyclic-Dependent Modularization
eclipse.pde.ui-20120509-1450,org.eclipse.pde.internal.ui.parts,MessageLine,Unutilized Abstraction
eclipse.pde.ui-20120509-1450,org.eclipse.pde.internal.ui.parts,PluginVersionTablePart,Broken Hierarchy
eclipse.pde.ui-20120509-1450,org.eclipse.pde.internal.ui.parts,PluginVersionContentProvider,Unutilized Abstraction
eclipse.pde.ui-20120509-1450,org.eclipse.pde.internal.ui.parts,SharedPart,Unutilized Abstraction
eclipse.pde.ui-20120509-1450,org.eclipse.pde.internal.ui.parts,SharedPartWithButtons,Unutilized Abstraction
eclipse.pde.ui-20120509-1450,org.eclipse.pde.internal.ui.parts,StructuredViewerPart,Unutilized Abstraction
eclipse.pde.ui-20120509-1450,org.eclipse.pde.internal.ui.parts,StructuredViewerPart,Broken Hierarchy
eclipse.pde.ui-20120509-1450,org.eclipse.pde.internal.ui.parts,TablePart,Broken Hierarchy
eclipse.pde.ui-20120509-1450,org.eclipse.pde.internal.ui.parts,TreeMessageDialog,Unutilized Abstraction
eclipse.pde.ui-20120509-1450,org.eclipse.pde.internal.ui.parts,TreePart,Broken Hierarchy
eclipse.pde.ui-20120509-1450,org.eclipse.pde.internal.ui.parts,WizardCheckboxTablePart,Unutilized Abstraction
eclipse.pde.ui-20120509-1450,org.eclipse.pde.internal.ui.parts,WizardCheckboxTablePart,Broken Hierarchy
eclipse.pde.ui-20120509-1450,org.eclipse.pde.internal.ui.preferences,CompilersPreferencePage,Deficient Encapsulation
eclipse.pde.ui-20120509-1450,org.eclipse.pde.internal.ui.preferences,ConfigurationBlock,Unutilized Abstraction
eclipse.pde.ui-20120509-1450,org.eclipse.pde.internal.ui.preferences,MouseMoveTrackListener,Unutilized Abstraction
eclipse.pde.ui-20120509-1450,org.eclipse.pde.internal.ui.preferences,HighlightPainter,Unutilized Abstraction
eclipse.pde.ui-20120509-1450,org.eclipse.pde.internal.ui.preferences,EditorPreferencePage,Unutilized Abstraction
eclipse.pde.ui-20120509-1450,org.eclipse.pde.internal.ui.preferences,MainPreferencePage,Deficient Encapsulation
eclipse.pde.ui-20120509-1450,org.eclipse.pde.internal.ui.preferences,DefaultRuntimeWorkspaceBlock,Unutilized Abstraction
eclipse.pde.ui-20120509-1450,org.eclipse.pde.internal.ui.preferences,DefaultJUnitWorkspaceBlock,Unutilized Abstraction
eclipse.pde.ui-20120509-1450,org.eclipse.pde.internal.ui.preferences,ManifestSyntaxColorTab,Unutilized Abstraction
eclipse.pde.ui-20120509-1450,org.eclipse.pde.internal.ui.preferences,ManifestSyntaxColorTab,Broken Hierarchy
eclipse.pde.ui-20120509-1450,org.eclipse.pde.internal.ui.preferences,OSGiFrameworkPreferencePage,Unutilized Abstraction
eclipse.pde.ui-20120509-1450,org.eclipse.pde.internal.ui.preferences,FrameworkLabelProvider,Unutilized Abstraction
eclipse.pde.ui-20120509-1450,org.eclipse.pde.internal.ui.preferences,PDECompilersConfigurationBlock,Unutilized Abstraction
eclipse.pde.ui-20120509-1450,org.eclipse.pde.internal.ui.preferences,PDECompilersConfigurationBlock,Broken Hierarchy
eclipse.pde.ui-20120509-1450,org.eclipse.pde.internal.ui.preferences,PDECompilersConfigurationBlock,Insufficient Modularization
eclipse.pde.ui-20120509-1450,org.eclipse.pde.internal.ui.preferences,PreferenceInitializer,Unutilized Abstraction
eclipse.pde.ui-20120509-1450,org.eclipse.pde.internal.ui.preferences,ApiJavaElementContentProvider,Unutilized Abstraction
eclipse.pde.ui-20120509-1450,org.eclipse.pde.internal.ui.preferences,SyntaxColorTab,Unutilized Abstraction
eclipse.pde.ui-20120509-1450,org.eclipse.pde.internal.ui.preferences,SyntaxColorTab,Insufficient Modularization
eclipse.pde.ui-20120509-1450,org.eclipse.pde.internal.ui.preferences,ColorElement,Unutilized Abstraction
eclipse.pde.ui-20120509-1450,org.eclipse.pde.internal.ui.preferences,TabFolderLayout,Unutilized Abstraction
eclipse.pde.ui-20120509-1450,org.eclipse.pde.internal.ui.preferences,TargetPlatformPreferenceNode,Unutilized Abstraction
eclipse.pde.ui-20120509-1450,org.eclipse.pde.internal.ui.preferences,TargetPlatformPreferencePage,Insufficient Modularization
eclipse.pde.ui-20120509-1450,org.eclipse.pde.internal.ui.preferences,TargetLabelProvider,Unutilized Abstraction
eclipse.pde.ui-20120509-1450,org.eclipse.pde.internal.ui.preferences,XMLSyntaxColorTab,Unutilized Abstraction
eclipse.pde.ui-20120509-1450,org.eclipse.pde.internal.ui.preferences,XMLSyntaxColorTab,Broken Hierarchy
eclipse.pde.ui-20120509-1450,org.eclipse.pde.internal.ui.properties,CompilersPropertyPage,Unutilized Abstraction
eclipse.pde.ui-20120509-1450,org.eclipse.pde.internal.ui.properties,PluginDevelopmentPage,Unutilized Abstraction
eclipse.pde.ui-20120509-1450,org.eclipse.pde.internal.ui.properties,SelfHostingPropertyPage,Unutilized Abstraction
eclipse.pde.ui-20120509-1450,org.eclipse.pde.internal.ui.properties,ContentProvider,Unutilized Abstraction
eclipse.pde.ui-20120509-1450,org.eclipse.pde.internal.ui.properties,FolderLabelProvider,Unutilized Abstraction
eclipse.pde.ui-20120509-1450,org.eclipse.pde.internal.ui.refactoring,ContainerMoveParticipant,Unutilized Abstraction
eclipse.pde.ui-20120509-1450,org.eclipse.pde.internal.ui.refactoring,ContainerMoveParticipant,Broken Hierarchy
eclipse.pde.ui-20120509-1450,org.eclipse.pde.internal.ui.refactoring,ContainerRenameParticipant,Unutilized Abstraction
eclipse.pde.ui-20120509-1450,org.eclipse.pde.internal.ui.refactoring,FileMoveParticipant,Unutilized Abstraction
eclipse.pde.ui-20120509-1450,org.eclipse.pde.internal.ui.refactoring,FileMoveParticipant,Broken Hierarchy
eclipse.pde.ui-20120509-1450,org.eclipse.pde.internal.ui.refactoring,FileRenameParticipant,Unutilized Abstraction
eclipse.pde.ui-20120509-1450,org.eclipse.pde.internal.ui.refactoring,FileRenameParticipant,Broken Hierarchy
eclipse.pde.ui-20120509-1450,org.eclipse.pde.internal.ui.refactoring,GeneralRenameIDWizardPage,Unutilized Abstraction
eclipse.pde.ui-20120509-1450,org.eclipse.pde.internal.ui.refactoring,ManifestPackageMoveParticipant,Unutilized Abstraction
eclipse.pde.ui-20120509-1450,org.eclipse.pde.internal.ui.refactoring,ManifestPackageMoveParticipant,Broken Hierarchy
eclipse.pde.ui-20120509-1450,org.eclipse.pde.internal.ui.refactoring,ManifestPackageRenameParticipant,Unutilized Abstraction
eclipse.pde.ui-20120509-1450,org.eclipse.pde.internal.ui.refactoring,ManifestPackageRenameParticipant,Broken Hierarchy
eclipse.pde.ui-20120509-1450,org.eclipse.pde.internal.ui.refactoring,ManifestTypeMoveParticipant,Unutilized Abstraction
eclipse.pde.ui-20120509-1450,org.eclipse.pde.internal.ui.refactoring,ManifestTypeMoveParticipant,Broken Hierarchy
eclipse.pde.ui-20120509-1450,org.eclipse.pde.internal.ui.refactoring,ManifestTypeRenameParticipant,Unutilized Abstraction
eclipse.pde.ui-20120509-1450,org.eclipse.pde.internal.ui.refactoring,ManifestTypeRenameParticipant,Broken Hierarchy
eclipse.pde.ui-20120509-1450,org.eclipse.pde.internal.ui.refactoring,PDEMoveParticipant,Unutilized Abstraction
eclipse.pde.ui-20120509-1450,org.eclipse.pde.internal.ui.refactoring,PDERenameParticipant,Unutilized Abstraction
eclipse.pde.ui-20120509-1450,org.eclipse.pde.internal.ui.refactoring,PluginManifestChange,Imperative Abstraction
eclipse.pde.ui-20120509-1450,org.eclipse.pde.internal.ui.refactoring,RenameExtensionPointProcessor,Unutilized Abstraction
eclipse.pde.ui-20120509-1450,org.eclipse.pde.internal.ui.refactoring,RenameExtensionPointWizard,Unutilized Abstraction
eclipse.pde.ui-20120509-1450,org.eclipse.pde.internal.ui.refactoring,RenamePluginProcessor,Unutilized Abstraction
eclipse.pde.ui-20120509-1450,org.eclipse.pde.internal.ui.refactoring,RenamePluginWizard,Unutilized Abstraction
eclipse.pde.ui-20120509-1450,org.eclipse.pde.internal.ui.refactoring,RenamePluginWizardPage,Unutilized Abstraction
eclipse.pde.ui-20120509-1450,org.eclipse.pde.internal.ui.refactoring,ResourceMoveParticipant,Unutilized Abstraction
eclipse.pde.ui-20120509-1450,org.eclipse.pde.internal.ui.search,AbstractSearchResultPage,Unutilized Abstraction
eclipse.pde.ui-20120509-1450,org.eclipse.pde.internal.ui.search,ContentProvider,Unutilized Abstraction
eclipse.pde.ui-20120509-1450,org.eclipse.pde.internal.ui.search,AttributesMatch,Deficient Encapsulation
eclipse.pde.ui-20120509-1450,org.eclipse.pde.internal.ui.search,BaseSearchAction,Unutilized Abstraction
eclipse.pde.ui-20120509-1450,org.eclipse.pde.internal.ui.search,ClassSearchParticipant,Unutilized Abstraction
eclipse.pde.ui-20120509-1450,org.eclipse.pde.internal.ui.search,ExtensionsPatternFilter,Deficient Encapsulation
eclipse.pde.ui-20120509-1450,org.eclipse.pde.internal.ui.search,ExtensionsPatternFilter,Cyclic-Dependent Modularization
eclipse.pde.ui-20120509-1450,org.eclipse.pde.internal.ui.search,FindDeclarationsAction,Unutilized Abstraction
eclipse.pde.ui-20120509-1450,org.eclipse.pde.internal.ui.search,FindDeclarationsAction,Broken Hierarchy
eclipse.pde.ui-20120509-1450,org.eclipse.pde.internal.ui.search,FindPluginReferencesAction,Unutilized Abstraction
eclipse.pde.ui-20120509-1450,org.eclipse.pde.internal.ui.search,FindReferencesAction,Unutilized Abstraction
eclipse.pde.ui-20120509-1450,org.eclipse.pde.internal.ui.search,FindReferencesAction,Broken Hierarchy
eclipse.pde.ui-20120509-1450,org.eclipse.pde.internal.ui.search,OpenPluginSearchPageAction,Unutilized Abstraction
eclipse.pde.ui-20120509-1450,org.eclipse.pde.internal.ui.search,PluginSearchActionGroup,Cyclic-Dependent Modularization
eclipse.pde.ui-20120509-1450,org.eclipse.pde.internal.ui.search,PluginSearchPage,Unutilized Abstraction
eclipse.pde.ui-20120509-1450,org.eclipse.pde.internal.ui.search,PluginSearchPage,Deficient Encapsulation
eclipse.pde.ui-20120509-1450,org.eclipse.pde.internal.ui.search,QueryData,Unutilized Abstraction
eclipse.pde.ui-20120509-1450,org.eclipse.pde.internal.ui.search,QueryData,Deficient Encapsulation
eclipse.pde.ui-20120509-1450,org.eclipse.pde.internal.ui.search,PluginSearchQuery,Unutilized Abstraction
eclipse.pde.ui-20120509-1450,org.eclipse.pde.internal.ui.search,PluginSearchResultPage,Unutilized Abstraction
eclipse.pde.ui-20120509-1450,org.eclipse.pde.internal.ui.search,SearchLabelProvider,Unutilized Abstraction
eclipse.pde.ui-20120509-1450,org.eclipse.pde.internal.ui.search.dependencies,AddNewBinaryDependenciesOperation,Unutilized Abstraction
eclipse.pde.ui-20120509-1450,org.eclipse.pde.internal.ui.search.dependencies,AddNewBinaryDependenciesOperation,Broken Hierarchy
eclipse.pde.ui-20120509-1450,org.eclipse.pde.internal.ui.search.dependencies,AddDependenciesOperation,Unutilized Abstraction
eclipse.pde.ui-20120509-1450,org.eclipse.pde.internal.ui.search.dependencies,AddDependenciesOperation,Broken Hierarchy
eclipse.pde.ui-20120509-1450,org.eclipse.pde.internal.ui.search.dependencies,CalculateUsesAction,Unutilized Abstraction
eclipse.pde.ui-20120509-1450,org.eclipse.pde.internal.ui.search.dependencies,DependencyExtentAction,Unutilized Abstraction
eclipse.pde.ui-20120509-1450,org.eclipse.pde.internal.ui.search.dependencies,TypeReferenceSearchRequestor,Unutilized Abstraction
eclipse.pde.ui-20120509-1450,org.eclipse.pde.internal.ui.search.dependencies,TypeDeclarationSearchRequestor,Unutilized Abstraction
eclipse.pde.ui-20120509-1450,org.eclipse.pde.internal.ui.search.dependencies,DependencyExtentSearchResultPage,Unutilized Abstraction
eclipse.pde.ui-20120509-1450,org.eclipse.pde.internal.ui.search.dependencies,Comparator,Unutilized Abstraction
eclipse.pde.ui-20120509-1450,org.eclipse.pde.internal.ui.search.dependencies,LabelProvider,Unutilized Abstraction
eclipse.pde.ui-20120509-1450,org.eclipse.pde.internal.ui.search.dependencies,Requestor,Unutilized Abstraction
eclipse.pde.ui-20120509-1450,org.eclipse.pde.internal.ui.search.dependencies,ShowResultsAction,Unutilized Abstraction
eclipse.pde.ui-20120509-1450,org.eclipse.pde.internal.ui.search.dependencies,UnusedDependenciesAction,Unutilized Abstraction
eclipse.pde.ui-20120509-1450,org.eclipse.pde.internal.ui.search.dependencies,UnusedDependenciesJob,Unutilized Abstraction
eclipse.pde.ui-20120509-1450,org.eclipse.pde.internal.ui.search.dependencies,Comparator,Unutilized Abstraction
eclipse.pde.ui-20120509-1450,org.eclipse.pde.internal.ui.search.dependencies,ContentProvider,Unutilized Abstraction
eclipse.pde.ui-20120509-1450,org.eclipse.pde.internal.ui.search.dialogs,IUWrapperLabelProvider,Unutilized Abstraction
eclipse.pde.ui-20120509-1450,org.eclipse.pde.internal.ui.search.dialogs,IUItemsFilter,Unutilized Abstraction
eclipse.pde.ui-20120509-1450,org.eclipse.pde.internal.ui.search.dialogs,FilteredPluginArtifactsSelectionDialog,Insufficient Modularization
eclipse.pde.ui-20120509-1450,org.eclipse.pde.internal.ui.search.dialogs,DetailedLabelProvider,Unutilized Abstraction
eclipse.pde.ui-20120509-1450,org.eclipse.pde.internal.ui.search.dialogs,ExtensionsAction,Unutilized Abstraction
eclipse.pde.ui-20120509-1450,org.eclipse.pde.internal.ui.search.dialogs,ExtensionPointsAction,Unutilized Abstraction
eclipse.pde.ui-20120509-1450,org.eclipse.pde.internal.ui.search.dialogs,ExportedPackagesAction,Unutilized Abstraction
eclipse.pde.ui-20120509-1450,org.eclipse.pde.internal.ui.search.dialogs,FeaturesAction,Unutilized Abstraction
eclipse.pde.ui-20120509-1450,org.eclipse.pde.internal.ui.search.dialogs,PluginSearchSelectionHistory,Unutilized Abstraction
eclipse.pde.ui-20120509-1450,org.eclipse.pde.internal.ui.search.dialogs,PluginSearchItemsFilter,Unutilized Abstraction
eclipse.pde.ui-20120509-1450,org.eclipse.pde.internal.ui.search.dialogs,PluginSearchComparator,Unutilized Abstraction
eclipse.pde.ui-20120509-1450,org.eclipse.pde.internal.ui.search.dialogs,PluginArtifactSearchHandler,Unutilized Abstraction
eclipse.pde.ui-20120509-1450,org.eclipse.pde.internal.ui.shared.target,AddBundleContainerSelectionPage,Insufficient Modularization
eclipse.pde.ui-20120509-1450,org.eclipse.pde.internal.ui.shared.target,AbstractBundleContainerNode,Unutilized Abstraction
eclipse.pde.ui-20120509-1450,org.eclipse.pde.internal.ui.shared.target,AddFeatureContainersPage,Unutilized Abstraction
eclipse.pde.ui-20120509-1450,org.eclipse.pde.internal.ui.shared.target,CreateContainerJob,Unutilized Abstraction
eclipse.pde.ui-20120509-1450,org.eclipse.pde.internal.ui.shared.target,EditFeatureContainerPage,Unutilized Abstraction
eclipse.pde.ui-20120509-1450,org.eclipse.pde.internal.ui.shared.target,EditIUContainerPage,Unutilized Abstraction
eclipse.pde.ui-20120509-1450,org.eclipse.pde.internal.ui.shared.target,IUContentProvider,Unutilized Abstraction
eclipse.pde.ui-20120509-1450,org.eclipse.pde.internal.ui.shared.target,IUFactory,Unutilized Abstraction
eclipse.pde.ui-20120509-1450,org.eclipse.pde.internal.ui.shared.target,InstallableUnitWizard,Unutilized Abstraction
eclipse.pde.ui-20120509-1450,org.eclipse.pde.internal.ui.shared.target,Messages,Deficient Encapsulation
eclipse.pde.ui-20120509-1450,org.eclipse.pde.internal.ui.shared.target,PreviewContainerPage,Unutilized Abstraction
eclipse.pde.ui-20120509-1450,org.eclipse.pde.internal.ui.shared.target,StyledBundleLabelProvider,Unutilized Abstraction
eclipse.pde.ui-20120509-1450,org.eclipse.pde.internal.ui.shared.target,TargetContentsGroup,Insufficient Modularization
eclipse.pde.ui-20120509-1450,org.eclipse.pde.internal.ui.shared.target,TreeContentProvider,Unutilized Abstraction
eclipse.pde.ui-20120509-1450,org.eclipse.pde.internal.ui.shared.target,TargetLocationLabelProvider,Unutilized Abstraction
eclipse.pde.ui-20120509-1450,org.eclipse.pde.internal.ui.shared.target,TargetLocationsGroup,Insufficient Modularization
eclipse.pde.ui-20120509-1450,org.eclipse.pde.internal.ui.shared.target,TargetLocationContentProvider,Unutilized Abstraction
eclipse.pde.ui-20120509-1450,org.eclipse.pde.internal.ui.shared.target,UpdateTargetJob,Deficient Encapsulation
eclipse.pde.ui-20120509-1450,org.eclipse.pde.internal.ui.util,AbstractOverlayIcon,Unutilized Abstraction
eclipse.pde.ui-20120509-1450,org.eclipse.pde.internal.ui.util,AcceleratedTreeScrolling,Unutilized Abstraction
eclipse.pde.ui-20120509-1450,org.eclipse.pde.internal.ui.util,ChoicePropertyDescriptor,Unutilized Abstraction
eclipse.pde.ui-20120509-1450,org.eclipse.pde.internal.ui.util,ExtensionsFilterUtil,Deficient Encapsulation
eclipse.pde.ui-20120509-1450,org.eclipse.pde.internal.ui.util,ExtensionsFilterUtil,Cyclic-Dependent Modularization
eclipse.pde.ui-20120509-1450,org.eclipse.pde.internal.ui.util,FileExtensionFilter,Unutilized Abstraction
eclipse.pde.ui-20120509-1450,org.eclipse.pde.internal.ui.util,FileNameFilter,Unutilized Abstraction
eclipse.pde.ui-20120509-1450,org.eclipse.pde.internal.ui.util,FileValidator,Unutilized Abstraction
eclipse.pde.ui-20120509-1450,org.eclipse.pde.internal.ui.util,ImageOverlayIcon,Unutilized Abstraction
eclipse.pde.ui-20120509-1450,org.eclipse.pde.internal.ui.util,ImageOverlayIcon,Broken Hierarchy
eclipse.pde.ui-20120509-1450,org.eclipse.pde.internal.ui.util,ModelModification,Cyclic-Dependent Modularization
eclipse.pde.ui-20120509-1450,org.eclipse.pde.internal.ui.util,OSGiConsole,Deficient Encapsulation
eclipse.pde.ui-20120509-1450,org.eclipse.pde.internal.ui.util,OSGiConsole,Cyclic-Dependent Modularization
eclipse.pde.ui-20120509-1450,org.eclipse.pde.internal.ui.util,OSGiConsoleFactory,Cyclic-Dependent Modularization
eclipse.pde.ui-20120509-1450,org.eclipse.pde.internal.ui.util,OSGiConsolePageParticipant,Unutilized Abstraction
eclipse.pde.ui-20120509-1450,org.eclipse.pde.internal.ui.util,OverlayIcon,Unutilized Abstraction
eclipse.pde.ui-20120509-1450,org.eclipse.pde.internal.ui.util,OverlayIcon,Broken Hierarchy
eclipse.pde.ui-20120509-1450,org.eclipse.pde.internal.ui.util,PDEModelUtility,Deficient Encapsulation
eclipse.pde.ui-20120509-1450,org.eclipse.pde.internal.ui.util,PDEModelUtility,Cyclic-Dependent Modularization
eclipse.pde.ui-20120509-1450,org.eclipse.pde.internal.ui.util,PDEModelUtility,Insufficient Modularization
eclipse.pde.ui-20120509-1450,org.eclipse.pde.internal.ui.util,PersistablePluginObject,Deficient Encapsulation
eclipse.pde.ui-20120509-1450,org.eclipse.pde.internal.ui.util,PluginAdapter,Unutilized Abstraction
eclipse.pde.ui-20120509-1450,org.eclipse.pde.internal.ui.util,PluginWorkingSet,Unutilized Abstraction
eclipse.pde.ui-20120509-1450,org.eclipse.pde.internal.ui.util,PluginWorkingSet,Insufficient Modularization
eclipse.pde.ui-20120509-1450,org.eclipse.pde.internal.ui.util,ContentProvider,Unutilized Abstraction
eclipse.pde.ui-20120509-1450,org.eclipse.pde.internal.ui.util,WorkingSetLabelProvider,Unutilized Abstraction
eclipse.pde.ui-20120509-1450,org.eclipse.pde.internal.ui.util,CheckboxFilteredTree,Unutilized Abstraction
eclipse.pde.ui-20120509-1450,org.eclipse.pde.internal.ui.util,SharedLabelProvider,Deficient Encapsulation
eclipse.pde.ui-20120509-1450,org.eclipse.pde.internal.ui.util,Position,Unutilized Abstraction
eclipse.pde.ui-20120509-1450,org.eclipse.pde.internal.ui.util,TemplateFileGenerator,Unutilized Abstraction
eclipse.pde.ui-20120509-1450,org.eclipse.pde.internal.ui.util,TemplateFileGenerator,Deficient Encapsulation
eclipse.pde.ui-20120509-1450,org.eclipse.pde.internal.ui.util,TemplateFileGenerator,Insufficient Modularization
eclipse.pde.ui-20120509-1450,org.eclipse.pde.internal.ui.views.dependencies,CalleesContentProvider,Unutilized Abstraction
eclipse.pde.ui-20120509-1450,org.eclipse.pde.internal.ui.views.dependencies,CalleesContentProvider,Broken Hierarchy
eclipse.pde.ui-20120509-1450,org.eclipse.pde.internal.ui.views.dependencies,CalleesListContentProvider,Unutilized Abstraction
eclipse.pde.ui-20120509-1450,org.eclipse.pde.internal.ui.views.dependencies,CalleesListContentProvider,Broken Hierarchy
eclipse.pde.ui-20120509-1450,org.eclipse.pde.internal.ui.views.dependencies,CalleesTreeContentProvider,Unutilized Abstraction
eclipse.pde.ui-20120509-1450,org.eclipse.pde.internal.ui.views.dependencies,CalleesTreeContentProvider,Broken Hierarchy
eclipse.pde.ui-20120509-1450,org.eclipse.pde.internal.ui.views.dependencies,CallersContentProvider,Unutilized Abstraction
eclipse.pde.ui-20120509-1450,org.eclipse.pde.internal.ui.views.dependencies,CallersContentProvider,Broken Hierarchy
eclipse.pde.ui-20120509-1450,org.eclipse.pde.internal.ui.views.dependencies,CallersListContentProvider,Unutilized Abstraction
eclipse.pde.ui-20120509-1450,org.eclipse.pde.internal.ui.views.dependencies,CallersListContentProvider,Broken Hierarchy
eclipse.pde.ui-20120509-1450,org.eclipse.pde.internal.ui.views.dependencies,CallersTreeContentProvider,Unutilized Abstraction
eclipse.pde.ui-20120509-1450,org.eclipse.pde.internal.ui.views.dependencies,CallersTreeContentProvider,Broken Hierarchy
eclipse.pde.ui-20120509-1450,org.eclipse.pde.internal.ui.views.dependencies,DependenciesView,Deficient Encapsulation
eclipse.pde.ui-20120509-1450,org.eclipse.pde.internal.ui.views.dependencies,DependenciesView,Cyclic-Dependent Modularization
eclipse.pde.ui-20120509-1450,org.eclipse.pde.internal.ui.views.dependencies,DependenciesView,Insufficient Modularization
eclipse.pde.ui-20120509-1450,org.eclipse.pde.internal.ui.views.dependencies,DummyPart,Unutilized Abstraction
eclipse.pde.ui-20120509-1450,org.eclipse.pde.internal.ui.views.dependencies,ShowLoopsAction,Unutilized Abstraction
eclipse.pde.ui-20120509-1450,org.eclipse.pde.internal.ui.views.dependencies,ShowCalleesAction,Unutilized Abstraction
eclipse.pde.ui-20120509-1450,org.eclipse.pde.internal.ui.views.dependencies,ShowCallersAction,Unutilized Abstraction
eclipse.pde.ui-20120509-1450,org.eclipse.pde.internal.ui.views.dependencies,ShowListAction,Unutilized Abstraction
eclipse.pde.ui-20120509-1450,org.eclipse.pde.internal.ui.views.dependencies,ShowTreeAction,Unutilized Abstraction
eclipse.pde.ui-20120509-1450,org.eclipse.pde.internal.ui.views.dependencies,DependenciesViewListPage,Unutilized Abstraction
eclipse.pde.ui-20120509-1450,org.eclipse.pde.internal.ui.views.dependencies,DependenciesViewListPage,Broken Hierarchy
eclipse.pde.ui-20120509-1450,org.eclipse.pde.internal.ui.views.dependencies,DependenciesViewPage,Unutilized Abstraction
eclipse.pde.ui-20120509-1450,org.eclipse.pde.internal.ui.views.dependencies,DependenciesViewPage,Insufficient Modularization
eclipse.pde.ui-20120509-1450,org.eclipse.pde.internal.ui.views.dependencies,FocusOnSelectionAction,Unutilized Abstraction
eclipse.pde.ui-20120509-1450,org.eclipse.pde.internal.ui.views.dependencies,FragmentFilter,Unutilized Abstraction
eclipse.pde.ui-20120509-1450,org.eclipse.pde.internal.ui.views.dependencies,DependenciesViewPageContentProvider,Unutilized Abstraction
eclipse.pde.ui-20120509-1450,org.eclipse.pde.internal.ui.views.dependencies,DependenciesViewTreePage,Unutilized Abstraction
eclipse.pde.ui-20120509-1450,org.eclipse.pde.internal.ui.views.dependencies,CollapseAllAction,Unutilized Abstraction
eclipse.pde.ui-20120509-1450,org.eclipse.pde.internal.ui.views.dependencies,OptionalFilter,Unutilized Abstraction
eclipse.pde.ui-20120509-1450,org.eclipse.pde.internal.ui.views.dependencies,HistoryAction,Cyclic-Dependent Modularization
eclipse.pde.ui-20120509-1450,org.eclipse.pde.internal.ui.views.dependencies,ImageImageDescriptor,Unutilized Abstraction
eclipse.pde.ui-20120509-1450,org.eclipse.pde.internal.ui.views.dependencies,HistoryDropDownAction,Deficient Encapsulation
eclipse.pde.ui-20120509-1450,org.eclipse.pde.internal.ui.views.dependencies,HistoryDropDownAction,Cyclic-Dependent Modularization
eclipse.pde.ui-20120509-1450,org.eclipse.pde.internal.ui.views.dependencies,HistoryListAction,Unutilized Abstraction
eclipse.pde.ui-20120509-1450,org.eclipse.pde.internal.ui.views.dependencies,ContentProvider,Unutilized Abstraction
eclipse.pde.ui-20120509-1450,org.eclipse.pde.internal.ui.views.dependencies,OpenDependenciesAction,Unutilized Abstraction
eclipse.pde.ui-20120509-1450,org.eclipse.pde.internal.ui.views.dependencies,OpenPluginDependenciesAction,Unutilized Abstraction
eclipse.pde.ui-20120509-1450,org.eclipse.pde.internal.ui.views.dependencies,OpenPluginReferencesAction,Unutilized Abstraction
eclipse.pde.ui-20120509-1450,org.eclipse.pde.internal.ui.views.plugins,AddAllPluginsToJavaSearchHandler,Unutilized Abstraction
eclipse.pde.ui-20120509-1450,org.eclipse.pde.internal.ui.views.plugins,ImportAction,Unutilized Abstraction
eclipse.pde.ui-20120509-1450,org.eclipse.pde.internal.ui.views.plugins,ImportFromRepositoryActionDelegate,Unutilized Abstraction
eclipse.pde.ui-20120509-1450,org.eclipse.pde.internal.ui.views.plugins,JavaSearchAction,Unutilized Abstraction
eclipse.pde.ui-20120509-1450,org.eclipse.pde.internal.ui.views.plugins,JavaSearchOperation,Unutilized Abstraction
eclipse.pde.ui-20120509-1450,org.eclipse.pde.internal.ui.views.plugins,PluginsContentProvider,Cyclic-Dependent Modularization
eclipse.pde.ui-20120509-1450,org.eclipse.pde.internal.ui.views.plugins,PluginsDragAdapter,Unutilized Abstraction
eclipse.pde.ui-20120509-1450,org.eclipse.pde.internal.ui.views.plugins,PluginsLabelProvider,Unutilized Abstraction
eclipse.pde.ui-20120509-1450,org.eclipse.pde.internal.ui.views.plugins,PluginsView,Cyclic-Dependent Modularization
eclipse.pde.ui-20120509-1450,org.eclipse.pde.internal.ui.views.plugins,PluginsView,Insufficient Modularization
eclipse.pde.ui-20120509-1450,org.eclipse.pde.internal.ui.views.plugins,DisabledFilter,Unutilized Abstraction
eclipse.pde.ui-20120509-1450,org.eclipse.pde.internal.ui.views.plugins,WorkspaceFilter,Unutilized Abstraction
eclipse.pde.ui-20120509-1450,org.eclipse.pde.internal.ui.views.plugins,JavaFilter,Unutilized Abstraction
eclipse.pde.ui-20120509-1450,org.eclipse.pde.internal.ui.views.plugins,CollapseAllAction,Unutilized Abstraction
eclipse.pde.ui-20120509-1450,org.eclipse.pde.internal.ui.views.target,StateViewPage,Unutilized Abstraction
eclipse.pde.ui-20120509-1450,org.eclipse.pde.internal.ui.views.target,StateViewPage,Insufficient Modularization
eclipse.pde.ui-20120509-1450,org.eclipse.pde.internal.ui.views.target,DependencyGroup,Unutilized Abstraction
eclipse.pde.ui-20120509-1450,org.eclipse.pde.internal.ui.views.target,StateContentProvider,Unutilized Abstraction
eclipse.pde.ui-20120509-1450,org.eclipse.pde.internal.ui.views.target,StateLabelProvider,Unutilized Abstraction
eclipse.pde.ui-20120509-1450,org.eclipse.pde.internal.ui.views.target,TargetStateView,Unutilized Abstraction
eclipse.pde.ui-20120509-1450,org.eclipse.pde.internal.ui.views.target,DummyPart,Unutilized Abstraction
eclipse.pde.ui-20120509-1450,org.eclipse.pde.internal.ui.wizards,BaseWizardSelectionPage,Unutilized Abstraction
eclipse.pde.ui-20120509-1450,org.eclipse.pde.internal.ui.wizards,Category,Unutilized Abstraction
eclipse.pde.ui-20120509-1450,org.eclipse.pde.internal.ui.wizards,Category,Deficient Encapsulation
eclipse.pde.ui-20120509-1450,org.eclipse.pde.internal.ui.wizards,IDefaultValueConsumer,Unutilized Abstraction
eclipse.pde.ui-20120509-1450,org.eclipse.pde.internal.ui.wizards,ListUtil,Multifaceted Abstraction
eclipse.pde.ui-20120509-1450,org.eclipse.pde.internal.ui.wizards,ListUtil,Deficient Encapsulation
eclipse.pde.ui-20120509-1450,org.eclipse.pde.internal.ui.wizards,NameComparator,Unutilized Abstraction
eclipse.pde.ui-20120509-1450,org.eclipse.pde.internal.ui.wizards,FeatureComparator,Unutilized Abstraction
eclipse.pde.ui-20120509-1450,org.eclipse.pde.internal.ui.wizards,FeatureComparator,Broken Hierarchy
eclipse.pde.ui-20120509-1450,org.eclipse.pde.internal.ui.wizards,PluginComparator,Unutilized Abstraction
eclipse.pde.ui-20120509-1450,org.eclipse.pde.internal.ui.wizards,PluginComparator,Broken Hierarchy
eclipse.pde.ui-20120509-1450,org.eclipse.pde.internal.ui.wizards,TableLabelProvider,Unutilized Abstraction
eclipse.pde.ui-20120509-1450,org.eclipse.pde.internal.ui.wizards,NewWizard,Unutilized Abstraction
eclipse.pde.ui-20120509-1450,org.eclipse.pde.internal.ui.wizards,PDEWizardNewFileCreationPage,Unutilized Abstraction
eclipse.pde.ui-20120509-1450,org.eclipse.pde.internal.ui.wizards,RequiredPluginsContainerPage,Unutilized Abstraction
eclipse.pde.ui-20120509-1450,org.eclipse.pde.internal.ui.wizards,EntryContentProvider,Unutilized Abstraction
eclipse.pde.ui-20120509-1450,org.eclipse.pde.internal.ui.wizards,EntryLabelProvider,Unutilized Abstraction
eclipse.pde.ui-20120509-1450,org.eclipse.pde.internal.ui.wizards,ResizableWizardDialog,Unutilized Abstraction
eclipse.pde.ui-20120509-1450,org.eclipse.pde.internal.ui.wizards,WizardCollectionComparator,Unutilized Abstraction
eclipse.pde.ui-20120509-1450,org.eclipse.pde.internal.ui.wizards,WizardCollectionElement,Deficient Encapsulation
eclipse.pde.ui-20120509-1450,org.eclipse.pde.internal.ui.wizards,WizardElement,Deficient Encapsulation
eclipse.pde.ui-20120509-1450,org.eclipse.pde.internal.ui.wizards,WizardListSelectionPage,Unutilized Abstraction
eclipse.pde.ui-20120509-1450,org.eclipse.pde.internal.ui.wizards,WizardListSelectionPage,Broken Hierarchy
eclipse.pde.ui-20120509-1450,org.eclipse.pde.internal.ui.wizards,WizardNode,Unutilized Abstraction
eclipse.pde.ui-20120509-1450,org.eclipse.pde.internal.ui.wizards,WizardTreeSelectionPage,Unutilized Abstraction
eclipse.pde.ui-20120509-1450,org.eclipse.pde.internal.ui.wizards,WizardTreeSelectionPage,Broken Hierarchy
eclipse.pde.ui-20120509-1450,org.eclipse.pde.internal.ui.wizards.category,NewCategoryCreationOperation,Unutilized Abstraction
eclipse.pde.ui-20120509-1450,org.eclipse.pde.internal.ui.wizards.category,NewCategoryDefinitionWizard,Unutilized Abstraction
eclipse.pde.ui-20120509-1450,org.eclipse.pde.internal.ui.wizards.exports,AbstractExportTab,Unutilized Abstraction
eclipse.pde.ui-20120509-1450,org.eclipse.pde.internal.ui.wizards.exports,AntGeneratingExportWizard,Unutilized Abstraction
eclipse.pde.ui-20120509-1450,org.eclipse.pde.internal.ui.wizards.exports,AntGeneratingExportWizard,Broken Hierarchy
eclipse.pde.ui-20120509-1450,org.eclipse.pde.internal.ui.wizards.exports,BaseExportWizard,Unutilized Abstraction
eclipse.pde.ui-20120509-1450,org.eclipse.pde.internal.ui.wizards.exports,BaseExportWizardPage,Broken Hierarchy
eclipse.pde.ui-20120509-1450,org.eclipse.pde.internal.ui.wizards.exports,BaseExportWizardPage,Cyclic-Dependent Modularization
eclipse.pde.ui-20120509-1450,org.eclipse.pde.internal.ui.wizards.exports,BaseExportWizardPage,Insufficient Modularization
eclipse.pde.ui-20120509-1450,org.eclipse.pde.internal.ui.wizards.exports,ExportListProvider,Unutilized Abstraction
eclipse.pde.ui-20120509-1450,org.eclipse.pde.internal.ui.wizards.exports,ExportPart,Unutilized Abstraction
eclipse.pde.ui-20120509-1450,org.eclipse.pde.internal.ui.wizards.exports,Configuration,Unutilized Abstraction
eclipse.pde.ui-20120509-1450,org.eclipse.pde.internal.ui.wizards.exports,ContentProvider,Unutilized Abstraction
eclipse.pde.ui-20120509-1450,org.eclipse.pde.internal.ui.wizards.exports,PlatformPart,Unutilized Abstraction
eclipse.pde.ui-20120509-1450,org.eclipse.pde.internal.ui.wizards.exports,ExportDestinationTab,Unutilized Abstraction
eclipse.pde.ui-20120509-1450,org.eclipse.pde.internal.ui.wizards.exports,ExportOptionsTab,Unutilized Abstraction
eclipse.pde.ui-20120509-1450,org.eclipse.pde.internal.ui.wizards.exports,ExportOptionsTab,Broken Hierarchy
eclipse.pde.ui-20120509-1450,org.eclipse.pde.internal.ui.wizards.exports,ExportOptionsTab,Cyclic-Dependent Modularization
eclipse.pde.ui-20120509-1450,org.eclipse.pde.internal.ui.wizards.exports,ExportOptionsTab,Insufficient Modularization
eclipse.pde.ui-20120509-1450,org.eclipse.pde.internal.ui.wizards.exports,FeatureDestinationTab,Unutilized Abstraction
eclipse.pde.ui-20120509-1450,org.eclipse.pde.internal.ui.wizards.exports,FeatureExportWizard,Unutilized Abstraction
eclipse.pde.ui-20120509-1450,org.eclipse.pde.internal.ui.wizards.exports,FeatureOptionsTab,Unutilized Abstraction
eclipse.pde.ui-20120509-1450,org.eclipse.pde.internal.ui.wizards.exports,JARSigningTab,Cyclic-Dependent Modularization
eclipse.pde.ui-20120509-1450,org.eclipse.pde.internal.ui.wizards.exports,PluginExportWizard,Unutilized Abstraction
eclipse.pde.ui-20120509-1450,org.eclipse.pde.internal.ui.wizards.exports,PluginExportWizard,Broken Hierarchy
eclipse.pde.ui-20120509-1450,org.eclipse.pde.internal.ui.wizards.exports,PluginExportWizardPage,Unutilized Abstraction
eclipse.pde.ui-20120509-1450,org.eclipse.pde.internal.ui.wizards.exports,ProductConfigurationSection,Cyclic-Dependent Modularization
eclipse.pde.ui-20120509-1450,org.eclipse.pde.internal.ui.wizards.exports,ProductDestinationGroup,Unutilized Abstraction
eclipse.pde.ui-20120509-1450,org.eclipse.pde.internal.ui.wizards.exports,ProductExportWizard,Unutilized Abstraction
eclipse.pde.ui-20120509-1450,org.eclipse.pde.internal.ui.wizards.exports,ProductExportWizard,Broken Hierarchy
eclipse.pde.ui-20120509-1450,org.eclipse.pde.internal.ui.wizards.exports,ProductExportWizardPage,Broken Hierarchy
eclipse.pde.ui-20120509-1450,org.eclipse.pde.internal.ui.wizards.exports,ProductExportWizardPage,Cyclic-Dependent Modularization
eclipse.pde.ui-20120509-1450,org.eclipse.pde.internal.ui.wizards.extension,BaseExtensionPointMainPage,Unutilized Abstraction
eclipse.pde.ui-20120509-1450,org.eclipse.pde.internal.ui.wizards.extension,BaseExtensionPointMainPage,Deficient Encapsulation
eclipse.pde.ui-20120509-1450,org.eclipse.pde.internal.ui.wizards.extension,BaseExtensionPointMainPage,Insufficient Modularization
eclipse.pde.ui-20120509-1450,org.eclipse.pde.internal.ui.wizards.extension,ExtensionEditorWizard,Deficient Encapsulation
eclipse.pde.ui-20120509-1450,org.eclipse.pde.internal.ui.wizards.extension,NewExtensionPointMainPage,Unutilized Abstraction
eclipse.pde.ui-20120509-1450,org.eclipse.pde.internal.ui.wizards.extension,NewExtensionPointWizard,Cyclic-Dependent Modularization
eclipse.pde.ui-20120509-1450,org.eclipse.pde.internal.ui.wizards.extension,NewExtensionRegistryReader,Deficient Encapsulation
eclipse.pde.ui-20120509-1450,org.eclipse.pde.internal.ui.wizards.extension,NewExtensionWizard,Deficient Encapsulation
eclipse.pde.ui-20120509-1450,org.eclipse.pde.internal.ui.wizards.extension,NewExtensionWizard,Cyclic-Dependent Modularization
eclipse.pde.ui-20120509-1450,org.eclipse.pde.internal.ui.wizards.extension,NewSchemaFileMainPage,Unutilized Abstraction
eclipse.pde.ui-20120509-1450,org.eclipse.pde.internal.ui.wizards.extension,PointSelectionPage,Cyclic-Dependent Modularization
eclipse.pde.ui-20120509-1450,org.eclipse.pde.internal.ui.wizards.extension,PointSelectionPage,Insufficient Modularization
eclipse.pde.ui-20120509-1450,org.eclipse.pde.internal.ui.wizards.extension,PointFilter,Unutilized Abstraction
eclipse.pde.ui-20120509-1450,org.eclipse.pde.internal.ui.wizards.extension,WildcardFilter,Unutilized Abstraction
eclipse.pde.ui-20120509-1450,org.eclipse.pde.internal.ui.wizards.extension,TemplateContentProvider,Unutilized Abstraction
eclipse.pde.ui-20120509-1450,org.eclipse.pde.internal.ui.wizards.extension,PointContentProvider,Unutilized Abstraction
eclipse.pde.ui-20120509-1450,org.eclipse.pde.internal.ui.wizards.extension,PointLabelProvider,Unutilized Abstraction
eclipse.pde.ui-20120509-1450,org.eclipse.pde.internal.ui.wizards.feature,AbstractCreateFeatureOperation,Unutilized Abstraction
eclipse.pde.ui-20120509-1450,org.eclipse.pde.internal.ui.wizards.feature,AbstractNewFeatureWizard,Deficient Encapsulation
eclipse.pde.ui-20120509-1450,org.eclipse.pde.internal.ui.wizards.feature,BasePluginListPage,Unutilized Abstraction
eclipse.pde.ui-20120509-1450,org.eclipse.pde.internal.ui.wizards.feature,CreateFeaturePatchOperation,Unutilized Abstraction
eclipse.pde.ui-20120509-1450,org.eclipse.pde.internal.ui.wizards.feature,CreateFeaturePatchOperation,Broken Hierarchy
eclipse.pde.ui-20120509-1450,org.eclipse.pde.internal.ui.wizards.feature,CreateFeatureProjectFromLaunchOperation,Unutilized Abstraction
eclipse.pde.ui-20120509-1450,org.eclipse.pde.internal.ui.wizards.feature,CreateFeatureProjectFromLaunchOperation,Broken Hierarchy
eclipse.pde.ui-20120509-1450,org.eclipse.pde.internal.ui.wizards.feature,CreateFeatureProjectOperation,Unutilized Abstraction
eclipse.pde.ui-20120509-1450,org.eclipse.pde.internal.ui.wizards.feature,CreateFeatureProjectOperation,Broken Hierarchy
eclipse.pde.ui-20120509-1450,org.eclipse.pde.internal.ui.wizards.feature,FeatureData,Deficient Encapsulation
eclipse.pde.ui-20120509-1450,org.eclipse.pde.internal.ui.wizards.feature,FeatureSpecPage,Unutilized Abstraction
eclipse.pde.ui-20120509-1450,org.eclipse.pde.internal.ui.wizards.feature,NewFeaturePatchWizard,Unutilized Abstraction
eclipse.pde.ui-20120509-1450,org.eclipse.pde.internal.ui.wizards.feature,NewFeaturePatchWizard,Broken Hierarchy
eclipse.pde.ui-20120509-1450,org.eclipse.pde.internal.ui.wizards.feature,OpenProjectWizardAction,Unutilized Abstraction
eclipse.pde.ui-20120509-1450,org.eclipse.pde.internal.ui.wizards.feature,PatchSpecPage,Unutilized Abstraction
eclipse.pde.ui-20120509-1450,org.eclipse.pde.internal.ui.wizards.feature,PluginListPage,Unutilized Abstraction
eclipse.pde.ui-20120509-1450,org.eclipse.pde.internal.ui.wizards.feature,PluginContentProvider,Unutilized Abstraction
eclipse.pde.ui-20120509-1450,org.eclipse.pde.internal.ui.wizards.imports,AlternateSourceLocations,Unutilized Abstraction
eclipse.pde.ui-20120509-1450,org.eclipse.pde.internal.ui.wizards.imports,ContentProvider,Unutilized Abstraction
eclipse.pde.ui-20120509-1450,org.eclipse.pde.internal.ui.wizards.imports,BinaryProjectFilter,Unutilized Abstraction
eclipse.pde.ui-20120509-1450,org.eclipse.pde.internal.ui.wizards.imports,ExternalPluginLibrariesFilter,Unutilized Abstraction
eclipse.pde.ui-20120509-1450,org.eclipse.pde.internal.ui.wizards.imports,FeatureImportOperation,Deficient Encapsulation
eclipse.pde.ui-20120509-1450,org.eclipse.pde.internal.ui.wizards.imports,IReplaceQuery,Deficient Encapsulation
eclipse.pde.ui-20120509-1450,org.eclipse.pde.internal.ui.wizards.imports,FeatureImportWizard,Unutilized Abstraction
eclipse.pde.ui-20120509-1450,org.eclipse.pde.internal.ui.wizards.imports,ReplaceQuery,Unutilized Abstraction
eclipse.pde.ui-20120509-1450,org.eclipse.pde.internal.ui.wizards.imports,FeatureImportWizardPage,Insufficient Modularization
eclipse.pde.ui-20120509-1450,org.eclipse.pde.internal.ui.wizards.imports,ContentProvider,Unutilized Abstraction
eclipse.pde.ui-20120509-1450,org.eclipse.pde.internal.ui.wizards.imports,LocationChangedJob,Unutilized Abstraction
eclipse.pde.ui-20120509-1450,org.eclipse.pde.internal.ui.wizards.imports,PluginContentProvider,Unutilized Abstraction
eclipse.pde.ui-20120509-1450,org.eclipse.pde.internal.ui.wizards.imports,StyledPluginLabelProvider,Unutilized Abstraction
eclipse.pde.ui-20120509-1450,org.eclipse.pde.internal.ui.wizards.imports,ButtonSelectionListener,Unutilized Abstraction
eclipse.pde.ui-20120509-1450,org.eclipse.pde.internal.ui.wizards.imports,PluginImportFinishDialog,Unutilized Abstraction
eclipse.pde.ui-20120509-1450,org.eclipse.pde.internal.ui.wizards.imports,PluginImportTableContentProvider,Unutilized Abstraction
eclipse.pde.ui-20120509-1450,org.eclipse.pde.internal.ui.wizards.imports,PluginImportLabelProvider,Unutilized Abstraction
eclipse.pde.ui-20120509-1450,org.eclipse.pde.internal.ui.wizards.imports,PluginImportOperation,Deficient Encapsulation
eclipse.pde.ui-20120509-1450,org.eclipse.pde.internal.ui.wizards.imports,PluginImportOperation,Insufficient Modularization
eclipse.pde.ui-20120509-1450,org.eclipse.pde.internal.ui.wizards.imports,PluginImportWizardDetailedPage,Unutilized Abstraction
eclipse.pde.ui-20120509-1450,org.eclipse.pde.internal.ui.wizards.imports,PluginImportWizardDetailedPage,Insufficient Modularization
eclipse.pde.ui-20120509-1450,org.eclipse.pde.internal.ui.wizards.imports,ContentProvider,Unutilized Abstraction
eclipse.pde.ui-20120509-1450,org.eclipse.pde.internal.ui.wizards.imports,RepositoryFilter,Unutilized Abstraction
eclipse.pde.ui-20120509-1450,org.eclipse.pde.internal.ui.wizards.imports,PluginImportWizardExpressPage,Unutilized Abstraction
eclipse.pde.ui-20120509-1450,org.eclipse.pde.internal.ui.wizards.imports,PluginContentProvider,Unutilized Abstraction
eclipse.pde.ui-20120509-1450,org.eclipse.pde.internal.ui.wizards.imports,TablePart,Unutilized Abstraction
eclipse.pde.ui-20120509-1450,org.eclipse.pde.internal.ui.wizards.imports,PluginImportWizardFirstPage,Deficient Encapsulation
eclipse.pde.ui-20120509-1450,org.eclipse.pde.internal.ui.wizards.imports,PluginImportWizardFirstPage,Unexploited Encapsulation
eclipse.pde.ui-20120509-1450,org.eclipse.pde.internal.ui.wizards.imports,PluginImportWizardFirstPage,Missing Hierarchy
eclipse.pde.ui-20120509-1450,org.eclipse.pde.internal.ui.wizards.imports,PluginImportWizardFirstPage,Insufficient Modularization
eclipse.pde.ui-20120509-1450,org.eclipse.pde.internal.ui.wizards.imports,RepositoryImportWizard,Unutilized Abstraction
eclipse.pde.ui-20120509-1450,org.eclipse.pde.internal.ui.wizards.plugin,AbstractFieldData,Insufficient Modularization
eclipse.pde.ui-20120509-1450,org.eclipse.pde.internal.ui.wizards.plugin,FragmentContentPage,Unutilized Abstraction
eclipse.pde.ui-20120509-1450,org.eclipse.pde.internal.ui.wizards.plugin,FragmentFieldData,Broken Hierarchy
eclipse.pde.ui-20120509-1450,org.eclipse.pde.internal.ui.wizards.plugin,LibraryPluginFieldData,Broken Hierarchy
eclipse.pde.ui-20120509-1450,org.eclipse.pde.internal.ui.wizards.plugin,NewLibraryPluginCreationOperation,Broken Hierarchy
eclipse.pde.ui-20120509-1450,org.eclipse.pde.internal.ui.wizards.plugin,PropertiesListener,Unutilized Abstraction
eclipse.pde.ui-20120509-1450,org.eclipse.pde.internal.ui.wizards.plugin,BuildpathContentProvider,Unutilized Abstraction
eclipse.pde.ui-20120509-1450,org.eclipse.pde.internal.ui.wizards.plugin,TablePart,Unutilized Abstraction
eclipse.pde.ui-20120509-1450,org.eclipse.pde.internal.ui.wizards.plugin,NewLibraryPluginProjectWizard,Deficient Encapsulation
eclipse.pde.ui-20120509-1450,org.eclipse.pde.internal.ui.wizards.plugin,NewPluginProjectWizard,Deficient Encapsulation
eclipse.pde.ui-20120509-1450,org.eclipse.pde.internal.ui.wizards.plugin,NewProjectCreationFromTemplatePage,Unutilized Abstraction
eclipse.pde.ui-20120509-1450,org.eclipse.pde.internal.ui.wizards.plugin,NewProjectCreationFromTemplatePage,Broken Hierarchy
eclipse.pde.ui-20120509-1450,org.eclipse.pde.internal.ui.wizards.plugin,NewProjectCreationOperation,Unexploited Encapsulation
eclipse.pde.ui-20120509-1450,org.eclipse.pde.internal.ui.wizards.plugin,NewProjectCreationOperation,Missing Hierarchy
eclipse.pde.ui-20120509-1450,org.eclipse.pde.internal.ui.wizards.plugin,NewProjectCreationOperation,Insufficient Modularization
eclipse.pde.ui-20120509-1450,org.eclipse.pde.internal.ui.wizards.plugin,OpenProjectWizardAction,Unutilized Abstraction
eclipse.pde.ui-20120509-1450,org.eclipse.pde.internal.ui.wizards.plugin,PluginContentFromTemplatePage,Unutilized Abstraction
eclipse.pde.ui-20120509-1450,org.eclipse.pde.internal.ui.wizards.plugin,PluginContentFromTemplatePage,Broken Hierarchy
eclipse.pde.ui-20120509-1450,org.eclipse.pde.internal.ui.wizards.plugin,PluginFieldData,Broken Hierarchy
eclipse.pde.ui-20120509-1450,org.eclipse.pde.internal.ui.wizards.plugin,WizardFilter,Unutilized Abstraction
eclipse.pde.ui-20120509-1450,org.eclipse.pde.internal.ui.wizards.plugin,TemplateWizardHelper,Deficient Encapsulation
eclipse.pde.ui-20120509-1450,org.eclipse.pde.internal.ui.wizards.product,BaseManifestOperation,Unutilized Abstraction
eclipse.pde.ui-20120509-1450,org.eclipse.pde.internal.ui.wizards.product,BaseProductCreationOperation,Unutilized Abstraction
eclipse.pde.ui-20120509-1450,org.eclipse.pde.internal.ui.wizards.product,ISplashHandlerConstants,Deficient Encapsulation
eclipse.pde.ui-20120509-1450,org.eclipse.pde.internal.ui.wizards.product,ISplashHandlerConstants,Broken Modularization
eclipse.pde.ui-20120509-1450,org.eclipse.pde.internal.ui.wizards.product,NewProductFileAction,Unutilized Abstraction
eclipse.pde.ui-20120509-1450,org.eclipse.pde.internal.ui.wizards.product,ProductDefinitionOperation,Unutilized Abstraction
eclipse.pde.ui-20120509-1450,org.eclipse.pde.internal.ui.wizards.product,ProductDefinitionOperation,Broken Hierarchy
eclipse.pde.ui-20120509-1450,org.eclipse.pde.internal.ui.wizards.product,ProductDefinitionOperation,Insufficient Modularization
eclipse.pde.ui-20120509-1450,org.eclipse.pde.internal.ui.wizards.product,ProductFileWizardPage,Deficient Encapsulation
eclipse.pde.ui-20120509-1450,org.eclipse.pde.internal.ui.wizards.product,ProductFromConfigOperation,Unutilized Abstraction
eclipse.pde.ui-20120509-1450,org.eclipse.pde.internal.ui.wizards.product,ProductFromConfigOperation,Broken Hierarchy
eclipse.pde.ui-20120509-1450,org.eclipse.pde.internal.ui.wizards.product,ProductFromExtensionOperation,Unutilized Abstraction
eclipse.pde.ui-20120509-1450,org.eclipse.pde.internal.ui.wizards.product,ProductFromExtensionOperation,Broken Hierarchy
eclipse.pde.ui-20120509-1450,org.eclipse.pde.internal.ui.wizards.product,ProductIntroOperation,Unutilized Abstraction
eclipse.pde.ui-20120509-1450,org.eclipse.pde.internal.ui.wizards.product,ProductIntroOperation,Broken Hierarchy
eclipse.pde.ui-20120509-1450,org.eclipse.pde.internal.ui.wizards.product,RemoveSplashHandlerBindingAction,Broken Hierarchy
eclipse.pde.ui-20120509-1450,org.eclipse.pde.internal.ui.wizards.product,SynchronizationOperation,Unutilized Abstraction
eclipse.pde.ui-20120509-1450,org.eclipse.pde.internal.ui.wizards.product,UpdateSplashHandlerAction,Broken Hierarchy
eclipse.pde.ui-20120509-1450,org.eclipse.pde.internal.ui.wizards.product,UpdateSplashHandlerAction,Insufficient Modularization
eclipse.pde.ui-20120509-1450,org.eclipse.pde.internal.ui.wizards.product,UpdateSplashProgressOperation,Deficient Encapsulation
eclipse.pde.ui-20120509-1450,org.eclipse.pde.internal.ui.wizards.product,UpdateSplashProgressOperation,Insufficient Modularization
eclipse.pde.ui-20120509-1450,org.eclipse.pde.internal.ui.wizards.site,NewSiteProjectWizard,Deficient Encapsulation
eclipse.pde.ui-20120509-1450,org.eclipse.pde.internal.ui.wizards.target,EditTargetNode,Unutilized Abstraction
eclipse.pde.ui-20120509-1450,org.eclipse.pde.internal.ui.wizards.target,MoveTargetDefinitionWizard,Unutilized Abstraction
eclipse.pde.ui-20120509-1450,org.eclipse.pde.internal.ui.wizards.target,NewTargetDefinitionWizard,Unutilized Abstraction
eclipse.pde.ui-20120509-1450,org.eclipse.pde.internal.ui.wizards.target,NewTargetDefinitionWizard2,Unutilized Abstraction
eclipse.pde.ui-20120509-1450,org.eclipse.pde.internal.ui.wizards.target,TargetDefinitionContentPage,Unutilized Abstraction
eclipse.pde.ui-20120509-1450,org.eclipse.pde.internal.ui.wizards.target,TargetDefinitionContentPage,Broken Hierarchy
eclipse.pde.ui-20120509-1450,org.eclipse.pde.internal.ui.wizards.target,TargetDefinitionContentPage,Insufficient Modularization
eclipse.pde.ui-20120509-1450,org.eclipse.pde.internal.ui.wizards.target,ResolutionProgressMonitor,Unutilized Abstraction
eclipse.pde.ui-20120509-1450,org.eclipse.pde.internal.ui.wizards.templates,Entry,Unnecessary Abstraction
eclipse.pde.ui-20120509-1450,org.eclipse.pde.internal.ui.wizards.templates,Entry,Unutilized Abstraction
eclipse.pde.ui-20120509-1450,org.eclipse.pde.internal.ui.wizards.templates,NewExtensionTemplateWizard,Unutilized Abstraction
eclipse.pde.ui-20120509-1450,org.eclipse.pde.internal.ui.wizards.templates,NewPluginTemplateChoiceWizard,Unutilized Abstraction
eclipse.pde.ui-20120509-1450,org.eclipse.pde.internal.ui.wizards.templates,LeafNode,Unutilized Abstraction
eclipse.pde.ui-20120509-1450,org.eclipse.pde.internal.ui.wizards.templates,ExpressionNode,Unutilized Abstraction
eclipse.pde.ui-20120509-1450,org.eclipse.pde.internal.ui.wizards.templates,RootEntry,Unnecessary Abstraction
eclipse.pde.ui-20120509-1450,org.eclipse.pde.internal.ui.wizards.templates,RootEntry,Unutilized Abstraction
eclipse.pde.ui-20120509-1450,org.eclipse.pde.internal.ui.wizards.templates,TablePart,Unutilized Abstraction
eclipse.pde.ui-20120509-1450,org.eclipse.pde.internal.ui.wizards.templates,ListContentProvider,Unutilized Abstraction
eclipse.pde.ui-20120509-1450,org.eclipse.pde.internal.ui.wizards.templates,ListLabelProvider,Unutilized Abstraction
eclipse.pde.ui-20120509-1450,org.eclipse.pde.internal.ui.wizards.tools,ConvertJarsAction,Unutilized Abstraction
eclipse.pde.ui-20120509-1450,org.eclipse.pde.internal.ui.wizards.tools,ConvertProjectToPluginOperation,Unutilized Abstraction
eclipse.pde.ui-20120509-1450,org.eclipse.pde.internal.ui.wizards.tools,ConvertProjectsAction,Unutilized Abstraction
eclipse.pde.ui-20120509-1450,org.eclipse.pde.internal.ui.wizards.tools,ProjectLabelProvider,Unutilized Abstraction
eclipse.pde.ui-20120509-1450,org.eclipse.pde.internal.ui.wizards.tools,IOrganizeManifestsSettings,Deficient Encapsulation
eclipse.pde.ui-20120509-1450,org.eclipse.pde.internal.ui.wizards.tools,IOrganizeManifestsSettings,Broken Modularization
eclipse.pde.ui-20120509-1450,org.eclipse.pde.internal.ui.wizards.tools,OrganizeManifest,Broken Hierarchy
eclipse.pde.ui-20120509-1450,org.eclipse.pde.internal.ui.wizards.tools,OrganizeManifest,Cyclic-Dependent Modularization
eclipse.pde.ui-20120509-1450,org.eclipse.pde.internal.ui.wizards.tools,OrganizeManifest,Insufficient Modularization
eclipse.pde.ui-20120509-1450,org.eclipse.pde.internal.ui.wizards.tools,OrganizeManifestsAction,Cyclic-Dependent Modularization
eclipse.pde.ui-20120509-1450,org.eclipse.pde.internal.ui.wizards.tools,OrganizeManifestsProcessor,Broken Hierarchy
eclipse.pde.ui-20120509-1450,org.eclipse.pde.internal.ui.wizards.tools,OrganizeManifestsProcessor,Cyclic-Dependent Modularization
eclipse.pde.ui-20120509-1450,org.eclipse.pde.internal.ui.wizards.tools,OrganizeManifestsProcessor,Insufficient Modularization
eclipse.pde.ui-20120509-1450,org.eclipse.pde.internal.ui.wizards.tools,OrganizeManifestsWizard,Cyclic-Dependent Modularization
eclipse.pde.ui-20120509-1450,org.eclipse.pde.internal.ui.wizards.tools,OrganizeManifestsWizardPage,Broken Hierarchy
eclipse.pde.ui-20120509-1450,org.eclipse.pde.internal.ui.wizards.tools,OrganizeManifestsWizardPage,Cyclic-Dependent Modularization
eclipse.pde.ui-20120509-1450,org.eclipse.pde.internal.ui.wizards.tools,BuildpathContentProvider,Unutilized Abstraction
eclipse.pde.ui-20120509-1450,org.eclipse.pde.internal.ui.wizards.tools,TablePart,Unutilized Abstraction
eclipse.pde.ui-20120509-1450,org.eclipse.pde.internal.ui.wizards.tools,UpdateClasspathAction,Unutilized Abstraction
eclipse.pde.ui-20120509-1450,org.eclipse.pde.internal.ui.wizards.tools,UpdateClasspathWorkspaceRunnable,Unutilized Abstraction
eclipse.pde.ui-20120509-1450,org.eclipse.pde.ui,IBasePluginWizard,Unnecessary Abstraction
eclipse.pde.ui-20120509-1450,org.eclipse.pde.ui,IExtensionEditorWizard,Broken Hierarchy
eclipse.pde.ui-20120509-1450,org.eclipse.pde.ui,IExtensionWizard,Broken Hierarchy
eclipse.pde.ui-20120509-1450,org.eclipse.pde.ui,IFragmentFieldData,Unutilized Abstraction
eclipse.pde.ui-20120509-1450,org.eclipse.pde.ui,IPluginFieldData,Unutilized Abstraction
eclipse.pde.ui-20120509-1450,org.eclipse.pde.ui,IProvisionerWizard,Broken Hierarchy
eclipse.pde.ui-20120509-1450,org.eclipse.pde.ui.launcher,AbstractLaunchShortcut,Unutilized Abstraction
eclipse.pde.ui-20120509-1450,org.eclipse.pde.ui.launcher,AbstractPDELaunchConfiguration,Unnecessary Abstraction
eclipse.pde.ui-20120509-1450,org.eclipse.pde.ui.launcher,AbstractPDELaunchConfiguration,Unutilized Abstraction
eclipse.pde.ui-20120509-1450,org.eclipse.pde.ui.launcher,AbstractPDELaunchConfigurationTabGroup,Unutilized Abstraction
eclipse.pde.ui-20120509-1450,org.eclipse.pde.ui.launcher,ConfigurationTab,Unutilized Abstraction
eclipse.pde.ui-20120509-1450,org.eclipse.pde.ui.launcher,ConfigurationTab,Broken Hierarchy
eclipse.pde.ui-20120509-1450,org.eclipse.pde.ui.launcher,EclipseApplicationLaunchConfiguration,Unutilized Abstraction
eclipse.pde.ui-20120509-1450,org.eclipse.pde.ui.launcher,EclipseApplicationLaunchConfiguration,Broken Hierarchy
eclipse.pde.ui-20120509-1450,org.eclipse.pde.ui.launcher,EclipseLaunchShortcut,Unutilized Abstraction
eclipse.pde.ui-20120509-1450,org.eclipse.pde.ui.launcher,EclipseLaunchShortcut,Deficient Encapsulation
eclipse.pde.ui-20120509-1450,org.eclipse.pde.ui.launcher,EclipseLaunchShortcut,Broken Hierarchy
eclipse.pde.ui-20120509-1450,org.eclipse.pde.ui.launcher,EclipseLauncherTabGroup,Unutilized Abstraction
eclipse.pde.ui-20120509-1450,org.eclipse.pde.ui.launcher,EclipseLauncherTabGroup,Broken Hierarchy
eclipse.pde.ui-20120509-1450,org.eclipse.pde.ui.launcher,EquinoxLaunchConfiguration,Unutilized Abstraction
eclipse.pde.ui-20120509-1450,org.eclipse.pde.ui.launcher,EquinoxLaunchConfiguration,Broken Hierarchy
eclipse.pde.ui-20120509-1450,org.eclipse.pde.ui.launcher,EquinoxPluginsTab,Unutilized Abstraction
eclipse.pde.ui-20120509-1450,org.eclipse.pde.ui.launcher,EquinoxPluginsTab,Broken Hierarchy
eclipse.pde.ui-20120509-1450,org.eclipse.pde.ui.launcher,EquinoxSettingsTab,Unnecessary Abstraction
eclipse.pde.ui-20120509-1450,org.eclipse.pde.ui.launcher,EquinoxSettingsTab,Unutilized Abstraction
eclipse.pde.ui-20120509-1450,org.eclipse.pde.ui.launcher,IPDELauncherConstants,Unnecessary Abstraction
eclipse.pde.ui-20120509-1450,org.eclipse.pde.ui.launcher,JUnitLaunchConfigurationDelegate,Unnecessary Abstraction
eclipse.pde.ui-20120509-1450,org.eclipse.pde.ui.launcher,JUnitLaunchConfigurationDelegate,Unutilized Abstraction
eclipse.pde.ui-20120509-1450,org.eclipse.pde.ui.launcher,JUnitTabGroup,Unutilized Abstraction
eclipse.pde.ui-20120509-1450,org.eclipse.pde.ui.launcher,JUnitTabGroup,Broken Hierarchy
eclipse.pde.ui-20120509-1450,org.eclipse.pde.ui.launcher,JUnitWorkbenchLaunchShortcut,Unutilized Abstraction
eclipse.pde.ui-20120509-1450,org.eclipse.pde.ui.launcher,MainTab,Broken Hierarchy
eclipse.pde.ui-20120509-1450,org.eclipse.pde.ui.launcher,OSGiLaunchConfigurationDelegate,Unnecessary Abstraction
eclipse.pde.ui-20120509-1450,org.eclipse.pde.ui.launcher,OSGiLaunchConfigurationDelegate,Unutilized Abstraction
eclipse.pde.ui-20120509-1450,org.eclipse.pde.ui.launcher,OSGiLaunchConfigurationInitializer,Unnecessary Abstraction
eclipse.pde.ui-20120509-1450,org.eclipse.pde.ui.launcher,OSGiLaunchConfigurationInitializer,Unutilized Abstraction
eclipse.pde.ui-20120509-1450,org.eclipse.pde.ui.launcher,OSGiLaunchShortcut,Unutilized Abstraction
eclipse.pde.ui-20120509-1450,org.eclipse.pde.ui.launcher,OSGiLaunchShortcut,Broken Hierarchy
eclipse.pde.ui-20120509-1450,org.eclipse.pde.ui.launcher,OSGiLauncherTabGroup,Unutilized Abstraction
eclipse.pde.ui-20120509-1450,org.eclipse.pde.ui.launcher,OSGiSettingsTab,Unutilized Abstraction
eclipse.pde.ui-20120509-1450,org.eclipse.pde.ui.launcher,PDESourcePathProvider,Unnecessary Abstraction
eclipse.pde.ui-20120509-1450,org.eclipse.pde.ui.launcher,PluginJUnitMainTab,Unutilized Abstraction
eclipse.pde.ui-20120509-1450,org.eclipse.pde.ui.launcher,PluginsTab,Unutilized Abstraction
eclipse.pde.ui-20120509-1450,org.eclipse.pde.ui.launcher,TestTab,Unutilized Abstraction
eclipse.pde.ui-20120509-1450,org.eclipse.pde.ui.launcher,TracingTab,Cyclic-Dependent Modularization
eclipse.pde.ui-20120509-1450,org.eclipse.pde.ui.target,ITargetLocationUpdater,Deficient Encapsulation
eclipse.pde.ui-20120509-1450,org.eclipse.pde.ui.templates,AbstractChoiceOption,Cyclic-Dependent Modularization
eclipse.pde.ui-20120509-1450,org.eclipse.pde.ui.templates,AbstractTemplateSection,Unutilized Abstraction
eclipse.pde.ui-20120509-1450,org.eclipse.pde.ui.templates,AbstractTemplateSection,Deficient Encapsulation
eclipse.pde.ui-20120509-1450,org.eclipse.pde.ui.templates,AbstractTemplateSection,Insufficient Modularization
eclipse.pde.ui-20120509-1450,org.eclipse.pde.ui.templates,BaseOptionTemplateSection,Unutilized Abstraction
eclipse.pde.ui-20120509-1450,org.eclipse.pde.ui.templates,BaseOptionTemplateSection,Unexploited Encapsulation
eclipse.pde.ui-20120509-1450,org.eclipse.pde.ui.templates,BaseOptionTemplateSection,Missing Hierarchy
eclipse.pde.ui-20120509-1450,org.eclipse.pde.ui.templates,BaseOptionTemplateSection,Cyclic-Dependent Modularization
eclipse.pde.ui-20120509-1450,org.eclipse.pde.ui.templates,BlankField,Broken Hierarchy
eclipse.pde.ui-20120509-1450,org.eclipse.pde.ui.templates,BlankField,Cyclic-Dependent Modularization
eclipse.pde.ui-20120509-1450,org.eclipse.pde.ui.templates,BooleanOption,Cyclic-Dependent Modularization
eclipse.pde.ui-20120509-1450,org.eclipse.pde.ui.templates,ComboChoiceOption,Broken Hierarchy
eclipse.pde.ui-20120509-1450,org.eclipse.pde.ui.templates,ComboChoiceOption,Cyclic-Dependent Modularization
eclipse.pde.ui-20120509-1450,org.eclipse.pde.ui.templates,NewPluginProjectFromTemplateWizard,Unutilized Abstraction
eclipse.pde.ui-20120509-1450,org.eclipse.pde.ui.templates,NewPluginProjectFromTemplateWizard,Deficient Encapsulation
eclipse.pde.ui-20120509-1450,org.eclipse.pde.ui.templates,NewPluginTemplateWizard,Unutilized Abstraction
eclipse.pde.ui-20120509-1450,org.eclipse.pde.ui.templates,OptionTemplateSection,Unutilized Abstraction
eclipse.pde.ui-20120509-1450,org.eclipse.pde.ui.templates,OptionTemplateWizardPage,Unutilized Abstraction
eclipse.pde.ui-20120509-1450,org.eclipse.pde.ui.templates,RadioChoiceOption,Broken Hierarchy
eclipse.pde.ui-20120509-1450,org.eclipse.pde.ui.templates,StringOption,Cyclic-Dependent Modularization
eclipse.pde.ui-20120509-1450,org.eclipse.pde.ui.templates,TemplateField,Unutilized Abstraction
eclipse.pde.ui-20120509-1450,org.eclipse.pde.ui.templates,TemplateOption,Unutilized Abstraction
eclipse.pde.ui-20120509-1450,org.eclipse.pde.ui.templates,TemplateOption,Broken Hierarchy
eclipse.pde.ui-20120509-1450,org.eclipse.pde.ui.templates,TemplateOption,Cyclic-Dependent Modularization
eclipse.pde.ui-20120509-1450,org.eclipse.pde.internal.ui.samples,ProjectNamesPage,Cyclic-Dependent Modularization
eclipse.pde.ui-20120509-1450,org.eclipse.pde.internal.ui.samples,ReviewPage,Cyclic-Dependent Modularization
eclipse.pde.ui-20120509-1450,org.eclipse.pde.internal.ui.samples,InputFileListener,Unutilized Abstraction
eclipse.pde.ui-20120509-1450,org.eclipse.pde.internal.ui.samples,SampleStandbyContent,Unutilized Abstraction
eclipse.pde.ui-20120509-1450,org.eclipse.pde.internal.ui.samples,SampleWizard,Cyclic-Dependent Modularization
eclipse.pde.ui-20120509-1450,org.eclipse.pde.internal.ui.samples,SampleWizard,Insufficient Modularization
eclipse.pde.ui-20120509-1450,org.eclipse.pde.internal.ui.samples,ImportOverwriteQuery,Unutilized Abstraction
eclipse.pde.ui-20120509-1450,org.eclipse.pde.internal.ui.samples,SelectionPage,Unutilized Abstraction
eclipse.pde.ui-20120509-1450,org.eclipse.pde.internal.ui.samples,SelectionPart,Unutilized Abstraction
eclipse.pde.ui-20120509-1450,org.eclipse.pde.internal.ui.samples,SampleProvider,Unutilized Abstraction
eclipse.pde.ui-20120509-1450,org.eclipse.pde.internal.ui.samples,SampleLabelProvider,Unutilized Abstraction
eclipse.pde.ui-20120509-1450,org.eclipse.pde.internal.ui.samples,ShowSampleAction,Unutilized Abstraction
eclipse.pde.ui-20120509-1450,org.eclipse.pde.internal.ui.samples,ShowTargetPlatformAction,Unutilized Abstraction
eclipse.pde.ui-20120509-1450,org.eclipse.ui.trace.internal,Messages,Deficient Encapsulation
eclipse.pde.ui-20120509-1450,org.eclipse.ui.trace.internal,Messages,Broken Modularization
eclipse.pde.ui-20120509-1450,org.eclipse.ui.trace.internal,TracingComponentColumnEditingSupport,Unutilized Abstraction
eclipse.pde.ui-20120509-1450,org.eclipse.ui.trace.internal,TracingComponentComparator,Unutilized Abstraction
eclipse.pde.ui-20120509-1450,org.eclipse.ui.trace.internal,TracingComponentTreeViewer,Unutilized Abstraction
eclipse.pde.ui-20120509-1450,org.eclipse.ui.trace.internal,TracingComponentViewerFilter,Unutilized Abstraction
eclipse.pde.ui-20120509-1450,org.eclipse.ui.trace.internal,TracingDoubleClickListener,Unutilized Abstraction
eclipse.pde.ui-20120509-1450,org.eclipse.ui.trace.internal.datamodel,AbstractTracingNode,Unutilized Abstraction
eclipse.pde.ui-20120509-1450,org.eclipse.ui.trace.internal.datamodel,TracingCollections,Cyclic-Dependent Modularization
eclipse.pde.ui-20120509-1450,org.eclipse.ui.trace.internal.datamodel,TracingComponent,Unutilized Abstraction
eclipse.pde.ui-20120509-1450,org.eclipse.ui.trace.internal.datamodel,TracingComponent,Cyclic-Dependent Modularization
eclipse.pde.ui-20120509-1450,org.eclipse.ui.trace.internal.datamodel,TracingComponentDebugOption,Unutilized Abstraction
eclipse.pde.ui-20120509-1450,org.eclipse.ui.trace.internal.datamodel,TracingComponentDebugOption,Cyclic-Dependent Modularization
eclipse.pde.ui-20120509-1450,org.eclipse.ui.trace.internal.providers,TracingComponentColumnLabelProvider,Unutilized Abstraction
eclipse.pde.ui-20120509-1450,org.eclipse.ui.trace.internal.providers,TracingComponentContentProvider,Unutilized Abstraction
eclipse.pde.ui-20120509-1450,org.eclipse.ui.trace.internal.utils,TracingConstants,Deficient Encapsulation
eclipse.pde.ui-20120509-1450,org.eclipse.ui.trace.internal.utils,TracingConstants,Broken Modularization
eclipse.pde.ui-20120509-1450,org.eclipse.ui.trace.internal.utils,TracingInitializer,Unnecessary Abstraction
eclipse.pde.ui-20120509-1450,org.eclipse.ui.trace.internal.utils,TracingInitializer,Unutilized Abstraction
eclipse.pde.ui-20120509-1450,org.eclipse.ui.trace.internal.utils,TracingUtils,Cyclic-Dependent Modularization
eclipse.pde.ui-20120509-1450,org.eclipse.ui.internal.views.log,Activator,Deficient Encapsulation
eclipse.pde.ui-20120509-1450,org.eclipse.ui.internal.views.log,Activator,Cyclic-Dependent Modularization
eclipse.pde.ui-20120509-1450,org.eclipse.ui.internal.views.log,EventDetailsDialog,Deficient Encapsulation
eclipse.pde.ui-20120509-1450,org.eclipse.ui.internal.views.log,EventDetailsDialog,Cyclic-Dependent Modularization
eclipse.pde.ui-20120509-1450,org.eclipse.ui.internal.views.log,EventDetailsDialog,Insufficient Modularization
eclipse.pde.ui-20120509-1450,org.eclipse.ui.internal.views.log,EventDetailsDialogAction,Unutilized Abstraction
eclipse.pde.ui-20120509-1450,org.eclipse.ui.internal.views.log,FilterDialog,Cyclic-Dependent Modularization
eclipse.pde.ui-20120509-1450,org.eclipse.ui.internal.views.log,IHelpContextIds,Unnecessary Abstraction
eclipse.pde.ui-20120509-1450,org.eclipse.ui.internal.views.log,IHelpContextIds,Deficient Encapsulation
eclipse.pde.ui-20120509-1450,org.eclipse.ui.internal.views.log,ImportLogAction,Unutilized Abstraction
eclipse.pde.ui-20120509-1450,org.eclipse.ui.internal.views.log,LogEntry,Deficient Encapsulation
eclipse.pde.ui-20120509-1450,org.eclipse.ui.internal.views.log,LogReader,Deficient Encapsulation
eclipse.pde.ui-20120509-1450,org.eclipse.ui.internal.views.log,LogReader,Cyclic-Dependent Modularization
eclipse.pde.ui-20120509-1450,org.eclipse.ui.internal.views.log,LogSession,Deficient Encapsulation
eclipse.pde.ui-20120509-1450,org.eclipse.ui.internal.views.log,LogView,Deficient Encapsulation
eclipse.pde.ui-20120509-1450,org.eclipse.ui.internal.views.log,LogView,Unexploited Encapsulation
eclipse.pde.ui-20120509-1450,org.eclipse.ui.internal.views.log,LogView,Missing Hierarchy
eclipse.pde.ui-20120509-1450,org.eclipse.ui.internal.views.log,LogView,Cyclic-Dependent Modularization
eclipse.pde.ui-20120509-1450,org.eclipse.ui.internal.views.log,LogView,Insufficient Modularization
eclipse.pde.ui-20120509-1450,org.eclipse.ui.internal.views.log,GroupByAction,Unutilized Abstraction
eclipse.pde.ui-20120509-1450,org.eclipse.ui.internal.views.log,LogViewContentProvider,Unutilized Abstraction
eclipse.pde.ui-20120509-1450,org.eclipse.ui.internal.views.log,LogViewLabelProvider,Unexploited Encapsulation
eclipse.pde.ui-20120509-1450,org.eclipse.ui.internal.views.log,LogViewLabelProvider,Missing Hierarchy
eclipse.pde.ui-20120509-1450,org.eclipse.ui.internal.views.log,LogViewLabelProvider,Cyclic-Dependent Modularization
eclipse.pde.ui-20120509-1450,org.eclipse.ui.internal.views.log,Messages,Deficient Encapsulation
eclipse.pde.ui-20120509-1450,org.eclipse.ui.internal.views.log,Messages,Broken Modularization
eclipse.pde.ui-20120509-1450,org.eclipse.ui.internal.views.log,OpenIDELogFileAction,Unutilized Abstraction
eclipse.pde.ui-20120509-1450,org.eclipse.ui.internal.views.log,OpenLogDialog,Cyclic-Dependent Modularization
eclipse.pde.ui-20120509-1450,org.eclipse.ui.internal.views.log,SharedImages,Deficient Encapsulation
eclipse.pde.ui-20120509-1450,org.eclipse.ui.internal.views.log,SharedImages,Cyclic-Dependent Modularization
eclipse.pde.ui-20120509-1450,org.eclipse.ui.internal.views.log,TailInputStream,Unutilized Abstraction
