Project Name,Package Name,Type Name,NOF,NOPF,NOM,NOPM,LOC,WMC,NC,DIT,LCOM,FANIN,FANOUT
eclipse.pde.ui-20100428-1600,org.eclipse.pde.api.tools.anttasks.tests,AntRunnerTestCase,3,1,7,2,116,25,1,0,0.42857142857142855,0,3
eclipse.pde.ui-20100428-1600,org.eclipse.pde.api.tools.anttasks.tests,ApiToolingAnalysisAntTaskTests,0,0,6,5,63,6,0,1,-1.0,0,0
eclipse.pde.ui-20100428-1600,org.eclipse.pde.api.tools.builder.tests,ApiBuilderTest,13,5,60,8,866,132,0,0,0.26666666666666666,3,12
eclipse.pde.ui-20100428-1600,org.eclipse.pde.api.tools.builder.tests,LineMapping,3,0,5,5,50,7,0,0,0.0,2,3
eclipse.pde.ui-20100428-1600,org.eclipse.pde.api.tools.builder.tests,ApiProblem,2,0,4,4,44,4,0,0,0.0,10,1
eclipse.pde.ui-20100428-1600,org.eclipse.pde.api.tools.builder.tests,ApiTestingEnvironment,6,0,39,24,560,84,0,0,0.2564102564102564,6,7
eclipse.pde.ui-20100428-1600,org.eclipse.pde.api.tools.builder.tests,OSGiLessAnalysisTests,0,0,1,1,27,2,0,0,-1.0,0,8
eclipse.pde.ui-20100428-1600,org.eclipse.pde.api.tools.builder.tests.compatibility,AnnotationCompatibilityTests,2,0,32,20,193,32,0,1,0.1875,1,4
eclipse.pde.ui-20100428-1600,org.eclipse.pde.api.tools.builder.tests.compatibility,BundleCompatibilityTests,3,0,17,10,107,17,0,1,0.4117647058823529,1,4
eclipse.pde.ui-20100428-1600,org.eclipse.pde.api.tools.builder.tests.compatibility,BundleMergeSplitTests,5,2,22,12,256,33,0,0,0.36363636363636365,1,14
eclipse.pde.ui-20100428-1600,org.eclipse.pde.api.tools.builder.tests.compatibility,BundleVersionTests,5,2,17,7,171,22,0,0,0.47058823529411764,1,12
eclipse.pde.ui-20100428-1600,org.eclipse.pde.api.tools.builder.tests.compatibility,ClassCompatibilityConstructorTests,2,0,68,44,365,68,0,2,0.07352941176470588,1,4
eclipse.pde.ui-20100428-1600,org.eclipse.pde.api.tools.builder.tests.compatibility,ClassCompatibilityFieldTests,2,0,53,34,286,53,0,2,0.09433962264150944,1,4
eclipse.pde.ui-20100428-1600,org.eclipse.pde.api.tools.builder.tests.compatibility,ClassCompatibilityHierarchyTests,2,0,40,24,232,40,0,2,0.15,1,4
eclipse.pde.ui-20100428-1600,org.eclipse.pde.api.tools.builder.tests.compatibility,ClassCompatibilityMemberTypeTests,2,0,46,28,246,46,0,2,0.13043478260869565,1,4
eclipse.pde.ui-20100428-1600,org.eclipse.pde.api.tools.builder.tests.compatibility,ClassCompatibilityMethodTests,2,0,68,44,360,68,0,2,0.07352941176470588,1,4
eclipse.pde.ui-20100428-1600,org.eclipse.pde.api.tools.builder.tests.compatibility,ClassCompatibilityModifierTests,2,0,42,26,225,42,0,2,0.14285714285714285,1,4
eclipse.pde.ui-20100428-1600,org.eclipse.pde.api.tools.builder.tests.compatibility,ClassCompatibilityRestrictionTests,2,0,29,18,150,29,0,2,0.1724137931034483,1,4
eclipse.pde.ui-20100428-1600,org.eclipse.pde.api.tools.builder.tests.compatibility,ClassCompatibilityTests,1,0,6,2,74,7,8,1,0.6666666666666666,1,1
eclipse.pde.ui-20100428-1600,org.eclipse.pde.api.tools.builder.tests.compatibility,ClassCompatibilityTypeParameterTests,2,0,45,28,268,45,0,2,0.13333333333333333,1,4
eclipse.pde.ui-20100428-1600,org.eclipse.pde.api.tools.builder.tests.compatibility,CompatibilityTest,0,0,12,2,186,22,11,0,-1.0,1,9
eclipse.pde.ui-20100428-1600,org.eclipse.pde.api.tools.builder.tests.compatibility,ConstructorCompatibilityTests,2,0,42,26,240,42,0,1,0.14285714285714285,1,4
eclipse.pde.ui-20100428-1600,org.eclipse.pde.api.tools.builder.tests.compatibility,EnumCompatibilityTests,2,0,29,18,180,29,0,1,0.20689655172413793,1,4
eclipse.pde.ui-20100428-1600,org.eclipse.pde.api.tools.builder.tests.compatibility,FieldCompatibilityModifierTests,2,0,92,60,498,92,0,2,0.05434782608695652,1,4
eclipse.pde.ui-20100428-1600,org.eclipse.pde.api.tools.builder.tests.compatibility,FieldCompatibilityTests,0,0,7,2,73,8,1,1,-1.0,1,1
eclipse.pde.ui-20100428-1600,org.eclipse.pde.api.tools.builder.tests.compatibility,InterfaceCompatibilityMemberTests,2,0,61,40,338,61,0,2,0.08196721311475409,1,4
eclipse.pde.ui-20100428-1600,org.eclipse.pde.api.tools.builder.tests.compatibility,InterfaceCompatibilityRestrictionTests,2,0,23,14,161,23,0,2,0.21739130434782608,1,4
eclipse.pde.ui-20100428-1600,org.eclipse.pde.api.tools.builder.tests.compatibility,InterfaceCompatibilityTests,0,0,7,2,73,8,3,1,-1.0,1,1
eclipse.pde.ui-20100428-1600,org.eclipse.pde.api.tools.builder.tests.compatibility,InterfaceCompatibilityTypeParameterTests,3,0,36,22,218,36,0,2,0.16666666666666666,1,4
eclipse.pde.ui-20100428-1600,org.eclipse.pde.api.tools.builder.tests.compatibility,InvalidSinceTagTests,0,0,15,10,82,15,0,2,-1.0,1,4
eclipse.pde.ui-20100428-1600,org.eclipse.pde.api.tools.builder.tests.compatibility,MalformedSinceTagTests,0,0,21,14,109,21,0,2,-1.0,1,4
eclipse.pde.ui-20100428-1600,org.eclipse.pde.api.tools.builder.tests.compatibility,MethodCompatibilityModifierTests,2,0,78,50,421,78,0,2,0.0641025641025641,1,4
eclipse.pde.ui-20100428-1600,org.eclipse.pde.api.tools.builder.tests.compatibility,MethodCompatibilityTests,0,0,7,2,73,8,2,1,-1.0,1,1
eclipse.pde.ui-20100428-1600,org.eclipse.pde.api.tools.builder.tests.compatibility,MethodCompatibilityTypeParameterTests,2,0,16,10,100,16,0,2,0.3125,1,4
eclipse.pde.ui-20100428-1600,org.eclipse.pde.api.tools.builder.tests.compatibility,MissingSinceTagTests,0,0,33,22,163,33,0,2,-1.0,1,4
eclipse.pde.ui-20100428-1600,org.eclipse.pde.api.tools.builder.tests.compatibility,ProjectTypeContainerTests,0,0,15,8,204,32,0,1,-1.0,1,8
eclipse.pde.ui-20100428-1600,org.eclipse.pde.api.tools.builder.tests.compatibility,SinceTagTest,2,0,8,2,90,9,3,1,0.75,1,1
eclipse.pde.ui-20100428-1600,org.eclipse.pde.api.tools.builder.tests.compatibility,VersionTest,4,0,27,16,211,30,0,1,0.2962962962962963,1,9
eclipse.pde.ui-20100428-1600,org.eclipse.pde.api.tools.builder.tests.leak,ClassExtendsLeak,4,0,68,44,412,69,0,1,0.17647058823529413,1,4
eclipse.pde.ui-20100428-1600,org.eclipse.pde.api.tools.builder.tests.leak,ClassImplementsLeak,1,0,37,24,230,38,0,1,0.1891891891891892,1,4
eclipse.pde.ui-20100428-1600,org.eclipse.pde.api.tools.builder.tests.leak,ConstructorParameterLeak,1,0,46,30,282,47,0,1,0.3695652173913043,1,4
eclipse.pde.ui-20100428-1600,org.eclipse.pde.api.tools.builder.tests.leak,FieldTypeLeak,1,0,28,18,174,29,0,1,0.42857142857142855,1,4
eclipse.pde.ui-20100428-1600,org.eclipse.pde.api.tools.builder.tests.leak,InterfaceExtendsLeak,1,0,34,22,213,35,0,1,0.17647058823529413,1,4
eclipse.pde.ui-20100428-1600,org.eclipse.pde.api.tools.builder.tests.leak,LeakTest,3,0,10,2,123,15,7,0,0.6,1,4
eclipse.pde.ui-20100428-1600,org.eclipse.pde.api.tools.builder.tests.leak,MethodParameterLeak,1,0,64,42,376,65,0,1,0.375,1,4
eclipse.pde.ui-20100428-1600,org.eclipse.pde.api.tools.builder.tests.leak,MethodReturnTypeLeak,1,0,61,41,360,62,0,1,0.3770491803278688,1,4
eclipse.pde.ui-20100428-1600,org.eclipse.pde.api.tools.builder.tests.performance,AnnotationIncrementalBuildTests,0,0,5,5,43,5,0,3,-1.0,1,5
eclipse.pde.ui-20100428-1600,org.eclipse.pde.api.tools.builder.tests.performance,ApiDescriptionTests,0,0,4,3,49,6,0,1,-1.0,1,6
eclipse.pde.ui-20100428-1600,org.eclipse.pde.api.tools.builder.tests.performance,EnumIncrementalBuildTests,1,0,8,7,69,8,1,2,0.5,1,5
eclipse.pde.ui-20100428-1600,org.eclipse.pde.api.tools.builder.tests.performance,FullSourceBuildTests,0,0,6,4,68,12,0,1,-1.0,1,2
eclipse.pde.ui-20100428-1600,org.eclipse.pde.api.tools.builder.tests.performance,IncrementalBuildTests,3,0,22,14,223,25,1,1,0.22727272727272727,1,5
eclipse.pde.ui-20100428-1600,org.eclipse.pde.api.tools.builder.tests.performance,PerformanceTest,0,0,19,2,268,33,3,0,-1.0,2,10
eclipse.pde.ui-20100428-1600,org.eclipse.pde.api.tools.builder.tests.tags,InvalidAnnotationFieldTagTests,0,0,37,24,190,37,0,2,-1.0,1,2
eclipse.pde.ui-20100428-1600,org.eclipse.pde.api.tools.builder.tests.tags,InvalidAnnotationMethodTagTests,0,0,40,26,205,40,0,2,-1.0,1,2
eclipse.pde.ui-20100428-1600,org.eclipse.pde.api.tools.builder.tests.tags,InvalidAnnotationTagTests,0,0,41,26,208,41,0,1,-1.0,1,5
eclipse.pde.ui-20100428-1600,org.eclipse.pde.api.tools.builder.tests.tags,InvalidClassConstructorTagTests,0,0,33,22,162,33,0,2,-1.0,1,2
eclipse.pde.ui-20100428-1600,org.eclipse.pde.api.tools.builder.tests.tags,InvalidClassFieldTagTests,0,0,39,26,190,39,0,2,-1.0,1,2
eclipse.pde.ui-20100428-1600,org.eclipse.pde.api.tools.builder.tests.tags,InvalidClassMethodTagTests,0,0,45,30,218,45,0,2,-1.0,1,2
eclipse.pde.ui-20100428-1600,org.eclipse.pde.api.tools.builder.tests.tags,InvalidClassTagTests,0,0,28,18,137,28,1,1,-1.0,1,5
eclipse.pde.ui-20100428-1600,org.eclipse.pde.api.tools.builder.tests.tags,InvalidDuplicateTagsTests,1,0,30,18,181,30,0,1,0.16666666666666666,1,4
eclipse.pde.ui-20100428-1600,org.eclipse.pde.api.tools.builder.tests.tags,InvalidEnumConstantTagTests,0,0,34,22,171,34,0,2,-1.0,1,2
eclipse.pde.ui-20100428-1600,org.eclipse.pde.api.tools.builder.tests.tags,InvalidEnumFieldTagTests,0,0,40,26,193,40,0,2,-1.0,1,2
eclipse.pde.ui-20100428-1600,org.eclipse.pde.api.tools.builder.tests.tags,InvalidEnumMethodTagTests,0,0,31,24,151,31,0,2,-1.0,1,2
eclipse.pde.ui-20100428-1600,org.eclipse.pde.api.tools.builder.tests.tags,InvalidEnumTagTests,0,0,35,22,168,35,0,1,-1.0,1,5
eclipse.pde.ui-20100428-1600,org.eclipse.pde.api.tools.builder.tests.tags,InvalidFieldTagTests,0,0,6,2,70,7,6,1,-1.0,1,4
eclipse.pde.ui-20100428-1600,org.eclipse.pde.api.tools.builder.tests.tags,InvalidInterfaceFieldTagTests,0,0,39,26,189,39,0,2,-1.0,1,2
eclipse.pde.ui-20100428-1600,org.eclipse.pde.api.tools.builder.tests.tags,InvalidInterfaceMethodTagTests,0,0,27,18,134,27,0,2,-1.0,1,2
eclipse.pde.ui-20100428-1600,org.eclipse.pde.api.tools.builder.tests.tags,InvalidInterfaceTagTests,0,0,22,14,109,22,1,1,-1.0,1,5
eclipse.pde.ui-20100428-1600,org.eclipse.pde.api.tools.builder.tests.tags,InvalidMethodTagTests,0,0,6,2,70,7,6,1,-1.0,1,4
eclipse.pde.ui-20100428-1600,org.eclipse.pde.api.tools.builder.tests.tags,TagTest,2,0,12,2,155,21,7,0,0.6666666666666666,1,4
eclipse.pde.ui-20100428-1600,org.eclipse.pde.api.tools.builder.tests.tags,ValidClassFieldTagTests,0,0,27,18,142,27,0,3,-1.0,1,1
eclipse.pde.ui-20100428-1600,org.eclipse.pde.api.tools.builder.tests.tags,ValidClassMethodTagTests,0,0,33,22,172,33,0,3,-1.0,1,1
eclipse.pde.ui-20100428-1600,org.eclipse.pde.api.tools.builder.tests.tags,ValidClassTagTests,0,0,18,12,97,18,0,2,-1.0,1,1
eclipse.pde.ui-20100428-1600,org.eclipse.pde.api.tools.builder.tests.tags,ValidEnumFieldTagTests,0,0,19,12,100,19,0,3,-1.0,1,1
eclipse.pde.ui-20100428-1600,org.eclipse.pde.api.tools.builder.tests.tags,ValidEnumMethodTagTests,0,0,19,12,100,19,0,3,-1.0,1,1
eclipse.pde.ui-20100428-1600,org.eclipse.pde.api.tools.builder.tests.tags,ValidFieldTagTests,0,0,5,2,66,6,3,2,-1.0,1,1
eclipse.pde.ui-20100428-1600,org.eclipse.pde.api.tools.builder.tests.tags,ValidInterfaceFieldTagTests,0,0,15,10,82,15,0,3,-1.0,1,1
eclipse.pde.ui-20100428-1600,org.eclipse.pde.api.tools.builder.tests.tags,ValidInterfaceMethodTagTests,0,0,18,12,82,18,0,3,-1.0,1,1
eclipse.pde.ui-20100428-1600,org.eclipse.pde.api.tools.builder.tests.tags,ValidInterfaceTagTests,0,0,24,16,106,24,0,2,-1.0,1,1
eclipse.pde.ui-20100428-1600,org.eclipse.pde.api.tools.builder.tests.tags,ValidMethodTagTests,0,0,5,2,67,6,3,2,-1.0,1,1
eclipse.pde.ui-20100428-1600,org.eclipse.pde.api.tools.builder.tests.usage,ClassUsageTests,1,0,59,38,353,59,1,1,0.15254237288135594,1,4
eclipse.pde.ui-20100428-1600,org.eclipse.pde.api.tools.builder.tests.usage,ConstructorUsageTests,2,0,7,4,51,8,0,1,0.7142857142857143,1,4
eclipse.pde.ui-20100428-1600,org.eclipse.pde.api.tools.builder.tests.usage,DependentUsageTests,8,0,43,26,295,45,0,1,0.09302325581395349,1,5
eclipse.pde.ui-20100428-1600,org.eclipse.pde.api.tools.builder.tests.usage,FieldUsageTests,2,0,19,12,122,20,1,1,0.47368421052631576,1,4
eclipse.pde.ui-20100428-1600,org.eclipse.pde.api.tools.builder.tests.usage,FragmentUsageTests,0,0,27,16,129,27,0,1,-1.0,1,1
eclipse.pde.ui-20100428-1600,org.eclipse.pde.api.tools.builder.tests.usage,InterfaceUsageTests,2,0,14,8,84,14,0,1,0.42857142857142855,1,4
eclipse.pde.ui-20100428-1600,org.eclipse.pde.api.tools.builder.tests.usage,Java5ClassUsageTests,1,0,54,36,311,54,0,2,0.37037037037037035,1,2
eclipse.pde.ui-20100428-1600,org.eclipse.pde.api.tools.builder.tests.usage,Java5FieldUsageTests,1,0,9,6,55,9,0,2,0.5555555555555556,1,1
eclipse.pde.ui-20100428-1600,org.eclipse.pde.api.tools.builder.tests.usage,Java5MethodUsageTests,3,0,12,8,82,12,0,2,0.5,1,2
eclipse.pde.ui-20100428-1600,org.eclipse.pde.api.tools.builder.tests.usage,MethodUsageTests,2,0,17,10,122,17,1,1,0.29411764705882354,1,4
eclipse.pde.ui-20100428-1600,org.eclipse.pde.api.tools.builder.tests.usage,UnusedApiProblemFilterTests,4,0,26,10,186,31,0,1,0.23076923076923078,1,11
eclipse.pde.ui-20100428-1600,org.eclipse.pde.api.tools.builder.tests.usage,UsageTest,10,0,11,2,149,18,8,0,0.45454545454545453,1,4
eclipse.pde.ui-20100428-1600,org.eclipse.pde.api.tools.comparator.tests,AllDeltaTests,0,0,2,2,28,2,0,0,-1.0,0,0
eclipse.pde.ui-20100428-1600,org.eclipse.pde.api.tools.comparator.tests,AnnotationDeltaTests,0,0,14,14,410,14,0,1,-1.0,0,6
eclipse.pde.ui-20100428-1600,org.eclipse.pde.api.tools.comparator.tests,ApiScopeDeltaTests,0,0,10,10,209,20,0,1,-1.0,0,12
eclipse.pde.ui-20100428-1600,org.eclipse.pde.api.tools.comparator.tests,BundlesDeltaTests,0,0,19,19,512,19,0,1,-1.0,0,7
eclipse.pde.ui-20100428-1600,org.eclipse.pde.api.tools.comparator.tests,ClassDeltaTests,1,0,161,161,3436,169,0,1,0.9813664596273292,0,11
eclipse.pde.ui-20100428-1600,org.eclipse.pde.api.tools.comparator.tests,MyDeltaVisitor,1,0,3,3,28,7,0,0,0.0,0,1
eclipse.pde.ui-20100428-1600,org.eclipse.pde.api.tools.comparator.tests,DeltaTestSetup,10,0,14,3,159,27,10,0,0.2857142857142857,0,5
eclipse.pde.ui-20100428-1600,org.eclipse.pde.api.tools.comparator.tests,EnumDeltaTests,0,0,18,18,343,18,0,1,-1.0,0,7
eclipse.pde.ui-20100428-1600,org.eclipse.pde.api.tools.comparator.tests,FieldDeltaTests,0,0,80,80,1791,80,0,1,-1.0,0,8
eclipse.pde.ui-20100428-1600,org.eclipse.pde.api.tools.comparator.tests,InterfaceDeltaTests,0,0,42,42,951,42,0,1,-1.0,0,7
eclipse.pde.ui-20100428-1600,org.eclipse.pde.api.tools.comparator.tests,MethodDeltaTests,0,0,127,127,2707,127,0,1,-1.0,0,8
eclipse.pde.ui-20100428-1600,org.eclipse.pde.api.tools.comparator.tests,MixedTypesDeltaTests,0,0,15,15,266,15,0,1,-1.0,0,6
eclipse.pde.ui-20100428-1600,org.eclipse.pde.api.tools.comparator.tests,RestrictionsDeltaTests,0,0,17,17,312,17,0,1,-1.0,0,7
eclipse.pde.ui-20100428-1600,org.eclipse.pde.api.tools.model.tests,ApiBaselineTests,0,0,15,14,239,24,0,0,-1.0,0,10
eclipse.pde.ui-20100428-1600,org.eclipse.pde.api.tools.model.tests,ApiDescriptionTests,5,4,48,42,605,50,0,0,0.14583333333333334,0,18
eclipse.pde.ui-20100428-1600,org.eclipse.pde.api.tools.model.tests,ElementDescription,4,4,3,3,23,3,0,0,0.6666666666666666,0,1
eclipse.pde.ui-20100428-1600,org.eclipse.pde.api.tools.model.tests,ApiFilterStoreTests,3,0,10,7,202,10,0,0,0.9,0,13
eclipse.pde.ui-20100428-1600,org.eclipse.pde.api.tools.model.tests,ApiModelCacheTests,2,0,8,6,110,8,0,0,0.25,0,4
eclipse.pde.ui-20100428-1600,org.eclipse.pde.api.tools.model.tests,ApiTypeContainerTests,0,0,22,17,182,25,0,0,-1.0,0,4
eclipse.pde.ui-20100428-1600,org.eclipse.pde.api.tools.model.tests,BadClassfileTests,3,0,34,29,155,35,0,0,0.8235294117647058,0,19
eclipse.pde.ui-20100428-1600,org.eclipse.pde.api.tools.model.tests,CRCTests,0,0,2,2,54,2,0,0,-1.0,0,8
eclipse.pde.ui-20100428-1600,org.eclipse.pde.api.tools.model.tests,ClassFileScannerTests,4,0,25,21,407,38,0,0,0.0,0,7
eclipse.pde.ui-20100428-1600,org.eclipse.pde.api.tools.model.tests,ComponentManifestTests,0,0,5,5,71,8,0,0,-1.0,0,5
eclipse.pde.ui-20100428-1600,org.eclipse.pde.api.tools.model.tests,ElementDescriptorTests,0,0,28,28,257,28,0,0,-1.0,0,7
eclipse.pde.ui-20100428-1600,org.eclipse.pde.api.tools.model.tests,TagScannerTests,2,0,69,63,889,69,0,0,0.18840579710144928,0,10
eclipse.pde.ui-20100428-1600,org.eclipse.pde.api.tools.model.tests,TestSuiteHelper,1,1,48,47,530,94,0,0,0.7916666666666666,23,11
eclipse.pde.ui-20100428-1600,org.eclipse.pde.api.tools.problems.tests,ApiFilterTests,0,0,3,3,44,3,0,0,-1.0,0,5
eclipse.pde.ui-20100428-1600,org.eclipse.pde.api.tools.problems.tests,ApiProblemFactoryTests,1,0,14,13,186,14,0,0,0.5714285714285714,0,6
eclipse.pde.ui-20100428-1600,org.eclipse.pde.api.tools.problems.tests,ApiProblemTests,0,0,43,42,460,46,0,0,-1.0,0,8
eclipse.pde.ui-20100428-1600,org.eclipse.pde.api.tools.reference.tests,SearchScopeTests,0,0,6,5,88,6,0,0,-1.0,0,9
eclipse.pde.ui-20100428-1600,org.eclipse.pde.api.tools.search.tests,SearchEngineTests,0,0,11,11,196,11,0,1,-1.0,0,3
eclipse.pde.ui-20100428-1600,org.eclipse.pde.api.tools.search.tests,SearchTest,14,0,9,1,131,20,3,0,0.4444444444444444,3,7
eclipse.pde.ui-20100428-1600,org.eclipse.pde.api.tools.search.tests,SkippedComponentTests,2,0,14,13,218,15,0,1,0.0,0,3
eclipse.pde.ui-20100428-1600,org.eclipse.pde.api.tools.search.tests,TestCompositeSearchReporter,3,0,4,4,56,14,0,0,0.5,0,5
eclipse.pde.ui-20100428-1600,org.eclipse.pde.api.tools.search.tests,TestReporter,3,0,6,4,134,32,0,0,0.3333333333333333,1,5
eclipse.pde.ui-20100428-1600,org.eclipse.pde.api.tools.search.tests,TestRequestor,5,0,16,10,155,30,0,0,0.1875,1,12
eclipse.pde.ui-20100428-1600,org.eclipse.pde.api.tools.search.tests,UseSearchTests,4,0,9,3,141,19,0,1,0.3333333333333333,0,4
eclipse.pde.ui-20100428-1600,org.eclipse.pde.api.tools.tests,AbstractApiTest,2,0,8,1,138,17,0,0,0.5,1,9
eclipse.pde.ui-20100428-1600,org.eclipse.pde.api.tools.tests,ApiTestsPlugin,2,1,2,2,17,2,0,0,0.0,6,1
eclipse.pde.ui-20100428-1600,org.eclipse.pde.api.tools.tests,ApiToolsPerformanceTestSuite,0,0,2,2,18,2,0,0,-1.0,0,1
eclipse.pde.ui-20100428-1600,org.eclipse.pde.api.tools.tests,ApiToolsPluginTestSuite,0,0,2,2,26,2,0,0,-1.0,0,1
eclipse.pde.ui-20100428-1600,org.eclipse.pde.api.tools.tests,ApiToolsTestSuite,0,0,2,2,43,2,0,0,-1.0,0,0
eclipse.pde.ui-20100428-1600,org.eclipse.pde.api.tools.tests.util,DecodeBuildState,0,0,2,1,75,10,0,0,-1.0,1,4
eclipse.pde.ui-20100428-1600,org.eclipse.pde.api.tools.tests.util,FileUtils,2,1,19,17,463,71,0,0,0.7368421052631579,5,5
eclipse.pde.ui-20100428-1600,org.eclipse.pde.api.tools.tests.util,ProjectUtils,2,2,16,15,294,40,0,0,0.125,5,9
eclipse.pde.ui-20100428-1600,org.eclipse.pde.api.tools.util.tests,AbstractApiEventWaiter,2,0,3,1,38,5,3,0,0.0,0,0
eclipse.pde.ui-20100428-1600,org.eclipse.pde.api.tools.util.tests,ApiBaselineManagerTests,9,0,42,34,611,59,0,0,0.09523809523809523,0,16
eclipse.pde.ui-20100428-1600,org.eclipse.pde.api.tools.util.tests,SourceChangeVisitor,5,0,5,4,76,17,0,0,0.0,0,1
eclipse.pde.ui-20100428-1600,org.eclipse.pde.api.tools.util.tests,ApiDescriptionProcessorTests,9,0,21,17,260,37,0,0,0.09523809523809523,0,6
eclipse.pde.ui-20100428-1600,org.eclipse.pde.api.tools.util.tests,ChangeVisitor,6,0,6,4,92,18,0,0,0.0,0,1
eclipse.pde.ui-20100428-1600,org.eclipse.pde.api.tools.util.tests,HeadlessApiBaselineManagerTests,1,0,15,14,160,20,0,0,0.0,0,4
eclipse.pde.ui-20100428-1600,org.eclipse.pde.api.tools.util.tests,JavaModelEventWaiter,4,0,5,3,74,12,0,1,0.0,0,0
eclipse.pde.ui-20100428-1600,org.eclipse.pde.api.tools.util.tests,PluginModelEventWaiter,1,0,3,2,23,4,0,1,0.0,0,2
eclipse.pde.ui-20100428-1600,org.eclipse.pde.api.tools.util.tests,PreferencesTests,0,0,6,6,68,6,0,0,-1.0,0,2
eclipse.pde.ui-20100428-1600,org.eclipse.pde.api.tools.util.tests,ProjectCreationTests,4,0,16,11,244,22,0,0,0.25,0,8
eclipse.pde.ui-20100428-1600,org.eclipse.pde.api.tools.util.tests,ResourceEventWaiter,4,0,4,2,50,8,0,1,0.0,2,1
eclipse.pde.ui-20100428-1600,org.eclipse.pde.api.tools.util.tests,SignaturesTests,0,0,23,23,276,23,0,0,-1.0,0,4
eclipse.pde.ui-20100428-1600,org.eclipse.pde.api.tools.util.tests,TarEntryTests,1,0,7,7,70,7,0,0,0.0,0,1
eclipse.pde.ui-20100428-1600,org.eclipse.pde.api.tools.util.tests,TarExceptionTests,0,0,1,1,16,1,0,0,-1.0,0,1
eclipse.pde.ui-20100428-1600,org.eclipse.pde.api.tools.util.tests,UtilTests,2,0,45,45,313,46,0,0,0.9333333333333333,0,5
eclipse.pde.ui-20100428-1600,org.eclipse.pde.api.tools.util.tests,LocalApiComponent,1,0,32,32,96,32,0,0,0.96875,0,1
eclipse.pde.ui-20100428-1600,a.annotations,MemberType,0,0,0,0,2,0,0,0,-1.0,0,0
eclipse.pde.ui-20100428-1600,a.annotations,ToClass,0,0,0,0,4,0,0,0,-1.0,0,0
eclipse.pde.ui-20100428-1600,a.annotations,ToInterface,0,0,0,0,4,0,0,0,-1.0,0,0
eclipse.pde.ui-20100428-1600,a.bundles,DeleteAndReplace,0,0,0,0,4,0,0,0,-1.0,0,0
eclipse.pde.ui-20100428-1600,a.bundles,PublicToPackageVisibility,0,0,0,0,4,0,0,0,-1.0,0,0
eclipse.pde.ui-20100428-1600,a.bundles,RemovePublicClass,0,0,0,0,4,0,0,0,-1.0,0,0
eclipse.pde.ui-20100428-1600,a.bundles,DeleteAndReplace,0,0,0,0,4,0,0,0,-1.0,0,0
eclipse.pde.ui-20100428-1600,a.bundles,PublicToPackageVisibility,0,0,0,0,4,0,0,0,-1.0,0,0
eclipse.pde.ui-20100428-1600,a.bundles.internal,RemovePrivateClass,0,0,0,0,4,0,0,0,-1.0,0,0
eclipse.pde.ui-20100428-1600,a.classes.constructors,AddPrivateConstructor,0,0,2,2,10,2,0,0,-1.0,0,0
eclipse.pde.ui-20100428-1600,a.classes.constructors,AddProtectedConstructor,0,0,2,1,10,2,0,0,-1.0,0,0
eclipse.pde.ui-20100428-1600,a.classes.constructors,AddPublicConstructor,0,0,2,2,10,2,0,0,-1.0,0,0
eclipse.pde.ui-20100428-1600,a.classes.constructors,AddSinglePrivateConstructor,0,0,1,1,8,1,0,0,-1.0,0,0
eclipse.pde.ui-20100428-1600,a.classes.constructors,AddSingleProtectedConstructor,0,0,1,1,8,1,0,0,-1.0,0,0
eclipse.pde.ui-20100428-1600,a.classes.constructors,AddSinglePublicConstructor,0,0,1,1,8,1,0,0,-1.0,0,0
eclipse.pde.ui-20100428-1600,a.classes.constructors,RemovePackageConstructor,0,0,2,0,9,2,0,0,-1.0,0,0
eclipse.pde.ui-20100428-1600,a.classes.constructors,RemovePrivateConstructor,0,0,2,0,9,2,0,0,-1.0,0,0
eclipse.pde.ui-20100428-1600,a.classes.constructors,RemoveProtectedConstructor,0,0,2,0,9,2,0,0,-1.0,0,0
eclipse.pde.ui-20100428-1600,a.classes.constructors,RemoveProtectedConstructorNoExtend,0,0,2,0,9,2,0,0,-1.0,0,0
eclipse.pde.ui-20100428-1600,a.classes.constructors,RemoveProtectedConstructorNoExtendNoInstantiate,0,0,2,0,10,2,0,0,-1.0,0,0
eclipse.pde.ui-20100428-1600,a.classes.constructors,RemoveProtectedConstructorNoInstantiate,0,0,2,0,9,2,0,0,-1.0,0,0
eclipse.pde.ui-20100428-1600,a.classes.constructors,RemoveProtectedConstructorNoOverride,0,0,2,0,14,2,0,0,-1.0,0,0
eclipse.pde.ui-20100428-1600,a.classes.constructors,RemoveProtectedConstructorNoReference,0,0,2,0,14,2,0,0,-1.0,0,0
eclipse.pde.ui-20100428-1600,a.classes.constructors,RemovePublicConstructor,0,0,2,2,9,2,0,0,-1.0,0,0
eclipse.pde.ui-20100428-1600,a.classes.constructors,RemovePublicConstructorNoExtend,0,0,2,2,9,2,0,0,-1.0,0,0
eclipse.pde.ui-20100428-1600,a.classes.constructors,RemovePublicConstructorNoExtendNoInstantiate,0,0,2,2,10,2,0,0,-1.0,0,0
eclipse.pde.ui-20100428-1600,a.classes.constructors,RemovePublicConstructorNoInstantiate,0,0,2,2,9,2,0,0,-1.0,0,0
eclipse.pde.ui-20100428-1600,a.classes.constructors,RemovePublicConstructorNoOverride,0,0,2,2,14,2,0,0,-1.0,0,0
eclipse.pde.ui-20100428-1600,a.classes.constructors,RemovePublicConstructorNoReference,0,0,2,2,14,2,0,0,-1.0,0,0
eclipse.pde.ui-20100428-1600,a.classes.constructors,RemoveTwoPublicConstructors,0,0,2,2,9,2,0,0,-1.0,0,0
eclipse.pde.ui-20100428-1600,a.classes.constructors,AddPrivateConstructor,0,0,3,2,12,3,0,0,-1.0,0,0
eclipse.pde.ui-20100428-1600,a.classes.constructors,AddProtectedConstructor,0,0,3,1,12,3,0,0,-1.0,0,0
eclipse.pde.ui-20100428-1600,a.classes.constructors,AddPublicConstructor,0,0,3,3,12,3,0,0,-1.0,0,0
eclipse.pde.ui-20100428-1600,a.classes.constructors,AddSinglePrivateConstructor,0,0,2,1,10,2,0,0,-1.0,0,0
eclipse.pde.ui-20100428-1600,a.classes.constructors,AddSingleProtectedConstructor,0,0,2,1,10,2,0,0,-1.0,0,0
eclipse.pde.ui-20100428-1600,a.classes.constructors,AddSinglePublicConstructor,0,0,2,2,10,2,0,0,-1.0,0,0
eclipse.pde.ui-20100428-1600,a.classes.constructors,RemovePackageConstructor,0,0,1,0,7,1,0,0,-1.0,0,0
eclipse.pde.ui-20100428-1600,a.classes.constructors,RemovePrivateConstructor,0,0,1,0,7,1,0,0,-1.0,0,0
eclipse.pde.ui-20100428-1600,a.classes.constructors,RemoveProtectedConstructor,0,0,1,0,7,1,0,0,-1.0,0,0
eclipse.pde.ui-20100428-1600,a.classes.constructors,RemoveProtectedConstructorNoExtend,0,0,1,0,7,1,0,0,-1.0,0,0
eclipse.pde.ui-20100428-1600,a.classes.constructors,RemoveProtectedConstructorNoExtendNoInstantiate,0,0,1,0,8,1,0,0,-1.0,0,0
eclipse.pde.ui-20100428-1600,a.classes.constructors,RemoveProtectedConstructorNoInstantiate,0,0,1,0,7,1,0,0,-1.0,0,0
eclipse.pde.ui-20100428-1600,a.classes.constructors,RemoveProtectedConstructorNoOverride,0,0,1,0,9,1,0,0,-1.0,0,0
eclipse.pde.ui-20100428-1600,a.classes.constructors,RemoveProtectedConstructorNoReference,0,0,1,0,9,1,0,0,-1.0,0,0
eclipse.pde.ui-20100428-1600,a.classes.constructors,RemovePublicConstructor,0,0,1,1,7,1,0,0,-1.0,0,0
eclipse.pde.ui-20100428-1600,a.classes.constructors,RemovePublicConstructorNoExtend,0,0,1,1,7,1,0,0,-1.0,0,0
eclipse.pde.ui-20100428-1600,a.classes.constructors,RemovePublicConstructorNoExtendNoInstantiate,0,0,1,1,8,1,0,0,-1.0,0,0
eclipse.pde.ui-20100428-1600,a.classes.constructors,RemovePublicConstructorNoInstantiate,0,0,1,1,7,1,0,0,-1.0,0,0
eclipse.pde.ui-20100428-1600,a.classes.constructors,RemovePublicConstructorNoOverride,0,0,1,1,9,1,0,0,-1.0,0,0
eclipse.pde.ui-20100428-1600,a.classes.constructors,RemovePublicConstructorNoReference,0,0,1,1,9,1,0,0,-1.0,0,0
eclipse.pde.ui-20100428-1600,a.classes.constructors,RemoveTwoPublicConstructors,0,0,0,0,5,0,0,0,-1.0,0,0
eclipse.pde.ui-20100428-1600,a.classes.fields,AddPrivateField,0,0,0,0,5,0,0,0,-1.0,0,0
eclipse.pde.ui-20100428-1600,a.classes.fields,AddProtectedField,0,0,0,0,5,0,0,0,-1.0,0,0
eclipse.pde.ui-20100428-1600,a.classes.fields,AddPublicField,0,0,0,0,5,0,0,0,-1.0,0,0
eclipse.pde.ui-20100428-1600,a.classes.fields,RemovePackageField,1,0,0,0,6,0,0,0,-1.0,0,0
eclipse.pde.ui-20100428-1600,a.classes.fields,RemovePrivateField,1,0,1,1,9,1,0,0,0.0,0,0
eclipse.pde.ui-20100428-1600,a.classes.fields,RemoveProtectedField,1,0,0,0,6,0,0,0,-1.0,0,0
eclipse.pde.ui-20100428-1600,a.classes.fields,RemoveProtectedFieldNoExtend,1,0,0,0,6,0,0,0,-1.0,0,0
eclipse.pde.ui-20100428-1600,a.classes.fields,RemoveProtectedFieldNoExtendNoInstantiate,1,0,0,0,7,0,0,0,-1.0,0,0
eclipse.pde.ui-20100428-1600,a.classes.fields,RemoveProtectedFieldNoInstantiate,1,0,0,0,6,0,0,0,-1.0,0,0
eclipse.pde.ui-20100428-1600,a.classes.fields,RemoveProtectedFieldNoReference,1,0,0,0,9,0,0,0,-1.0,0,0
eclipse.pde.ui-20100428-1600,a.classes.fields,RemovePublicField,1,1,0,0,6,0,0,0,-1.0,0,0
eclipse.pde.ui-20100428-1600,a.classes.fields,RemovePublicFieldNoExtend,1,1,0,0,6,0,0,0,-1.0,0,0
eclipse.pde.ui-20100428-1600,a.classes.fields,RemovePublicFieldNoExtendNoInstantiate,1,1,0,0,7,0,0,0,-1.0,0,0
eclipse.pde.ui-20100428-1600,a.classes.fields,RemovePublicFieldNoInstantiate,1,1,0,0,6,0,0,0,-1.0,0,0
eclipse.pde.ui-20100428-1600,a.classes.fields,RemovePublicFieldNoReference,1,1,0,0,9,0,0,0,-1.0,0,0
eclipse.pde.ui-20100428-1600,a.classes.fields,RemoveTwoPublicFields,2,2,0,0,7,0,0,0,-1.0,0,0
eclipse.pde.ui-20100428-1600,a.classes.fields,AddPrivateField,1,0,0,0,6,0,0,0,-1.0,0,0
eclipse.pde.ui-20100428-1600,a.classes.fields,AddProtectedField,1,0,0,0,6,0,0,0,-1.0,0,0
eclipse.pde.ui-20100428-1600,a.classes.fields,AddPublicField,1,1,0,0,6,0,0,0,-1.0,0,0
eclipse.pde.ui-20100428-1600,a.classes.fields,RemovePackageField,0,0,0,0,5,0,0,0,-1.0,0,0
eclipse.pde.ui-20100428-1600,a.classes.fields,RemovePrivateField,0,0,1,1,8,1,0,0,-1.0,0,0
eclipse.pde.ui-20100428-1600,a.classes.fields,RemoveProtectedField,0,0,0,0,5,0,0,0,-1.0,0,0
eclipse.pde.ui-20100428-1600,a.classes.fields,RemoveProtectedFieldNoExtend,0,0,0,0,5,0,0,0,-1.0,0,0
eclipse.pde.ui-20100428-1600,a.classes.fields,RemoveProtectedFieldNoExtendNoInstantiate,0,0,0,0,6,0,0,0,-1.0,0,0
eclipse.pde.ui-20100428-1600,a.classes.fields,RemoveProtectedFieldNoInstantiate,0,0,0,0,5,0,0,0,-1.0,0,0
eclipse.pde.ui-20100428-1600,a.classes.fields,RemoveProtectedFieldNoReference,0,0,0,0,5,0,0,0,-1.0,0,0
eclipse.pde.ui-20100428-1600,a.classes.fields,RemovePublicField,0,0,0,0,5,0,0,0,-1.0,0,0
eclipse.pde.ui-20100428-1600,a.classes.fields,RemovePublicFieldNoExtend,0,0,0,0,5,0,0,0,-1.0,0,0
eclipse.pde.ui-20100428-1600,a.classes.fields,RemovePublicFieldNoExtendNoInstantiate,0,0,0,0,6,0,0,0,-1.0,0,0
eclipse.pde.ui-20100428-1600,a.classes.fields,RemovePublicFieldNoInstantiate,0,0,0,0,5,0,0,0,-1.0,0,0
eclipse.pde.ui-20100428-1600,a.classes.fields,RemovePublicFieldNoReference,0,0,0,0,5,0,0,0,-1.0,0,0
eclipse.pde.ui-20100428-1600,a.classes.fields,RemoveTwoPublicFields,0,0,0,0,5,0,0,0,-1.0,0,0
eclipse.pde.ui-20100428-1600,a.classes.hierarchy,AddInterfaceA,0,0,1,1,7,1,0,0,-1.0,0,0
eclipse.pde.ui-20100428-1600,a.classes.hierarchy,ChangeInterfaceFromAtoB,0,0,2,2,10,2,0,1,-1.0,0,0
eclipse.pde.ui-20100428-1600,a.classes.hierarchy,ChangedFromAtoD,0,0,0,0,4,0,0,1,-1.0,0,0
eclipse.pde.ui-20100428-1600,a.classes.hierarchy,ClassA,0,0,0,0,5,0,3,0,-1.0,0,0
eclipse.pde.ui-20100428-1600,a.classes.hierarchy,ClassB,0,0,0,0,5,0,2,1,-1.0,0,0
eclipse.pde.ui-20100428-1600,a.classes.hierarchy,ClassC,0,0,0,0,5,0,3,2,-1.0,0,0
eclipse.pde.ui-20100428-1600,a.classes.hierarchy,ClassD,0,0,0,0,4,0,1,0,-1.0,0,0
eclipse.pde.ui-20100428-1600,a.classes.hierarchy,InterfaceA,0,0,1,1,5,1,5,0,-1.0,0,0
eclipse.pde.ui-20100428-1600,a.classes.hierarchy,InterfaceB,0,0,1,1,5,1,3,0,-1.0,0,0
eclipse.pde.ui-20100428-1600,a.classes.hierarchy,ReduceFromCtoA,0,0,0,0,5,0,0,3,-1.0,0,0
eclipse.pde.ui-20100428-1600,a.classes.hierarchy,ReduceFromCtoB,0,0,0,0,5,0,0,3,-1.0,0,0
eclipse.pde.ui-20100428-1600,a.classes.hierarchy,ReduceFromCtoObject,0,0,0,0,5,0,0,3,-1.0,0,0
eclipse.pde.ui-20100428-1600,a.classes.hierarchy,ReduceInterfaceFromABtoA,0,0,2,2,10,2,0,1,-1.0,0,0
eclipse.pde.ui-20100428-1600,a.classes.hierarchy,ReduceInterfaceFromABtoEmpty,0,0,2,2,10,2,0,1,-1.0,0,0
eclipse.pde.ui-20100428-1600,a.classes.hierarchy,RemoveConstructorFromInternalSuperclass,0,0,0,0,5,0,0,0,-1.0,0,0
eclipse.pde.ui-20100428-1600,a.classes.hierarchy,RemoveInternalSuperClass,0,0,0,0,4,0,0,0,-1.0,0,0
eclipse.pde.ui-20100428-1600,a.classes.hierarchy,SubClazz,0,0,1,1,6,1,0,1,-1.0,0,0
eclipse.pde.ui-20100428-1600,a.classes.hierarchy,SuperClazz,0,0,0,0,4,0,2,0,-1.0,0,0
eclipse.pde.ui-20100428-1600,a.classes.hierarchy,AddInterfaceA,0,0,1,1,7,1,0,1,-1.0,0,0
eclipse.pde.ui-20100428-1600,a.classes.hierarchy,ChangeInterfaceFromAtoB,0,0,2,2,10,2,0,1,-1.0,0,0
eclipse.pde.ui-20100428-1600,a.classes.hierarchy,ChangedFromAtoD,0,0,0,0,4,0,0,1,-1.0,0,0
eclipse.pde.ui-20100428-1600,a.classes.hierarchy,ReduceFromCtoA,0,0,0,0,5,0,0,1,-1.0,0,0
eclipse.pde.ui-20100428-1600,a.classes.hierarchy,ReduceFromCtoB,0,0,0,0,5,0,0,2,-1.0,0,0
eclipse.pde.ui-20100428-1600,a.classes.hierarchy,ReduceFromCtoObject,0,0,0,0,5,0,0,0,-1.0,0,0
eclipse.pde.ui-20100428-1600,a.classes.hierarchy,ReduceInterfaceFromABtoA,0,0,2,2,10,2,0,1,-1.0,0,0
eclipse.pde.ui-20100428-1600,a.classes.hierarchy,ReduceInterfaceFromABtoEmpty,0,0,2,2,10,2,0,0,-1.0,0,0
eclipse.pde.ui-20100428-1600,a.classes.hierarchy,RemoveConstructorFromInternalSuperclass,0,0,0,0,5,0,0,0,-1.0,0,0
eclipse.pde.ui-20100428-1600,a.classes.hierarchy,RemoveInternalSuperClass,0,0,0,0,4,0,0,0,-1.0,0,0
eclipse.pde.ui-20100428-1600,a.classes.hierarchy,SubClazz,0,0,0,0,4,0,0,1,-1.0,0,0
eclipse.pde.ui-20100428-1600,a.classes.hierarchy,SuperClazz,0,0,1,1,6,1,0,0,-1.0,0,0
eclipse.pde.ui-20100428-1600,a.classes.internal,InternalClass,0,0,0,0,4,0,0,0,-1.0,0,0
eclipse.pde.ui-20100428-1600,a.classes.internal,InternalClassWithConstructor,0,0,1,1,6,1,0,0,-1.0,0,0
eclipse.pde.ui-20100428-1600,a.classes.internal,InternalClassWithMethod,0,0,1,1,6,1,0,0,-1.0,0,0
eclipse.pde.ui-20100428-1600,a.classes.membertypes,PackageToPrivateVisibility,0,0,0,0,6,0,0,0,-1.0,0,0
eclipse.pde.ui-20100428-1600,a.classes.membertypes,PackageToPrivate,0,0,0,0,2,0,0,0,-1.0,0,0
eclipse.pde.ui-20100428-1600,a.classes.membertypes,ProtectedToPackageVisibility,0,0,0,0,6,0,0,0,-1.0,0,0
eclipse.pde.ui-20100428-1600,a.classes.membertypes,ProtectedToPackage,0,0,0,0,2,0,0,0,-1.0,0,0
eclipse.pde.ui-20100428-1600,a.classes.membertypes,ProtectedToPackageVisibilityNoExtend,0,0,0,0,7,0,0,0,-1.0,0,0
eclipse.pde.ui-20100428-1600,a.classes.membertypes,ProtectedToPackage,0,0,0,0,2,0,0,0,-1.0,0,0
eclipse.pde.ui-20100428-1600,a.classes.membertypes,ProtectedToPrivateVisibility,0,0,0,0,6,0,0,0,-1.0,0,0
eclipse.pde.ui-20100428-1600,a.classes.membertypes,ProtectedToPrivate,0,0,0,0,2,0,0,0,-1.0,0,0
eclipse.pde.ui-20100428-1600,a.classes.membertypes,ProtectedToPrivateVisibilityNoExtend,0,0,0,0,7,0,0,0,-1.0,0,0
eclipse.pde.ui-20100428-1600,a.classes.membertypes,ProtectedToPrivate,0,0,0,0,2,0,0,0,-1.0,0,0
eclipse.pde.ui-20100428-1600,a.classes.membertypes,PublicToPackageVisibility,0,0,0,0,6,0,0,0,-1.0,0,0
eclipse.pde.ui-20100428-1600,a.classes.membertypes,PublicToPackage,0,0,0,0,2,0,0,0,-1.0,0,0
eclipse.pde.ui-20100428-1600,a.classes.membertypes,PublicToPrivateVisibility,0,0,0,0,6,0,0,0,-1.0,0,0
eclipse.pde.ui-20100428-1600,a.classes.membertypes,PublicToPrivate,0,0,0,0,2,0,0,0,-1.0,0,0
eclipse.pde.ui-20100428-1600,a.classes.membertypes,PublicToProtectedVisibility,0,0,0,0,6,0,0,0,-1.0,0,0
eclipse.pde.ui-20100428-1600,a.classes.membertypes,PublicToProtected,0,0,0,0,2,0,0,0,-1.0,0,0
eclipse.pde.ui-20100428-1600,a.classes.membertypes,RemovePackageMemberType,0,0,0,0,6,0,0,0,-1.0,0,0
eclipse.pde.ui-20100428-1600,a.classes.membertypes,PacakgeType,0,0,0,0,2,0,0,0,-1.0,0,0
eclipse.pde.ui-20100428-1600,a.classes.membertypes,RemovePrivateMemberType,0,0,1,0,9,1,0,0,-1.0,0,0
eclipse.pde.ui-20100428-1600,a.classes.membertypes,PrivateType,0,0,0,0,2,0,0,0,-1.0,0,0
eclipse.pde.ui-20100428-1600,a.classes.membertypes,RemoveProtectedMemberType,0,0,0,0,6,0,0,0,-1.0,0,0
eclipse.pde.ui-20100428-1600,a.classes.membertypes,ProtectedType,0,0,0,0,2,0,0,0,-1.0,0,0
eclipse.pde.ui-20100428-1600,a.classes.membertypes,RemoveProtectedMemberTypeNoExtend,0,0,0,0,7,0,0,0,-1.0,0,0
eclipse.pde.ui-20100428-1600,a.classes.membertypes,ProtectedType,0,0,0,0,2,0,0,0,-1.0,0,0
eclipse.pde.ui-20100428-1600,a.classes.membertypes,RemovePublicMemberType,0,0,0,0,6,0,0,0,-1.0,0,0
eclipse.pde.ui-20100428-1600,a.classes.membertypes,PublicType,0,0,0,0,2,0,0,0,-1.0,0,0
eclipse.pde.ui-20100428-1600,a.classes.membertypes,PackageToPrivateVisibility,0,0,0,0,6,0,0,0,-1.0,0,0
eclipse.pde.ui-20100428-1600,a.classes.membertypes,PackageToPrivate,0,0,0,0,2,0,0,0,-1.0,0,0
eclipse.pde.ui-20100428-1600,a.classes.membertypes,ProtectedToPackageVisibility,0,0,0,0,6,0,0,0,-1.0,0,0
eclipse.pde.ui-20100428-1600,a.classes.membertypes,ProtectedToPackage,0,0,0,0,2,0,0,0,-1.0,0,0
eclipse.pde.ui-20100428-1600,a.classes.membertypes,ProtectedToPackageVisibilityNoExtend,0,0,0,0,7,0,0,0,-1.0,0,0
eclipse.pde.ui-20100428-1600,a.classes.membertypes,ProtectedToPackage,0,0,0,0,2,0,0,0,-1.0,0,0
eclipse.pde.ui-20100428-1600,a.classes.membertypes,ProtectedToPrivateVisibility,0,0,0,0,6,0,0,0,-1.0,0,0
eclipse.pde.ui-20100428-1600,a.classes.membertypes,ProtectedToPrivate,0,0,0,0,2,0,0,0,-1.0,0,0
eclipse.pde.ui-20100428-1600,a.classes.membertypes,ProtectedToPrivateVisibilityNoExtend,0,0,0,0,7,0,0,0,-1.0,0,0
eclipse.pde.ui-20100428-1600,a.classes.membertypes,ProtectedToPrivate,0,0,0,0,2,0,0,0,-1.0,0,0
eclipse.pde.ui-20100428-1600,a.classes.membertypes,PublicToPackageVisibility,0,0,0,0,6,0,0,0,-1.0,0,0
eclipse.pde.ui-20100428-1600,a.classes.membertypes,PublicToPackage,0,0,0,0,2,0,0,0,-1.0,0,0
eclipse.pde.ui-20100428-1600,a.classes.membertypes,PublicToPrivateVisibility,0,0,0,0,6,0,0,0,-1.0,0,0
eclipse.pde.ui-20100428-1600,a.classes.membertypes,PublicToPrivate,0,0,0,0,2,0,0,0,-1.0,0,0
eclipse.pde.ui-20100428-1600,a.classes.membertypes,PublicToProtectedVisibility,0,0,0,0,6,0,0,0,-1.0,0,0
eclipse.pde.ui-20100428-1600,a.classes.membertypes,PublicToProtected,0,0,0,0,2,0,0,0,-1.0,0,0
eclipse.pde.ui-20100428-1600,a.classes.membertypes,RemovePackageMemberType,0,0,0,0,4,0,0,0,-1.0,0,0
eclipse.pde.ui-20100428-1600,a.classes.membertypes,RemovePrivateMemberType,0,0,0,0,4,0,0,0,-1.0,0,0
eclipse.pde.ui-20100428-1600,a.classes.membertypes,RemoveProtectedMemberType,0,0,0,0,4,0,0,0,-1.0,0,0
eclipse.pde.ui-20100428-1600,a.classes.membertypes,RemoveProtectedMemberTypeNoExtend,0,0,0,0,5,0,0,0,-1.0,0,0
eclipse.pde.ui-20100428-1600,a.classes.membertypes,RemovePublicMemberType,0,0,0,0,4,0,0,0,-1.0,0,0
eclipse.pde.ui-20100428-1600,a.classes.methods,AddAbstractMethod,0,0,0,0,4,0,0,0,-1.0,0,0
eclipse.pde.ui-20100428-1600,a.classes.methods,AddAbstractMethodNoExtend,0,0,0,0,5,0,0,0,-1.0,0,0
eclipse.pde.ui-20100428-1600,a.classes.methods,AddPrivateMethod,0,0,1,1,8,1,0,0,-1.0,0,0
eclipse.pde.ui-20100428-1600,a.classes.methods,AddProtectedMethod,0,0,1,1,8,1,0,0,-1.0,0,0
eclipse.pde.ui-20100428-1600,a.classes.methods,AddPublicMethod,0,0,1,1,8,1,0,0,-1.0,0,0
eclipse.pde.ui-20100428-1600,a.classes.methods,RemovePackageMethod,0,0,1,0,8,1,0,0,-1.0,0,0
eclipse.pde.ui-20100428-1600,a.classes.methods,RemovePrivateMethod,0,0,2,1,11,2,0,0,-1.0,0,0
eclipse.pde.ui-20100428-1600,a.classes.methods,RemoveProtectedMethod,0,0,1,0,8,1,0,0,-1.0,0,0
eclipse.pde.ui-20100428-1600,a.classes.methods,RemoveProtectedMethodNoExtend,0,0,1,0,8,1,0,0,-1.0,0,0
eclipse.pde.ui-20100428-1600,a.classes.methods,RemoveProtectedMethodNoExtend2,0,0,1,0,8,1,0,0,-1.0,0,0
eclipse.pde.ui-20100428-1600,a.classes.methods,RemoveProtectedMethodNoExtendNoInstantiate,0,0,1,0,9,1,0,0,-1.0,0,0
eclipse.pde.ui-20100428-1600,a.classes.methods,RemoveProtectedMethodNoInstantiate,0,0,1,0,8,1,0,0,-1.0,0,0
eclipse.pde.ui-20100428-1600,a.classes.methods,RemoveProtectedMethodNoOverride,0,0,1,0,10,1,0,0,-1.0,0,0
eclipse.pde.ui-20100428-1600,a.classes.methods,RemoveProtectedMethodNoReference,0,0,1,0,10,1,0,0,-1.0,0,0
eclipse.pde.ui-20100428-1600,a.classes.methods,RemovePublicMethod,0,0,1,1,8,1,0,0,-1.0,0,0
eclipse.pde.ui-20100428-1600,a.classes.methods,RemovePublicMethodNoExtend,0,0,1,1,8,1,0,0,-1.0,0,0
eclipse.pde.ui-20100428-1600,a.classes.methods,RemovePublicMethodNoExtendNoInstantiate,0,0,1,1,9,1,0,0,-1.0,0,0
eclipse.pde.ui-20100428-1600,a.classes.methods,RemovePublicMethodNoInstantiate,0,0,1,1,8,1,0,0,-1.0,0,0
eclipse.pde.ui-20100428-1600,a.classes.methods,RemovePublicMethodNoOverride,0,0,1,1,10,1,0,0,-1.0,0,0
eclipse.pde.ui-20100428-1600,a.classes.methods,RemovePublicMethodNoReference,0,0,1,1,10,1,0,0,-1.0,0,0
eclipse.pde.ui-20100428-1600,a.classes.methods,RemoveTwoPublicMethods,0,0,2,2,11,2,0,0,-1.0,0,0
eclipse.pde.ui-20100428-1600,a.classes.methods,AddAbstractMethod,0,0,1,1,5,1,0,0,-1.0,0,0
eclipse.pde.ui-20100428-1600,a.classes.methods,AddAbstractMethodNoExtend,0,0,1,1,6,1,0,0,-1.0,0,0
eclipse.pde.ui-20100428-1600,a.classes.methods,AddPrivateMethod,0,0,2,1,11,2,0,0,-1.0,0,0
eclipse.pde.ui-20100428-1600,a.classes.methods,AddProtectedMethod,0,0,2,1,11,2,0,0,-1.0,0,0
eclipse.pde.ui-20100428-1600,a.classes.methods,AddPublicMethod,0,0,2,2,11,2,0,0,-1.0,0,0
eclipse.pde.ui-20100428-1600,a.classes.methods,RemovePackageMethod,0,0,0,0,5,0,0,0,-1.0,0,0
eclipse.pde.ui-20100428-1600,a.classes.methods,RemovePrivateMethod,0,0,1,1,8,1,0,0,-1.0,0,0
eclipse.pde.ui-20100428-1600,a.classes.methods,RemoveProtectedMethod,0,0,0,0,5,0,0,0,-1.0,0,0
eclipse.pde.ui-20100428-1600,a.classes.methods,RemoveProtectedMethodNoExtend,0,0,0,0,5,0,0,0,-1.0,0,0
eclipse.pde.ui-20100428-1600,a.classes.methods,RemoveProtectedMethodNoExtend2,0,0,1,0,5,1,0,0,-1.0,0,0
eclipse.pde.ui-20100428-1600,a.classes.methods,RemoveProtectedMethodNoExtendNoInstantiate,0,0,0,0,6,0,0,0,-1.0,0,0
eclipse.pde.ui-20100428-1600,a.classes.methods,RemoveProtectedMethodNoInstantiate,0,0,0,0,5,0,0,0,-1.0,0,0
eclipse.pde.ui-20100428-1600,a.classes.methods,RemoveProtectedMethodNoOverride,0,0,0,0,4,0,0,0,-1.0,0,0
eclipse.pde.ui-20100428-1600,a.classes.methods,RemoveProtectedMethodNoReference,0,0,0,0,4,0,0,0,-1.0,0,0
eclipse.pde.ui-20100428-1600,a.classes.methods,RemovePublicMethod,0,0,0,0,5,0,0,0,-1.0,0,0
eclipse.pde.ui-20100428-1600,a.classes.methods,RemovePublicMethodNoExtend,0,0,0,0,5,0,0,0,-1.0,0,0
eclipse.pde.ui-20100428-1600,a.classes.methods,RemovePublicMethodNoExtendNoInstantiate,0,0,0,0,6,0,0,0,-1.0,0,0
eclipse.pde.ui-20100428-1600,a.classes.methods,RemovePublicMethodNoInstantiate,0,0,0,0,5,0,0,0,-1.0,0,0
eclipse.pde.ui-20100428-1600,a.classes.methods,RemovePublicMethodNoOverride,0,0,0,0,4,0,0,0,-1.0,0,0
eclipse.pde.ui-20100428-1600,a.classes.methods,RemovePublicMethodNoReference,0,0,0,0,4,0,0,0,-1.0,0,0
eclipse.pde.ui-20100428-1600,a.classes.methods,RemoveTwoPublicMethods,0,0,0,0,5,0,0,0,-1.0,0,0
eclipse.pde.ui-20100428-1600,a.classes.modifiers,AddAbstract,0,0,0,0,4,0,0,0,-1.0,0,0
eclipse.pde.ui-20100428-1600,a.classes.modifiers,AddAbstractNoExtend,0,0,0,0,5,0,0,0,-1.0,0,0
eclipse.pde.ui-20100428-1600,a.classes.modifiers,AddAbstractNoExtendNoInstantiate,0,0,0,0,6,0,0,0,-1.0,0,0
eclipse.pde.ui-20100428-1600,a.classes.modifiers,AddAbstractNoInstantiate,0,0,0,0,5,0,0,0,-1.0,0,0
eclipse.pde.ui-20100428-1600,a.classes.modifiers,AddFinal,0,0,0,0,4,0,0,0,-1.0,0,0
eclipse.pde.ui-20100428-1600,a.classes.modifiers,AddFinalNoExtend,0,0,0,0,5,0,0,0,-1.0,0,0
eclipse.pde.ui-20100428-1600,a.classes.modifiers,AddFinalNoExtendNoInstantiate,0,0,0,0,6,0,0,0,-1.0,0,0
eclipse.pde.ui-20100428-1600,a.classes.modifiers,AddFinalNoInstantiate,0,0,0,0,5,0,0,0,-1.0,0,0
eclipse.pde.ui-20100428-1600,a.classes.modifiers,AddFinalRemoveNoExtend,0,0,0,0,5,0,0,0,-1.0,0,0
eclipse.pde.ui-20100428-1600,a.classes.modifiers,PublicToPackageVisibility,0,0,0,0,4,0,0,0,-1.0,0,0
eclipse.pde.ui-20100428-1600,a.classes.modifiers,RemoveFinal,0,0,0,0,4,0,0,0,-1.0,0,0
eclipse.pde.ui-20100428-1600,a.classes.modifiers,RemoveFinalAddNoExtend,0,0,1,1,6,1,0,0,-1.0,0,0
eclipse.pde.ui-20100428-1600,a.classes.modifiers,AddAbstract,0,0,0,0,4,0,0,0,-1.0,0,0
eclipse.pde.ui-20100428-1600,a.classes.modifiers,AddAbstractNoExtend,0,0,0,0,5,0,0,0,-1.0,0,0
eclipse.pde.ui-20100428-1600,a.classes.modifiers,AddAbstractNoExtendNoInstantiate,0,0,0,0,6,0,0,0,-1.0,0,0
eclipse.pde.ui-20100428-1600,a.classes.modifiers,AddAbstractNoInstantiate,0,0,0,0,5,0,0,0,-1.0,0,0
eclipse.pde.ui-20100428-1600,a.classes.modifiers,AddFinal,0,0,0,0,4,0,0,0,-1.0,0,0
eclipse.pde.ui-20100428-1600,a.classes.modifiers,AddFinalNoExtend,0,0,0,0,5,0,0,0,-1.0,0,0
eclipse.pde.ui-20100428-1600,a.classes.modifiers,AddFinalNoExtendNoInstantiate,0,0,0,0,6,0,0,0,-1.0,0,0
eclipse.pde.ui-20100428-1600,a.classes.modifiers,AddFinalNoInstantiate,0,0,0,0,5,0,0,0,-1.0,0,0
eclipse.pde.ui-20100428-1600,a.classes.modifiers,AddFinalRemoveNoExtend,0,0,0,0,4,0,0,0,-1.0,0,0
eclipse.pde.ui-20100428-1600,a.classes.modifiers,PublicToPackageVisibility,0,0,0,0,4,0,0,0,-1.0,0,0
eclipse.pde.ui-20100428-1600,a.classes.modifiers,RemoveFinal,0,0,0,0,4,0,0,0,-1.0,0,0
eclipse.pde.ui-20100428-1600,a.classes.modifiers,RemoveFinalAddNoExtend,0,0,1,1,7,1,0,0,-1.0,0,0
eclipse.pde.ui-20100428-1600,a.classes.restrictions,AbstractAddNoInstantiate,0,0,0,0,4,0,0,0,-1.0,0,0
eclipse.pde.ui-20100428-1600,a.classes.restrictions,AbstractRemoveNoInstantiate,0,0,0,0,5,0,0,0,-1.0,0,0
eclipse.pde.ui-20100428-1600,a.classes.restrictions,AddNoExtend,0,0,0,0,4,0,0,0,-1.0,0,0
eclipse.pde.ui-20100428-1600,a.classes.restrictions,AddNoInstantiate,0,0,0,0,4,0,0,0,-1.0,0,0
eclipse.pde.ui-20100428-1600,a.classes.restrictions,FinalAddNoExtend,0,0,0,0,4,0,0,0,-1.0,0,0
eclipse.pde.ui-20100428-1600,a.classes.restrictions,FinalRemoveNoExtend,0,0,0,0,5,0,0,0,-1.0,0,0
eclipse.pde.ui-20100428-1600,a.classes.restrictions,NoInstantiateAddAbstract,0,0,0,0,5,0,0,0,-1.0,0,0
eclipse.pde.ui-20100428-1600,a.classes.restrictions,RemoveNoExtend,0,0,0,0,5,0,0,0,-1.0,0,0
eclipse.pde.ui-20100428-1600,a.classes.restrictions,AbstractAddNoInstantiate,0,0,0,0,5,0,0,0,-1.0,0,0
eclipse.pde.ui-20100428-1600,a.classes.restrictions,AbstractRemoveNoInstantiate,0,0,0,0,4,0,0,0,-1.0,0,0
eclipse.pde.ui-20100428-1600,a.classes.restrictions,AddNoExtend,0,0,0,0,5,0,0,0,-1.0,0,0
eclipse.pde.ui-20100428-1600,a.classes.restrictions,AddNoInstantiate,0,0,0,0,5,0,0,0,-1.0,0,0
eclipse.pde.ui-20100428-1600,a.classes.restrictions,FinalAddNoExtend,0,0,0,0,5,0,0,0,-1.0,0,0
eclipse.pde.ui-20100428-1600,a.classes.restrictions,FinalRemoveNoExtend,0,0,0,0,4,0,0,0,-1.0,0,0
eclipse.pde.ui-20100428-1600,a.classes.restrictions,NoInstantiateAddAbstract,0,0,0,0,5,0,0,0,-1.0,0,0
eclipse.pde.ui-20100428-1600,a.classes.restrictions,RemoveNoExtend,0,0,0,0,4,0,0,0,-1.0,0,0
eclipse.pde.ui-20100428-1600,a.classes.typeparameters,AddClassBound,0,0,0,0,4,0,0,0,-1.0,0,0
eclipse.pde.ui-20100428-1600,a.classes.typeparameters,AddFirstTypeParameter,0,0,0,0,4,0,0,0,-1.0,0,0
eclipse.pde.ui-20100428-1600,a.classes.typeparameters,AddInterfaceBound,0,0,0,0,4,0,0,0,-1.0,0,0
eclipse.pde.ui-20100428-1600,a.classes.typeparameters,AddTypeParameter,0,0,0,0,4,0,0,0,-1.0,0,0
eclipse.pde.ui-20100428-1600,a.classes.typeparameters,Bound,0,0,0,0,4,0,0,0,-1.0,0,0
eclipse.pde.ui-20100428-1600,a.classes.typeparameters,BoundTwo,0,0,0,0,4,0,0,0,-1.0,0,0
eclipse.pde.ui-20100428-1600,a.classes.typeparameters,ChangeClassBound,0,0,0,0,4,0,0,0,-1.0,0,0
eclipse.pde.ui-20100428-1600,a.classes.typeparameters,ChangeInterfaceBound,0,0,0,0,4,0,0,0,-1.0,0,0
eclipse.pde.ui-20100428-1600,a.classes.typeparameters,ConvertToAnnotation,0,0,0,0,4,0,0,0,-1.0,0,0
eclipse.pde.ui-20100428-1600,a.classes.typeparameters,ConvertToEnum,0,0,0,0,4,0,0,0,-1.0,0,0
eclipse.pde.ui-20100428-1600,a.classes.typeparameters,ConvertToInterface,0,0,0,0,4,0,0,0,-1.0,0,0
eclipse.pde.ui-20100428-1600,a.classes.typeparameters,IBound,0,0,0,0,4,0,0,0,-1.0,0,0
eclipse.pde.ui-20100428-1600,a.classes.typeparameters,IBoundTwo,0,0,0,0,4,0,0,0,-1.0,0,0
eclipse.pde.ui-20100428-1600,a.classes.typeparameters,RemoveClassBound,0,0,0,0,4,0,0,0,-1.0,0,0
eclipse.pde.ui-20100428-1600,a.classes.typeparameters,RemoveInterfaceBound,0,0,0,0,4,0,0,0,-1.0,0,0
eclipse.pde.ui-20100428-1600,a.classes.typeparameters,RemoveSecondInterfaceBound,0,0,0,0,4,0,0,0,-1.0,0,0
eclipse.pde.ui-20100428-1600,a.classes.typeparameters,RemoveTypeParameter,0,0,1,1,6,1,0,0,-1.0,0,0
eclipse.pde.ui-20100428-1600,a.classes.typeparameters,AddClassBound,0,0,0,0,4,0,0,0,-1.0,0,0
eclipse.pde.ui-20100428-1600,a.classes.typeparameters,AddFirstTypeParameter,0,0,0,0,4,0,0,0,-1.0,0,0
eclipse.pde.ui-20100428-1600,a.classes.typeparameters,AddInterfaceBound,0,0,0,0,4,0,0,0,-1.0,0,0
eclipse.pde.ui-20100428-1600,a.classes.typeparameters,AddTypeParameter,0,0,0,0,4,0,0,0,-1.0,0,0
eclipse.pde.ui-20100428-1600,a.classes.typeparameters,ChangeClassBound,0,0,0,0,4,0,0,0,-1.0,0,0
eclipse.pde.ui-20100428-1600,a.classes.typeparameters,ChangeInterfaceBound,0,0,0,0,4,0,0,0,-1.0,0,0
eclipse.pde.ui-20100428-1600,a.classes.typeparameters,ConvertToInterface,0,0,0,0,4,0,0,0,-1.0,0,0
eclipse.pde.ui-20100428-1600,a.classes.typeparameters,RemoveClassBound,0,0,0,0,4,0,0,0,-1.0,0,0
eclipse.pde.ui-20100428-1600,a.classes.typeparameters,RemoveInterfaceBound,0,0,0,0,4,0,0,0,-1.0,0,0
eclipse.pde.ui-20100428-1600,a.classes.typeparameters,RemoveSecondInterfaceBound,0,0,0,0,4,0,0,0,-1.0,0,0
eclipse.pde.ui-20100428-1600,a.classes.typeparameters,RemoveTypeParameter,0,0,1,1,6,1,0,0,-1.0,0,0
eclipse.pde.ui-20100428-1600,a.constructors,AddTypeParameter,0,0,1,1,6,1,0,0,-1.0,0,0
eclipse.pde.ui-20100428-1600,a.constructors,ArrayToVarArgs,0,0,1,1,6,1,0,0,-1.0,0,0
eclipse.pde.ui-20100428-1600,a.constructors,ProtectedToPackage,0,0,1,0,6,1,0,0,-1.0,0,0
eclipse.pde.ui-20100428-1600,a.constructors,ProtectedToPackageNoReference,0,0,1,0,9,1,0,0,-1.0,0,0
eclipse.pde.ui-20100428-1600,a.constructors,ProtectedToPrivate,0,0,1,0,6,1,0,0,-1.0,0,0
eclipse.pde.ui-20100428-1600,a.constructors,ProtectedToPrivateNoExtend,0,0,1,0,7,1,0,0,-1.0,0,0
eclipse.pde.ui-20100428-1600,a.constructors,PublicToPackage,0,0,1,1,6,1,0,0,-1.0,0,0
eclipse.pde.ui-20100428-1600,a.constructors,PublicToPrivate,0,0,1,1,6,1,0,0,-1.0,0,0
eclipse.pde.ui-20100428-1600,a.constructors,PublicToPrivateNoReference,0,0,1,1,9,1,0,0,-1.0,0,0
eclipse.pde.ui-20100428-1600,a.constructors,PublicToProtected,0,0,1,1,6,1,0,0,-1.0,0,0
eclipse.pde.ui-20100428-1600,a.constructors,RemoveTypeParameter,0,0,1,1,6,1,0,0,-1.0,0,0
eclipse.pde.ui-20100428-1600,a.constructors,VarArgsToArray,0,0,1,1,6,1,0,0,-1.0,0,0
eclipse.pde.ui-20100428-1600,a.constructors,AddTypeParameter,0,0,1,1,6,1,0,0,-1.0,0,0
eclipse.pde.ui-20100428-1600,a.constructors,ArrayToVarArgs,0,0,1,1,6,1,0,0,-1.0,0,0
eclipse.pde.ui-20100428-1600,a.constructors,ProtectedToPackage,0,0,1,0,6,1,0,0,-1.0,0,0
eclipse.pde.ui-20100428-1600,a.constructors,ProtectedToPackageNoReference,0,0,1,0,9,1,0,0,-1.0,0,0
eclipse.pde.ui-20100428-1600,a.constructors,ProtectedToPrivate,0,0,1,0,6,1,0,0,-1.0,0,0
eclipse.pde.ui-20100428-1600,a.constructors,ProtectedToPrivateNoExtend,0,0,1,0,7,1,0,0,-1.0,0,0
eclipse.pde.ui-20100428-1600,a.constructors,PublicToPackage,0,0,1,0,6,1,0,0,-1.0,0,0
eclipse.pde.ui-20100428-1600,a.constructors,PublicToPrivate,0,0,1,0,6,1,0,0,-1.0,0,0
eclipse.pde.ui-20100428-1600,a.constructors,PublicToPrivateNoReference,0,0,1,0,9,1,0,0,-1.0,0,0
eclipse.pde.ui-20100428-1600,a.constructors,PublicToProtected,0,0,1,0,6,1,0,0,-1.0,0,0
eclipse.pde.ui-20100428-1600,a.constructors,RemoveTypeParameter,0,0,1,1,6,1,0,0,-1.0,0,0
eclipse.pde.ui-20100428-1600,a.constructors,VarArgsToArray,0,0,1,1,6,1,0,0,-1.0,0,0
eclipse.pde.ui-20100428-1600,a.enums,MemberType,0,0,0,0,2,0,0,0,-1.0,0,0
eclipse.pde.ui-20100428-1600,a.enums,ToClass,0,0,0,0,4,0,0,0,-1.0,0,0
eclipse.pde.ui-20100428-1600,a.enums,ToInterface,0,0,0,0,4,0,0,0,-1.0,0,0
eclipse.pde.ui-20100428-1600,a.fields.modifiers,AddFinal,1,1,0,0,5,0,0,0,-1.0,0,0
eclipse.pde.ui-20100428-1600,a.fields.modifiers,AddFinalNoReference,1,1,0,0,8,0,0,0,-1.0,0,0
eclipse.pde.ui-20100428-1600,a.fields.modifiers,AddFinalOnStatic,1,1,0,0,5,0,0,0,-1.0,0,0
eclipse.pde.ui-20100428-1600,a.fields.modifiers,AddFinalOnStaticNoReference,1,1,0,0,8,0,0,0,-1.0,0,0
eclipse.pde.ui-20100428-1600,a.fields.modifiers,AddNoReference,1,1,0,0,5,0,0,0,-1.0,0,0
eclipse.pde.ui-20100428-1600,a.fields.modifiers,AddStatic,1,1,0,0,5,0,0,0,-1.0,0,0
eclipse.pde.ui-20100428-1600,a.fields.modifiers,AddStaticNoReference,1,1,0,0,8,0,0,0,-1.0,0,0
eclipse.pde.ui-20100428-1600,a.fields.modifiers,AddTypeArguments,1,1,0,0,5,0,0,0,-1.0,0,0
eclipse.pde.ui-20100428-1600,a.fields.modifiers,ChangeType,1,1,0,0,5,0,0,0,-1.0,0,0
eclipse.pde.ui-20100428-1600,a.fields.modifiers,ChangeTypeNoExtend,1,0,0,0,6,0,0,0,-1.0,0,0
eclipse.pde.ui-20100428-1600,a.fields.modifiers,ChangeTypeNoReference,1,1,0,0,8,0,0,0,-1.0,0,0
eclipse.pde.ui-20100428-1600,a.fields.modifiers,GeneralizeType,1,1,0,0,5,0,0,0,-1.0,0,0
eclipse.pde.ui-20100428-1600,a.fields.modifiers,GeneralizeTypeNoExtend,1,0,0,0,6,0,0,0,-1.0,0,0
eclipse.pde.ui-20100428-1600,a.fields.modifiers,GeneralizeTypeNoReference,1,1,0,0,8,0,0,0,-1.0,0,0
eclipse.pde.ui-20100428-1600,a.fields.modifiers,ModifyValue,1,1,0,0,5,0,0,0,-1.0,0,0
eclipse.pde.ui-20100428-1600,a.fields.modifiers,ProtectedToPackage,1,0,0,0,5,0,0,0,-1.0,0,0
eclipse.pde.ui-20100428-1600,a.fields.modifiers,ProtectedToPackageNoReference,1,0,0,0,8,0,0,0,-1.0,0,0
eclipse.pde.ui-20100428-1600,a.fields.modifiers,ProtectedToPackageRemoveNoReference,1,0,0,0,8,0,0,0,-1.0,0,0
eclipse.pde.ui-20100428-1600,a.fields.modifiers,ProtectedToPrivate,1,0,0,0,5,0,0,0,-1.0,0,0
eclipse.pde.ui-20100428-1600,a.fields.modifiers,ProtectedToPrivateNoExtend,1,0,0,0,6,0,0,0,-1.0,0,0
eclipse.pde.ui-20100428-1600,a.fields.modifiers,PublicToPackage,1,1,0,0,5,0,0,0,-1.0,0,0
eclipse.pde.ui-20100428-1600,a.fields.modifiers,PublicToPrivate,1,1,0,0,5,0,0,0,-1.0,0,0
eclipse.pde.ui-20100428-1600,a.fields.modifiers,PublicToPrivateNoReference,1,1,0,0,8,0,0,0,-1.0,0,0
eclipse.pde.ui-20100428-1600,a.fields.modifiers,PublicToProtected,1,1,0,0,5,0,0,0,-1.0,0,0
eclipse.pde.ui-20100428-1600,a.fields.modifiers,RemoveFinalOnConstant,1,1,0,0,5,0,0,0,-1.0,0,0
eclipse.pde.ui-20100428-1600,a.fields.modifiers,RemoveStatic,1,1,0,0,5,0,0,0,-1.0,0,0
eclipse.pde.ui-20100428-1600,a.fields.modifiers,RemoveStaticNoReference,1,1,0,0,8,0,0,0,-1.0,0,0
eclipse.pde.ui-20100428-1600,a.fields.modifiers,RemoveTypeArguments,1,1,0,0,5,0,0,0,-1.0,0,0
eclipse.pde.ui-20100428-1600,a.fields.modifiers,SpecializeType,1,1,0,0,5,0,0,0,-1.0,0,0
eclipse.pde.ui-20100428-1600,a.fields.modifiers,AddFinal,1,1,0,0,5,0,0,0,-1.0,0,0
eclipse.pde.ui-20100428-1600,a.fields.modifiers,AddFinalNoReference,1,1,0,0,8,0,0,0,-1.0,0,0
eclipse.pde.ui-20100428-1600,a.fields.modifiers,AddFinalOnStatic,1,1,0,0,5,0,0,0,-1.0,0,0
eclipse.pde.ui-20100428-1600,a.fields.modifiers,AddFinalOnStaticNoReference,1,1,0,0,8,0,0,0,-1.0,0,0
eclipse.pde.ui-20100428-1600,a.fields.modifiers,AddNoReference,1,1,0,0,8,0,0,0,-1.0,0,0
eclipse.pde.ui-20100428-1600,a.fields.modifiers,AddStatic,1,1,0,0,5,0,0,0,-1.0,0,0
eclipse.pde.ui-20100428-1600,a.fields.modifiers,AddStaticNoReference,1,1,0,0,8,0,0,0,-1.0,0,0
eclipse.pde.ui-20100428-1600,a.fields.modifiers,AddTypeArguments,1,1,0,0,5,0,0,0,-1.0,0,0
eclipse.pde.ui-20100428-1600,a.fields.modifiers,ChangeType,1,1,0,0,5,0,0,0,-1.0,0,0
eclipse.pde.ui-20100428-1600,a.fields.modifiers,ChangeTypeNoExtend,1,0,0,0,6,0,0,0,-1.0,0,0
eclipse.pde.ui-20100428-1600,a.fields.modifiers,ChangeTypeNoReference,1,1,0,0,8,0,0,0,-1.0,0,0
eclipse.pde.ui-20100428-1600,a.fields.modifiers,GeneralizeType,1,1,0,0,5,0,0,0,-1.0,0,0
eclipse.pde.ui-20100428-1600,a.fields.modifiers,GeneralizeTypeNoExtend,1,0,0,0,6,0,0,0,-1.0,0,0
eclipse.pde.ui-20100428-1600,a.fields.modifiers,GeneralizeTypeNoReference,1,1,0,0,8,0,0,0,-1.0,0,0
eclipse.pde.ui-20100428-1600,a.fields.modifiers,ModifyValue,1,1,0,0,5,0,0,0,-1.0,0,0
eclipse.pde.ui-20100428-1600,a.fields.modifiers,ProtectedToPackage,1,0,0,0,5,0,0,0,-1.0,0,0
eclipse.pde.ui-20100428-1600,a.fields.modifiers,ProtectedToPackageNoReference,1,0,0,0,8,0,0,0,-1.0,0,0
eclipse.pde.ui-20100428-1600,a.fields.modifiers,ProtectedToPackageRemoveNoReference,1,0,0,0,7,0,0,0,-1.0,0,0
eclipse.pde.ui-20100428-1600,a.fields.modifiers,ProtectedToPrivate,1,0,0,0,5,0,0,0,-1.0,0,0
eclipse.pde.ui-20100428-1600,a.fields.modifiers,ProtectedToPrivateNoExtend,1,0,0,0,6,0,0,0,-1.0,0,0
eclipse.pde.ui-20100428-1600,a.fields.modifiers,PublicToPackage,1,0,0,0,5,0,0,0,-1.0,0,0
eclipse.pde.ui-20100428-1600,a.fields.modifiers,PublicToPrivate,1,0,0,0,5,0,0,0,-1.0,0,0
eclipse.pde.ui-20100428-1600,a.fields.modifiers,PublicToPrivateNoReference,1,0,0,0,8,0,0,0,-1.0,0,0
eclipse.pde.ui-20100428-1600,a.fields.modifiers,PublicToProtected,1,0,0,0,5,0,0,0,-1.0,0,0
eclipse.pde.ui-20100428-1600,a.fields.modifiers,RemoveFinalOnConstant,1,1,0,0,5,0,0,0,-1.0,0,0
eclipse.pde.ui-20100428-1600,a.fields.modifiers,RemoveStatic,1,1,0,0,5,0,0,0,-1.0,0,0
eclipse.pde.ui-20100428-1600,a.fields.modifiers,RemoveStaticNoReference,1,1,0,0,8,0,0,0,-1.0,0,0
eclipse.pde.ui-20100428-1600,a.fields.modifiers,RemoveTypeArguments,1,1,0,0,5,0,0,0,-1.0,0,0
eclipse.pde.ui-20100428-1600,a.fields.modifiers,SpecializeType,1,1,0,0,5,0,0,0,-1.0,0,0
eclipse.pde.ui-20100428-1600,a.interfaces.members,AddField,0,0,0,0,4,0,0,0,-1.0,0,0
eclipse.pde.ui-20100428-1600,a.interfaces.members,AddFieldNoExtend,0,0,0,0,5,0,0,0,-1.0,0,0
eclipse.pde.ui-20100428-1600,a.interfaces.members,AddFieldNoExtendNoImplement,0,0,0,0,6,0,0,0,-1.0,0,0
eclipse.pde.ui-20100428-1600,a.interfaces.members,AddFieldNoImplement,0,0,0,0,5,0,0,0,-1.0,0,0
eclipse.pde.ui-20100428-1600,a.interfaces.members,AddInterfaceA,0,0,0,0,4,0,0,0,-1.0,0,0
eclipse.pde.ui-20100428-1600,a.interfaces.members,AddInterfaceANoExtend,0,0,0,0,5,0,0,0,-1.0,0,0
eclipse.pde.ui-20100428-1600,a.interfaces.members,AddInterfaceANoExtendNoImplement,0,0,0,0,6,0,0,0,-1.0,0,0
eclipse.pde.ui-20100428-1600,a.interfaces.members,AddInterfaceANoImplement,0,0,0,0,5,0,0,0,-1.0,0,0
eclipse.pde.ui-20100428-1600,a.interfaces.members,AddMemberType,0,0,0,0,4,0,0,0,-1.0,0,0
eclipse.pde.ui-20100428-1600,a.interfaces.members,AddMemberTypeNoImplement,0,0,0,0,5,0,0,0,-1.0,0,0
eclipse.pde.ui-20100428-1600,a.interfaces.members,AddMethod,0,0,0,0,4,0,0,0,-1.0,0,0
eclipse.pde.ui-20100428-1600,a.interfaces.members,AddMethodNoExtend,0,0,0,0,5,0,0,0,-1.0,0,0
eclipse.pde.ui-20100428-1600,a.interfaces.members,AddMethodNoExtendNoImplement,0,0,0,0,6,0,0,0,-1.0,0,0
eclipse.pde.ui-20100428-1600,a.interfaces.members,AddMethodNoImplement,0,0,0,0,5,0,0,0,-1.0,0,0
eclipse.pde.ui-20100428-1600,a.interfaces.members,ReduceFromABtoA,0,0,0,0,4,0,0,0,-1.0,0,0
eclipse.pde.ui-20100428-1600,a.interfaces.members,ReduceFromABtoEmpty,0,0,0,0,4,0,0,0,-1.0,0,0
eclipse.pde.ui-20100428-1600,a.interfaces.members,RemoveField,1,1,0,0,5,0,0,0,-1.0,0,0
eclipse.pde.ui-20100428-1600,a.interfaces.members,RemoveMemberType,0,0,0,0,6,0,0,0,-1.0,0,0
eclipse.pde.ui-20100428-1600,a.interfaces.members,MemberType,0,0,0,0,2,0,0,0,-1.0,0,0
eclipse.pde.ui-20100428-1600,a.interfaces.members,RemoveMethod,0,0,1,1,5,1,0,0,-1.0,0,0
eclipse.pde.ui-20100428-1600,a.interfaces.members,RemoveMethodNoReference,0,0,1,1,8,1,0,0,-1.0,0,0
eclipse.pde.ui-20100428-1600,a.interfaces.members,AddField,1,1,0,0,5,0,0,0,-1.0,0,0
eclipse.pde.ui-20100428-1600,a.interfaces.members,AddFieldNoExtend,1,1,0,0,6,0,0,0,-1.0,0,0
eclipse.pde.ui-20100428-1600,a.interfaces.members,AddFieldNoExtendNoImplement,1,1,0,0,7,0,0,0,-1.0,0,0
eclipse.pde.ui-20100428-1600,a.interfaces.members,AddFieldNoImplement,1,1,0,0,6,0,0,0,-1.0,0,0
eclipse.pde.ui-20100428-1600,a.interfaces.members,AddInterfaceA,0,0,0,0,4,0,0,0,-1.0,0,0
eclipse.pde.ui-20100428-1600,a.interfaces.members,AddInterfaceANoExtend,0,0,0,0,5,0,0,0,-1.0,0,0
eclipse.pde.ui-20100428-1600,a.interfaces.members,AddInterfaceANoExtendNoImplement,0,0,0,0,6,0,0,0,-1.0,0,0
eclipse.pde.ui-20100428-1600,a.interfaces.members,AddInterfaceANoImplement,0,0,0,0,5,0,0,0,-1.0,0,0
eclipse.pde.ui-20100428-1600,a.interfaces.members,AddMemberType,0,0,0,0,6,0,0,0,-1.0,0,0
eclipse.pde.ui-20100428-1600,a.interfaces.members,MemberType,0,0,0,0,2,0,0,0,-1.0,0,0
eclipse.pde.ui-20100428-1600,a.interfaces.members,AddMemberTypeNoImplement,0,0,0,0,7,0,0,0,-1.0,0,0
eclipse.pde.ui-20100428-1600,a.interfaces.members,MemberType,0,0,0,0,2,0,0,0,-1.0,0,0
eclipse.pde.ui-20100428-1600,a.interfaces.members,AddMethod,0,0,1,1,5,1,0,0,-1.0,0,0
eclipse.pde.ui-20100428-1600,a.interfaces.members,AddMethodNoExtend,0,0,1,1,6,1,0,0,-1.0,0,0
eclipse.pde.ui-20100428-1600,a.interfaces.members,AddMethodNoExtendNoImplement,0,0,1,1,7,1,0,0,-1.0,0,0
eclipse.pde.ui-20100428-1600,a.interfaces.members,AddMethodNoImplement,0,0,1,1,6,1,0,0,-1.0,0,0
eclipse.pde.ui-20100428-1600,a.interfaces.members,ReduceFromABtoA,0,0,0,0,4,0,0,0,-1.0,0,0
eclipse.pde.ui-20100428-1600,a.interfaces.members,ReduceFromABtoEmpty,0,0,0,0,4,0,0,0,-1.0,0,0
eclipse.pde.ui-20100428-1600,a.interfaces.members,RemoveField,0,0,0,0,4,0,0,0,-1.0,0,0
eclipse.pde.ui-20100428-1600,a.interfaces.members,RemoveMemberType,0,0,0,0,4,0,0,0,-1.0,0,0
eclipse.pde.ui-20100428-1600,a.interfaces.members,RemoveMethod,0,0,0,0,4,0,0,0,-1.0,0,0
eclipse.pde.ui-20100428-1600,a.interfaces.members,RemoveMethodNoReference,0,0,0,0,4,0,0,0,-1.0,0,0
eclipse.pde.ui-20100428-1600,a.interfaces.restrictions,AddNoExtend,0,0,0,0,4,0,0,0,-1.0,0,0
eclipse.pde.ui-20100428-1600,a.interfaces.restrictions,AddNoExtendNoImplement,0,0,0,0,4,0,0,0,-1.0,0,0
eclipse.pde.ui-20100428-1600,a.interfaces.restrictions,AddNoImplement,0,0,0,0,4,0,0,0,-1.0,0,0
eclipse.pde.ui-20100428-1600,a.interfaces.restrictions,RemoveNoExtend,0,0,0,0,5,0,0,0,-1.0,0,0
eclipse.pde.ui-20100428-1600,a.interfaces.restrictions,RemoveNoExtendNoImplement,0,0,0,0,6,0,0,0,-1.0,0,0
eclipse.pde.ui-20100428-1600,a.interfaces.restrictions,RemoveNoImplement,0,0,0,0,5,0,0,0,-1.0,0,0
eclipse.pde.ui-20100428-1600,a.interfaces.restrictions,AddNoExtend,0,0,0,0,5,0,0,0,-1.0,0,0
eclipse.pde.ui-20100428-1600,a.interfaces.restrictions,AddNoExtendNoImplement,0,0,0,0,6,0,0,0,-1.0,0,0
eclipse.pde.ui-20100428-1600,a.interfaces.restrictions,AddNoImplement,0,0,0,0,5,0,0,0,-1.0,0,0
eclipse.pde.ui-20100428-1600,a.interfaces.restrictions,RemoveNoExtend,0,0,0,0,2,0,0,0,-1.0,0,0
eclipse.pde.ui-20100428-1600,a.interfaces.restrictions,RemoveNoExtendNoImplement,0,0,0,0,2,0,0,0,-1.0,0,0
eclipse.pde.ui-20100428-1600,a.interfaces.restrictions,RemoveNoImplement,0,0,0,0,4,0,0,0,-1.0,0,0
eclipse.pde.ui-20100428-1600,a.interfaces.typeparameters,AddClassBound,0,0,0,0,4,0,0,0,-1.0,0,0
eclipse.pde.ui-20100428-1600,a.interfaces.typeparameters,AddFirstTypeParameter,0,0,0,0,4,0,0,0,-1.0,0,0
eclipse.pde.ui-20100428-1600,a.interfaces.typeparameters,AddInterfaceBound,0,0,0,0,4,0,0,0,-1.0,0,0
eclipse.pde.ui-20100428-1600,a.interfaces.typeparameters,AddTypeParameter,0,0,0,0,4,0,0,0,-1.0,0,0
eclipse.pde.ui-20100428-1600,a.interfaces.typeparameters,ChangeClassBound,0,0,0,0,4,0,0,0,-1.0,0,0
eclipse.pde.ui-20100428-1600,a.interfaces.typeparameters,ChangeInterfaceBound,0,0,0,0,4,0,0,0,-1.0,0,0
eclipse.pde.ui-20100428-1600,a.interfaces.typeparameters,RemoveClassBound,0,0,0,0,4,0,0,0,-1.0,0,0
eclipse.pde.ui-20100428-1600,a.interfaces.typeparameters,RemoveInterfaceBound,0,0,0,0,4,0,0,0,-1.0,0,0
eclipse.pde.ui-20100428-1600,a.interfaces.typeparameters,RemoveSecondInterfaceBound,0,0,0,0,4,0,0,0,-1.0,0,0
eclipse.pde.ui-20100428-1600,a.interfaces.typeparameters,RemoveTypeParameter,0,0,1,1,5,1,0,0,-1.0,0,0
eclipse.pde.ui-20100428-1600,a.interfaces.typeparameters,AddClassBound,0,0,0,0,4,0,0,0,-1.0,0,0
eclipse.pde.ui-20100428-1600,a.interfaces.typeparameters,AddFirstTypeParameter,0,0,0,0,4,0,0,0,-1.0,0,0
eclipse.pde.ui-20100428-1600,a.interfaces.typeparameters,AddInterfaceBound,0,0,0,0,4,0,0,0,-1.0,0,0
eclipse.pde.ui-20100428-1600,a.interfaces.typeparameters,AddTypeParameter,0,0,0,0,4,0,0,0,-1.0,0,0
eclipse.pde.ui-20100428-1600,a.interfaces.typeparameters,ChangeClassBound,0,0,0,0,4,0,0,0,-1.0,0,0
eclipse.pde.ui-20100428-1600,a.interfaces.typeparameters,ChangeInterfaceBound,0,0,0,0,4,0,0,0,-1.0,0,0
eclipse.pde.ui-20100428-1600,a.interfaces.typeparameters,RemoveClassBound,0,0,0,0,4,0,0,0,-1.0,0,0
eclipse.pde.ui-20100428-1600,a.interfaces.typeparameters,RemoveInterfaceBound,0,0,0,0,4,0,0,0,-1.0,0,0
eclipse.pde.ui-20100428-1600,a.interfaces.typeparameters,RemoveSecondInterfaceBound,0,0,0,0,4,0,0,0,-1.0,0,0
eclipse.pde.ui-20100428-1600,a.interfaces.typeparameters,RemoveTypeParameter,0,0,1,1,5,1,0,0,-1.0,0,0
eclipse.pde.ui-20100428-1600,a.methods.modifiers,AddAbstract,0,0,1,1,6,1,0,0,-1.0,0,0
eclipse.pde.ui-20100428-1600,a.methods.modifiers,AddFinal,0,0,1,1,6,1,0,0,-1.0,0,0
eclipse.pde.ui-20100428-1600,a.methods.modifiers,AddFinalNoExtend,0,0,1,1,7,1,0,0,-1.0,0,0
eclipse.pde.ui-20100428-1600,a.methods.modifiers,AddFinalNoOverride,0,0,1,1,9,1,0,0,-1.0,0,0
eclipse.pde.ui-20100428-1600,a.methods.modifiers,AddFinalRemoveNoOverride,0,0,1,1,9,1,0,0,-1.0,0,0
eclipse.pde.ui-20100428-1600,a.methods.modifiers,AddNoOverride,0,0,1,1,6,1,0,0,-1.0,0,0
eclipse.pde.ui-20100428-1600,a.methods.modifiers,AddNoOverrideToFinal,0,0,1,1,6,1,0,0,-1.0,0,0
eclipse.pde.ui-20100428-1600,a.methods.modifiers,AddNoReference,0,0,1,1,6,1,0,0,-1.0,0,0
eclipse.pde.ui-20100428-1600,a.methods.modifiers,AddStatic,0,0,1,1,6,1,0,0,-1.0,0,0
eclipse.pde.ui-20100428-1600,a.methods.modifiers,AddStaticNoReference,0,0,1,1,10,1,0,0,-1.0,0,0
eclipse.pde.ui-20100428-1600,a.methods.modifiers,PrivateToPublicNoReference,0,0,2,0,9,2,0,0,-1.0,0,0
eclipse.pde.ui-20100428-1600,a.methods.modifiers,ProtectedToPackage,0,0,1,0,6,1,0,0,-1.0,0,0
eclipse.pde.ui-20100428-1600,a.methods.modifiers,ProtectedToPackageNoReference,0,0,1,0,9,1,0,0,-1.0,0,0
eclipse.pde.ui-20100428-1600,a.methods.modifiers,ProtectedToPrivate,0,0,1,0,6,1,0,0,-1.0,0,0
eclipse.pde.ui-20100428-1600,a.methods.modifiers,ProtectedToPrivateNoExtend,0,0,1,0,7,1,0,0,-1.0,0,0
eclipse.pde.ui-20100428-1600,a.methods.modifiers,ProtectedToPrivateNoOverride,0,0,1,0,9,1,0,0,-1.0,0,0
eclipse.pde.ui-20100428-1600,a.methods.modifiers,PublicToPackage,0,0,1,1,6,1,0,0,-1.0,0,0
eclipse.pde.ui-20100428-1600,a.methods.modifiers,PublicToPrivate,0,0,1,1,6,1,0,0,-1.0,0,0
eclipse.pde.ui-20100428-1600,a.methods.modifiers,PublicToPrivateNoReference,0,0,1,1,9,1,0,0,-1.0,0,0
eclipse.pde.ui-20100428-1600,a.methods.modifiers,PublicToProtected,0,0,1,1,6,1,0,0,-1.0,0,0
eclipse.pde.ui-20100428-1600,a.methods.modifiers,RemoveNoOverride,0,0,1,1,9,1,0,0,-1.0,0,0
eclipse.pde.ui-20100428-1600,a.methods.modifiers,RemoveNoOverrideToFinal,0,0,1,1,9,1,0,0,-1.0,0,0
eclipse.pde.ui-20100428-1600,a.methods.modifiers,RemoveStatic,0,0,1,1,6,1,0,0,-1.0,0,0
eclipse.pde.ui-20100428-1600,a.methods.modifiers,RemoveStaticNoReference,0,0,1,1,9,1,0,0,-1.0,0,0
eclipse.pde.ui-20100428-1600,a.methods.modifiers,AddAbstract,0,0,1,1,5,1,0,0,-1.0,0,0
eclipse.pde.ui-20100428-1600,a.methods.modifiers,AddFinal,0,0,1,1,6,1,0,0,-1.0,0,0
eclipse.pde.ui-20100428-1600,a.methods.modifiers,AddFinalNoExtend,0,0,1,1,7,1,0,0,-1.0,0,0
eclipse.pde.ui-20100428-1600,a.methods.modifiers,AddFinalNoOverride,0,0,1,1,9,1,0,0,-1.0,0,0
eclipse.pde.ui-20100428-1600,a.methods.modifiers,AddFinalRemoveNoOverride,0,0,1,1,8,1,0,0,-1.0,0,0
eclipse.pde.ui-20100428-1600,a.methods.modifiers,AddNoOverride,0,0,1,1,9,1,0,0,-1.0,0,0
eclipse.pde.ui-20100428-1600,a.methods.modifiers,AddNoOverrideToFinal,0,0,1,1,9,1,0,0,-1.0,0,0
eclipse.pde.ui-20100428-1600,a.methods.modifiers,AddNoReference,0,0,1,1,9,1,0,0,-1.0,0,0
eclipse.pde.ui-20100428-1600,a.methods.modifiers,AddStatic,0,0,1,1,6,1,0,0,-1.0,0,0
eclipse.pde.ui-20100428-1600,a.methods.modifiers,AddStaticNoReference,0,0,1,1,10,1,0,0,-1.0,0,0
eclipse.pde.ui-20100428-1600,a.methods.modifiers,PrivateToPublicNoReference,0,0,2,1,12,2,0,0,-1.0,0,0
eclipse.pde.ui-20100428-1600,a.methods.modifiers,ProtectedToPackage,0,0,1,0,6,1,0,0,-1.0,0,0
eclipse.pde.ui-20100428-1600,a.methods.modifiers,ProtectedToPackageNoReference,0,0,1,0,9,1,0,0,-1.0,0,0
eclipse.pde.ui-20100428-1600,a.methods.modifiers,ProtectedToPrivate,0,0,1,0,6,1,0,0,-1.0,0,0
eclipse.pde.ui-20100428-1600,a.methods.modifiers,ProtectedToPrivateNoExtend,0,0,1,0,7,1,0,0,-1.0,0,0
eclipse.pde.ui-20100428-1600,a.methods.modifiers,ProtectedToPrivateNoOverride,0,0,1,0,9,1,0,0,-1.0,0,0
eclipse.pde.ui-20100428-1600,a.methods.modifiers,PublicToPackage,0,0,1,0,6,1,0,0,-1.0,0,0
eclipse.pde.ui-20100428-1600,a.methods.modifiers,PublicToPrivate,0,0,1,0,6,1,0,0,-1.0,0,0
eclipse.pde.ui-20100428-1600,a.methods.modifiers,PublicToPrivateNoReference,0,0,1,0,9,1,0,0,-1.0,0,0
eclipse.pde.ui-20100428-1600,a.methods.modifiers,PublicToProtected,0,0,1,0,6,1,0,0,-1.0,0,0
eclipse.pde.ui-20100428-1600,a.methods.modifiers,RemoveNoOverride,0,0,1,1,6,1,0,0,-1.0,0,0
eclipse.pde.ui-20100428-1600,a.methods.modifiers,RemoveNoOverrideToFinal,0,0,1,1,6,1,0,0,-1.0,0,0
eclipse.pde.ui-20100428-1600,a.methods.modifiers,RemoveStatic,0,0,1,1,6,1,0,0,-1.0,0,0
eclipse.pde.ui-20100428-1600,a.methods.modifiers,RemoveStaticNoReference,0,0,1,1,9,1,0,0,-1.0,0,0
eclipse.pde.ui-20100428-1600,a.methods.typeparameters,AddTypeParameter,0,0,1,1,6,1,0,0,-1.0,0,0
eclipse.pde.ui-20100428-1600,a.methods.typeparameters,ArrayToVarArgs,0,0,1,1,6,1,0,0,-1.0,0,0
eclipse.pde.ui-20100428-1600,a.methods.typeparameters,RemoveTypeParameter,0,0,1,1,6,1,0,0,-1.0,0,0
eclipse.pde.ui-20100428-1600,a.methods.typeparameters,VarArgsToArray,0,0,1,1,6,1,0,0,-1.0,0,0
eclipse.pde.ui-20100428-1600,a.methods.typeparameters,AddTypeParameter,0,0,1,1,6,1,0,0,-1.0,0,0
eclipse.pde.ui-20100428-1600,a.methods.typeparameters,ArrayToVarArgs,0,0,1,1,6,1,0,0,-1.0,0,0
eclipse.pde.ui-20100428-1600,a.methods.typeparameters,RemoveTypeParameter,0,0,1,1,6,1,0,0,-1.0,0,0
eclipse.pde.ui-20100428-1600,a.methods.typeparameters,VarArgsToArray,0,0,1,1,6,1,0,0,-1.0,0,0
eclipse.pde.ui-20100428-1600,a.since,AddField,0,0,0,0,4,0,0,0,-1.0,0,0
eclipse.pde.ui-20100428-1600,a.since,AddInheritedMethod,0,0,0,0,4,0,0,0,-1.0,0,0
eclipse.pde.ui-20100428-1600,a.since,AddMemberType,0,0,0,0,4,0,0,0,-1.0,0,0
eclipse.pde.ui-20100428-1600,a.since,AddMethod,0,0,0,0,5,0,0,0,-1.0,0,0
eclipse.pde.ui-20100428-1600,a.since,AddMethod2,0,0,0,0,5,0,0,0,-1.0,0,0
eclipse.pde.ui-20100428-1600,a.since,AddNewInterfaceMethod,0,0,0,0,4,0,0,0,-1.0,0,0
eclipse.pde.ui-20100428-1600,a.since,AddNonVisibleMethod,0,0,0,0,4,0,0,0,-1.0,0,0
eclipse.pde.ui-20100428-1600,a.since,AddNonVisibleMethod2,0,0,0,0,5,0,0,0,-1.0,0,0
eclipse.pde.ui-20100428-1600,a.since,AddPrivateField,0,0,0,0,4,0,0,0,-1.0,0,0
eclipse.pde.ui-20100428-1600,a.since,InvalidField,0,0,0,0,4,0,0,0,-1.0,0,0
eclipse.pde.ui-20100428-1600,a.since,InvalidMemberType,0,0,0,0,4,0,0,0,-1.0,0,0
eclipse.pde.ui-20100428-1600,a.since,InvalidMethod,0,0,0,0,4,0,0,0,-1.0,0,0
eclipse.pde.ui-20100428-1600,a.since,MalformedField,0,0,0,0,4,0,0,0,-1.0,0,0
eclipse.pde.ui-20100428-1600,a.since,MalformedMemberType,0,0,0,0,4,0,0,0,-1.0,0,0
eclipse.pde.ui-20100428-1600,a.since,MalformedMethod,0,0,0,0,4,0,0,0,-1.0,0,0
eclipse.pde.ui-20100428-1600,a.since,MalformedTag,0,0,0,0,4,0,0,0,-1.0,0,0
eclipse.pde.ui-20100428-1600,a.since,ValidSinceTags,0,0,0,0,4,0,0,0,-1.0,0,0
eclipse.pde.ui-20100428-1600,a.since,AddField,1,1,0,0,5,0,0,0,-1.0,0,0
eclipse.pde.ui-20100428-1600,a.since,AddInheritedMethod,0,0,1,1,7,1,0,0,-1.0,0,0
eclipse.pde.ui-20100428-1600,a.since,AddMemberType,0,0,0,0,6,0,0,0,-1.0,0,0
eclipse.pde.ui-20100428-1600,a.since,MemberType,0,0,0,0,2,0,0,0,-1.0,0,0
eclipse.pde.ui-20100428-1600,a.since,AddMethod,0,0,1,1,8,1,0,0,-1.0,0,0
eclipse.pde.ui-20100428-1600,a.since,AddMethod2,0,0,1,1,7,1,0,0,-1.0,0,0
eclipse.pde.ui-20100428-1600,a.since,AddNewInterfaceMethod,0,0,1,1,7,1,0,0,-1.0,0,0
eclipse.pde.ui-20100428-1600,a.since,AddNonVisibleMethod,0,0,1,0,7,1,0,0,-1.0,0,0
eclipse.pde.ui-20100428-1600,a.since,AddNonVisibleMethod2,0,0,1,0,8,1,0,0,-1.0,0,0
eclipse.pde.ui-20100428-1600,a.since,AddPrivateField,1,0,0,0,5,0,0,0,-1.0,0,0
eclipse.pde.ui-20100428-1600,a.since,AddType,0,0,0,0,4,0,0,0,-1.0,0,0
eclipse.pde.ui-20100428-1600,a.since,InvalidField,1,1,0,0,8,0,0,0,-1.0,0,0
eclipse.pde.ui-20100428-1600,a.since,InvalidMemberType,0,0,0,0,9,0,0,0,-1.0,0,0
eclipse.pde.ui-20100428-1600,a.since,MemberType,0,0,0,0,5,0,0,0,-1.0,0,0
eclipse.pde.ui-20100428-1600,a.since,InvalidMethod,0,0,1,1,10,1,0,0,-1.0,0,0
eclipse.pde.ui-20100428-1600,a.since,InvalidType,0,0,0,0,5,0,0,0,-1.0,0,0
eclipse.pde.ui-20100428-1600,a.since,MalformedField,1,1,0,0,8,0,0,0,-1.0,0,0
eclipse.pde.ui-20100428-1600,a.since,MalformedMemberType,0,0,0,0,9,0,0,0,-1.0,0,0
eclipse.pde.ui-20100428-1600,a.since,MemberType,0,0,0,0,5,0,0,0,-1.0,0,0
eclipse.pde.ui-20100428-1600,a.since,MalformedMethod,0,0,1,1,9,1,0,0,-1.0,0,0
eclipse.pde.ui-20100428-1600,a.since,MalformedTag,0,0,1,1,9,1,0,0,-1.0,0,0
eclipse.pde.ui-20100428-1600,a.since,MalformedType,0,0,0,0,5,0,0,0,-1.0,0,0
eclipse.pde.ui-20100428-1600,a.since,ValidSinceTags,0,0,7,7,39,7,0,0,-1.0,0,0
eclipse.pde.ui-20100428-1600,a.version,AddApi,0,0,0,0,4,0,0,0,-1.0,0,0
eclipse.pde.ui-20100428-1600,a.version,BreakApi,0,0,1,1,6,1,0,0,-1.0,0,0
eclipse.pde.ui-20100428-1600,a.version,StableApi,0,0,0,0,4,0,0,0,-1.0,0,0
eclipse.pde.ui-20100428-1600,a.version,AddApi,0,0,1,1,6,1,0,0,-1.0,0,0
eclipse.pde.ui-20100428-1600,a.version,BreakApi,0,0,0,0,4,0,0,0,-1.0,0,0
eclipse.pde.ui-20100428-1600,a.version,StableApi,0,0,0,0,5,0,0,0,-1.0,0,0
eclipse.pde.ui-20100428-1600,a.version.internal,RemoveInternalClass,0,0,0,0,4,0,0,0,-1.0,0,0
eclipse.pde.ui-20100428-1600,p,X,0,0,0,0,2,0,0,0,-1.0,0,0
eclipse.pde.ui-20100428-1600,p,X,0,0,0,0,2,0,0,0,-1.0,0,0
eclipse.pde.ui-20100428-1600,p,X,0,0,0,0,2,0,0,0,-1.0,0,0
eclipse.pde.ui-20100428-1600,p,X,0,0,0,0,2,0,0,0,-1.0,0,0
eclipse.pde.ui-20100428-1600,p,X,0,0,0,0,2,0,0,0,-1.0,0,0
eclipse.pde.ui-20100428-1600,p,X,0,0,0,0,2,0,0,0,-1.0,0,0
eclipse.pde.ui-20100428-1600,p,X,0,0,0,0,2,0,0,0,-1.0,0,0
eclipse.pde.ui-20100428-1600,p,X,0,0,0,0,2,0,0,0,-1.0,0,0
eclipse.pde.ui-20100428-1600,p,X,0,0,0,0,2,0,0,0,-1.0,0,0
eclipse.pde.ui-20100428-1600,p,X,0,0,0,0,2,0,0,0,-1.0,0,0
eclipse.pde.ui-20100428-1600,p,X,0,0,0,0,2,0,0,0,-1.0,0,0
eclipse.pde.ui-20100428-1600,p,X,0,0,0,0,2,0,0,0,-1.0,0,0
eclipse.pde.ui-20100428-1600,p,X,0,0,0,0,2,0,0,0,-1.0,0,0
eclipse.pde.ui-20100428-1600,p,X2,0,0,0,0,2,0,0,0,-1.0,0,0
eclipse.pde.ui-20100428-1600,p,X,0,0,0,0,2,0,0,0,-1.0,0,0
eclipse.pde.ui-20100428-1600,p,X,0,0,0,0,2,0,0,0,-1.0,0,0
eclipse.pde.ui-20100428-1600,p,X,0,0,0,0,2,0,0,0,-1.0,0,0
eclipse.pde.ui-20100428-1600,p,X,0,0,0,0,2,0,0,0,-1.0,0,0
eclipse.pde.ui-20100428-1600,p,X,0,0,0,0,2,0,0,0,-1.0,0,0
eclipse.pde.ui-20100428-1600,p,X,0,0,0,0,2,0,0,0,-1.0,0,0
eclipse.pde.ui-20100428-1600,p,X,0,0,0,0,2,0,0,0,-1.0,0,0
eclipse.pde.ui-20100428-1600,p,X,0,0,1,1,4,1,0,0,-1.0,0,0
eclipse.pde.ui-20100428-1600,p,X,0,0,0,0,2,0,0,0,-1.0,0,0
eclipse.pde.ui-20100428-1600,p,X,0,0,1,1,4,1,0,0,-1.0,0,0
eclipse.pde.ui-20100428-1600,p,X,0,0,0,0,2,0,0,0,-1.0,0,0
eclipse.pde.ui-20100428-1600,p,X,1,1,0,0,3,0,0,0,-1.0,0,0
eclipse.pde.ui-20100428-1600,p,X,0,0,0,0,2,0,0,0,-1.0,0,0
eclipse.pde.ui-20100428-1600,p,X,0,0,1,0,5,1,0,0,-1.0,0,0
eclipse.pde.ui-20100428-1600,p,X,0,0,0,0,2,0,0,0,-1.0,0,0
eclipse.pde.ui-20100428-1600,p,X,0,0,0,0,2,0,0,0,-1.0,0,0
eclipse.pde.ui-20100428-1600,p,X,0,0,0,0,2,0,0,0,-1.0,0,0
eclipse.pde.ui-20100428-1600,p,Y,0,0,0,0,2,0,10,0,-1.0,0,0
eclipse.pde.ui-20100428-1600,p,X,0,0,0,0,2,0,0,0,-1.0,0,0
eclipse.pde.ui-20100428-1600,p,Y,0,0,0,0,2,0,0,0,-1.0,0,0
eclipse.pde.ui-20100428-1600,p,X,0,0,0,0,2,0,0,0,-1.0,0,0
eclipse.pde.ui-20100428-1600,p,Y,0,0,0,0,2,0,0,0,-1.0,0,0
eclipse.pde.ui-20100428-1600,p,Y,0,0,1,1,4,1,0,0,-1.0,0,0
eclipse.pde.ui-20100428-1600,p,Y,0,0,0,0,4,0,0,0,-1.0,0,0
eclipse.pde.ui-20100428-1600,p,B,0,0,0,0,2,0,0,0,-1.0,0,0
eclipse.pde.ui-20100428-1600,p,Y,0,0,0,0,4,0,0,0,-1.0,0,0
eclipse.pde.ui-20100428-1600,p,B,0,0,0,0,2,0,0,0,-1.0,0,0
eclipse.pde.ui-20100428-1600,p,Y,0,0,0,0,4,0,0,0,-1.0,0,0
eclipse.pde.ui-20100428-1600,p,B,0,0,0,0,2,0,0,0,-1.0,0,0
eclipse.pde.ui-20100428-1600,p,Y,0,0,0,0,4,0,0,0,-1.0,0,0
eclipse.pde.ui-20100428-1600,p,B,0,0,0,0,2,0,0,0,-1.0,0,0
eclipse.pde.ui-20100428-1600,p,I,0,0,0,0,2,0,8,0,-1.0,0,0
eclipse.pde.ui-20100428-1600,p,X,0,0,0,0,2,0,0,2,-1.0,0,0
eclipse.pde.ui-20100428-1600,p,Z,0,0,0,0,2,0,6,1,-1.0,0,0
eclipse.pde.ui-20100428-1600,p,I,0,0,0,0,2,0,0,0,-1.0,0,0
eclipse.pde.ui-20100428-1600,p,X,0,0,0,0,2,0,0,1,-1.0,0,0
eclipse.pde.ui-20100428-1600,p,Y,0,0,0,0,2,0,0,1,-1.0,0,0
eclipse.pde.ui-20100428-1600,p,I,0,0,0,0,2,0,0,0,-1.0,0,0
eclipse.pde.ui-20100428-1600,p,X,0,0,0,0,2,0,0,2,-1.0,0,0
eclipse.pde.ui-20100428-1600,p,Y,0,0,0,0,2,0,0,1,-1.0,0,0
eclipse.pde.ui-20100428-1600,p,Z,0,0,0,0,2,0,0,1,-1.0,0,0
eclipse.pde.ui-20100428-1600,p,I,0,0,0,0,2,0,0,0,-1.0,0,0
eclipse.pde.ui-20100428-1600,p,X,0,0,0,0,2,0,0,1,-1.0,0,0
eclipse.pde.ui-20100428-1600,p,Y,0,0,0,0,2,0,0,1,-1.0,0,0
eclipse.pde.ui-20100428-1600,p,I,0,0,0,0,2,0,0,0,-1.0,0,0
eclipse.pde.ui-20100428-1600,p,X,0,0,0,0,2,0,0,1,-1.0,0,0
eclipse.pde.ui-20100428-1600,p,Y,0,0,0,0,2,0,0,1,-1.0,0,0
eclipse.pde.ui-20100428-1600,p,I,0,0,0,0,2,0,0,0,-1.0,0,0
eclipse.pde.ui-20100428-1600,p,X,0,0,0,0,2,0,0,1,-1.0,0,0
eclipse.pde.ui-20100428-1600,p,Y,0,0,0,0,2,0,0,1,-1.0,0,0
eclipse.pde.ui-20100428-1600,p,X,0,0,0,0,2,0,0,0,-1.0,0,0
eclipse.pde.ui-20100428-1600,p,X,0,0,0,0,2,0,0,0,-1.0,0,0
eclipse.pde.ui-20100428-1600,p,X,0,0,0,0,2,0,0,0,-1.0,0,0
eclipse.pde.ui-20100428-1600,p,X,0,0,0,0,2,0,0,0,-1.0,0,0
eclipse.pde.ui-20100428-1600,p,X,0,0,0,0,2,0,0,0,-1.0,0,0
eclipse.pde.ui-20100428-1600,p,X,0,0,0,0,2,0,0,0,-1.0,0,0
eclipse.pde.ui-20100428-1600,p,X,0,0,0,0,2,0,0,0,-1.0,0,0
eclipse.pde.ui-20100428-1600,p,X,0,0,0,0,2,0,0,0,-1.0,0,0
eclipse.pde.ui-20100428-1600,p,X,0,0,0,0,2,0,0,0,-1.0,0,0
eclipse.pde.ui-20100428-1600,p,X,0,0,0,0,2,0,0,0,-1.0,0,0
eclipse.pde.ui-20100428-1600,p,X,0,0,0,0,2,0,0,0,-1.0,0,0
eclipse.pde.ui-20100428-1600,p,X,0,0,0,0,2,0,0,0,-1.0,0,0
eclipse.pde.ui-20100428-1600,p,X,0,0,0,0,2,0,0,1,-1.0,0,0
eclipse.pde.ui-20100428-1600,p,Y,0,0,0,0,2,0,0,2,-1.0,0,0
eclipse.pde.ui-20100428-1600,p,Z,0,0,0,0,2,0,0,0,-1.0,0,0
eclipse.pde.ui-20100428-1600,p,X,0,0,0,0,2,0,0,1,-1.0,0,0
eclipse.pde.ui-20100428-1600,p,Y,0,0,0,0,2,0,0,2,-1.0,0,0
eclipse.pde.ui-20100428-1600,p,Z,0,0,0,0,2,0,0,0,-1.0,0,0
eclipse.pde.ui-20100428-1600,p,X,0,0,0,0,2,0,0,1,-1.0,0,0
eclipse.pde.ui-20100428-1600,p,Y,0,0,0,0,2,0,0,2,-1.0,0,0
eclipse.pde.ui-20100428-1600,p,Z,0,0,0,0,2,0,0,0,-1.0,0,0
eclipse.pde.ui-20100428-1600,p,X,0,0,0,0,2,0,0,1,-1.0,0,0
eclipse.pde.ui-20100428-1600,p,Y,0,0,0,0,2,0,0,2,-1.0,0,0
eclipse.pde.ui-20100428-1600,p,Z,0,0,0,0,2,0,0,0,-1.0,0,0
eclipse.pde.ui-20100428-1600,p,X,1,1,0,0,3,0,0,0,-1.0,0,0
eclipse.pde.ui-20100428-1600,p,X,0,0,0,0,2,0,0,0,-1.0,0,0
eclipse.pde.ui-20100428-1600,p,X,1,1,0,0,3,0,0,0,-1.0,0,0
eclipse.pde.ui-20100428-1600,p,X,0,0,0,0,2,0,0,0,-1.0,0,0
eclipse.pde.ui-20100428-1600,p,X,1,0,0,0,3,0,0,0,-1.0,0,0
eclipse.pde.ui-20100428-1600,p,X,0,0,0,0,2,0,0,0,-1.0,0,0
eclipse.pde.ui-20100428-1600,p,X,1,0,0,0,3,0,0,0,-1.0,0,0
eclipse.pde.ui-20100428-1600,p,X,0,0,0,0,2,0,0,0,-1.0,0,0
eclipse.pde.ui-20100428-1600,p,X,0,0,1,1,6,1,0,0,-1.0,0,0
eclipse.pde.ui-20100428-1600,p,Y,0,0,1,1,4,1,0,0,-1.0,0,0
eclipse.pde.ui-20100428-1600,p,X,0,0,1,1,6,1,0,0,-1.0,0,0
eclipse.pde.ui-20100428-1600,p,Y,0,0,1,1,4,1,0,0,-1.0,0,0
eclipse.pde.ui-20100428-1600,p,X,0,0,0,0,2,0,0,0,-1.0,0,0
eclipse.pde.ui-20100428-1600,p,X,0,0,0,0,2,0,0,0,-1.0,0,0
eclipse.pde.ui-20100428-1600,p,X,1,1,0,0,6,0,0,0,-1.0,0,0
eclipse.pde.ui-20100428-1600,p,X,1,0,0,0,3,0,0,0,-1.0,0,0
eclipse.pde.ui-20100428-1600,p,X,1,1,0,0,6,0,0,0,-1.0,0,0
eclipse.pde.ui-20100428-1600,p,X,1,0,0,0,3,0,0,0,-1.0,0,0
eclipse.pde.ui-20100428-1600,p,X,1,0,0,0,3,0,0,0,-1.0,0,0
eclipse.pde.ui-20100428-1600,p,X,1,0,0,0,3,0,0,0,-1.0,0,0
eclipse.pde.ui-20100428-1600,p,X,1,1,0,0,3,0,0,0,-1.0,0,0
eclipse.pde.ui-20100428-1600,p,X,1,1,0,0,3,0,0,0,-1.0,0,0
eclipse.pde.ui-20100428-1600,p,X,1,1,0,0,3,0,0,0,-1.0,0,0
eclipse.pde.ui-20100428-1600,p,X,1,1,0,0,3,0,0,0,-1.0,0,0
eclipse.pde.ui-20100428-1600,p,X,1,1,0,0,3,0,0,0,-1.0,0,0
eclipse.pde.ui-20100428-1600,p,X,1,1,0,0,3,0,0,0,-1.0,0,0
eclipse.pde.ui-20100428-1600,p,X,1,1,0,0,3,0,0,0,-1.0,0,0
eclipse.pde.ui-20100428-1600,p,X,1,1,0,0,3,0,0,0,-1.0,0,0
eclipse.pde.ui-20100428-1600,p,X,1,0,0,0,3,0,0,0,-1.0,0,0
eclipse.pde.ui-20100428-1600,p,X,1,1,0,0,3,0,0,0,-1.0,0,0
eclipse.pde.ui-20100428-1600,p,X,1,0,0,0,3,0,0,0,-1.0,0,0
eclipse.pde.ui-20100428-1600,p,X,1,1,0,0,3,0,0,0,-1.0,0,0
eclipse.pde.ui-20100428-1600,p,X,1,0,0,0,3,0,0,0,-1.0,0,0
eclipse.pde.ui-20100428-1600,p,X,1,0,0,0,3,0,0,0,-1.0,0,0
eclipse.pde.ui-20100428-1600,p,X,1,0,0,0,3,0,0,0,-1.0,0,0
eclipse.pde.ui-20100428-1600,p,X,1,0,0,0,3,0,0,0,-1.0,0,0
eclipse.pde.ui-20100428-1600,p,X,1,1,0,0,3,0,0,0,-1.0,0,0
eclipse.pde.ui-20100428-1600,p,X,1,1,0,0,3,0,0,0,-1.0,0,0
eclipse.pde.ui-20100428-1600,p,X,1,1,0,0,6,0,0,0,-1.0,0,0
eclipse.pde.ui-20100428-1600,p,X,1,1,0,0,3,0,0,0,-1.0,0,0
eclipse.pde.ui-20100428-1600,p,X,1,0,0,0,6,0,0,0,-1.0,0,0
eclipse.pde.ui-20100428-1600,p,X,1,0,0,0,3,0,0,0,-1.0,0,0
eclipse.pde.ui-20100428-1600,p,X,1,0,0,0,6,0,0,0,-1.0,0,0
eclipse.pde.ui-20100428-1600,p,X,1,0,0,0,3,0,0,0,-1.0,0,0
eclipse.pde.ui-20100428-1600,p,X,1,0,0,0,3,0,0,0,-1.0,0,0
eclipse.pde.ui-20100428-1600,p,X,1,0,0,0,3,0,0,0,-1.0,0,0
eclipse.pde.ui-20100428-1600,p,I,1,0,0,0,3,0,0,0,-1.0,0,0
eclipse.pde.ui-20100428-1600,p,I,0,0,0,0,2,0,0,0,-1.0,0,0
eclipse.pde.ui-20100428-1600,p,I,1,0,0,0,3,0,0,0,-1.0,0,0
eclipse.pde.ui-20100428-1600,p,I,0,0,0,0,2,0,0,0,-1.0,0,0
eclipse.pde.ui-20100428-1600,p,I,0,0,0,0,6,0,0,0,-1.0,0,0
eclipse.pde.ui-20100428-1600,p,Y,0,0,0,0,2,0,0,0,-1.0,0,0
eclipse.pde.ui-20100428-1600,p,Z,0,0,0,0,2,0,0,0,-1.0,0,0
eclipse.pde.ui-20100428-1600,p,I,0,0,0,0,4,0,0,0,-1.0,0,0
eclipse.pde.ui-20100428-1600,p,Y,0,0,0,0,2,0,0,0,-1.0,0,0
eclipse.pde.ui-20100428-1600,p,I,0,0,1,0,3,1,0,1,-1.0,0,0
eclipse.pde.ui-20100428-1600,p,J,0,0,1,0,3,1,11,0,-1.0,0,0
eclipse.pde.ui-20100428-1600,p,I,0,0,1,0,3,1,0,0,-1.0,0,0
eclipse.pde.ui-20100428-1600,p,J,0,0,1,0,3,1,0,0,-1.0,0,0
eclipse.pde.ui-20100428-1600,p,I,0,0,1,0,3,1,0,1,-1.0,0,0
eclipse.pde.ui-20100428-1600,p,J,0,0,1,0,3,1,0,0,-1.0,0,0
eclipse.pde.ui-20100428-1600,p,I,0,0,1,0,3,1,0,0,-1.0,0,0
eclipse.pde.ui-20100428-1600,p,J,0,0,1,0,3,1,0,0,-1.0,0,0
eclipse.pde.ui-20100428-1600,p,I,0,0,1,0,3,1,0,1,-1.0,0,0
eclipse.pde.ui-20100428-1600,p,J,0,0,1,0,3,1,0,0,-1.0,0,0
eclipse.pde.ui-20100428-1600,p,I,0,0,2,0,4,2,0,0,-1.0,0,0
eclipse.pde.ui-20100428-1600,p,I,0,0,1,0,3,1,0,1,-1.0,0,0
eclipse.pde.ui-20100428-1600,p,J,0,0,2,0,4,2,0,0,-1.0,0,0
eclipse.pde.ui-20100428-1600,p,I,0,0,2,0,4,2,0,1,-1.0,0,0
eclipse.pde.ui-20100428-1600,p,J,0,0,1,0,3,1,0,0,-1.0,0,0
eclipse.pde.ui-20100428-1600,p,I,1,0,0,0,3,0,0,0,-1.0,0,0
eclipse.pde.ui-20100428-1600,p,I,0,0,0,0,2,0,0,0,-1.0,0,0
eclipse.pde.ui-20100428-1600,p,I,1,0,0,0,3,0,0,0,-1.0,0,0
eclipse.pde.ui-20100428-1600,p,I,0,0,0,0,2,0,0,0,-1.0,0,0
eclipse.pde.ui-20100428-1600,p,I,0,0,1,0,3,1,0,1,-1.0,0,0
eclipse.pde.ui-20100428-1600,p,J,0,0,1,0,3,1,0,0,-1.0,0,0
eclipse.pde.ui-20100428-1600,p,I,0,0,1,0,3,1,0,0,-1.0,0,0
eclipse.pde.ui-20100428-1600,p,J,0,0,1,0,3,1,0,0,-1.0,0,0
eclipse.pde.ui-20100428-1600,p,I,0,0,1,0,3,1,0,1,-1.0,0,0
eclipse.pde.ui-20100428-1600,p,J,0,0,1,0,3,1,0,0,-1.0,0,0
eclipse.pde.ui-20100428-1600,p,I,0,0,1,0,3,1,0,0,-1.0,0,0
eclipse.pde.ui-20100428-1600,p,J,0,0,1,0,3,1,0,0,-1.0,0,0
eclipse.pde.ui-20100428-1600,p,I,0,0,1,0,3,1,0,1,-1.0,0,0
eclipse.pde.ui-20100428-1600,p,J,0,0,2,0,4,2,0,0,-1.0,0,0
eclipse.pde.ui-20100428-1600,p,I,0,0,2,0,4,2,0,1,-1.0,0,0
eclipse.pde.ui-20100428-1600,p,J,0,0,1,0,3,1,0,0,-1.0,0,0
eclipse.pde.ui-20100428-1600,p,I,0,0,1,0,3,1,0,1,-1.0,0,0
eclipse.pde.ui-20100428-1600,p,J,0,0,2,0,4,2,0,0,-1.0,0,0
eclipse.pde.ui-20100428-1600,p,I,0,0,2,0,4,2,0,1,-1.0,0,0
eclipse.pde.ui-20100428-1600,p,J,0,0,1,0,3,1,0,0,-1.0,0,0
eclipse.pde.ui-20100428-1600,p,X,0,0,1,1,4,1,0,0,-1.0,0,0
eclipse.pde.ui-20100428-1600,p,X,0,0,1,1,4,1,0,0,-1.0,0,0
eclipse.pde.ui-20100428-1600,p,X,0,0,1,0,4,1,0,0,-1.0,0,0
eclipse.pde.ui-20100428-1600,p,X,0,0,1,0,4,1,0,0,-1.0,0,0
eclipse.pde.ui-20100428-1600,p,X,0,0,1,0,4,1,0,0,-1.0,0,0
eclipse.pde.ui-20100428-1600,p,X,0,0,1,0,4,1,0,0,-1.0,0,0
eclipse.pde.ui-20100428-1600,p,X,0,0,1,0,4,1,0,0,-1.0,0,0
eclipse.pde.ui-20100428-1600,p,X,0,0,1,0,4,1,0,0,-1.0,0,0
eclipse.pde.ui-20100428-1600,p,X,0,0,1,0,4,1,0,0,-1.0,0,0
eclipse.pde.ui-20100428-1600,p,X,0,0,1,0,4,1,0,0,-1.0,0,0
eclipse.pde.ui-20100428-1600,p,X,0,0,1,1,4,1,0,0,-1.0,0,0
eclipse.pde.ui-20100428-1600,p,X,0,0,1,1,4,1,0,0,-1.0,0,0
eclipse.pde.ui-20100428-1600,p,X,0,0,2,1,7,2,0,1,-1.0,0,0
eclipse.pde.ui-20100428-1600,p,X,0,0,2,1,7,2,0,1,-1.0,0,0
eclipse.pde.ui-20100428-1600,p,X,0,0,1,1,7,1,0,0,-1.0,0,0
eclipse.pde.ui-20100428-1600,p,X,0,0,1,1,4,1,0,0,-1.0,0,0
eclipse.pde.ui-20100428-1600,p,X,0,0,1,0,5,1,0,0,-1.0,0,0
eclipse.pde.ui-20100428-1600,p,X,0,0,1,0,4,1,0,0,-1.0,0,0
eclipse.pde.ui-20100428-1600,p,X,0,0,1,0,5,1,0,0,-1.0,0,0
eclipse.pde.ui-20100428-1600,p,X,0,0,1,0,5,1,0,0,-1.0,0,0
eclipse.pde.ui-20100428-1600,p,X,0,0,1,1,3,1,0,0,-1.0,0,0
eclipse.pde.ui-20100428-1600,p,X,0,0,0,0,2,0,0,0,-1.0,0,0
eclipse.pde.ui-20100428-1600,p,I,0,0,1,0,3,1,0,0,-1.0,0,0
eclipse.pde.ui-20100428-1600,p,X,0,0,1,1,4,1,0,1,-1.0,0,0
eclipse.pde.ui-20100428-1600,p,I,0,0,1,0,3,1,0,0,-1.0,0,0
eclipse.pde.ui-20100428-1600,p,X,0,0,0,0,2,0,0,0,-1.0,0,0
eclipse.pde.ui-20100428-1600,p,X,0,0,1,1,7,1,0,0,-1.0,0,0
eclipse.pde.ui-20100428-1600,p,X,0,0,1,0,4,1,0,0,-1.0,0,0
eclipse.pde.ui-20100428-1600,p,X,0,0,1,1,7,1,0,0,-1.0,0,0
eclipse.pde.ui-20100428-1600,p,X,0,0,1,0,4,1,0,0,-1.0,0,0
eclipse.pde.ui-20100428-1600,p,X,0,0,1,0,4,1,0,0,-1.0,0,0
eclipse.pde.ui-20100428-1600,p,X,0,0,0,0,2,0,0,0,-1.0,0,0
eclipse.pde.ui-20100428-1600,p,X,0,0,1,0,4,1,0,0,-1.0,0,0
eclipse.pde.ui-20100428-1600,p,X,0,0,1,0,4,1,0,0,-1.0,0,0
eclipse.pde.ui-20100428-1600,p,X,0,0,1,0,4,1,0,0,-1.0,0,0
eclipse.pde.ui-20100428-1600,p,X,0,0,1,0,4,1,0,0,-1.0,0,0
eclipse.pde.ui-20100428-1600,p,X,0,0,1,0,4,1,0,0,-1.0,0,0
eclipse.pde.ui-20100428-1600,p,X,0,0,1,0,4,1,0,0,-1.0,0,0
eclipse.pde.ui-20100428-1600,p,X,0,0,1,0,4,1,0,0,-1.0,0,0
eclipse.pde.ui-20100428-1600,p,X,0,0,1,0,4,1,0,0,-1.0,0,0
eclipse.pde.ui-20100428-1600,p,X,0,0,1,0,4,1,0,0,-1.0,0,0
eclipse.pde.ui-20100428-1600,p,X,0,0,1,1,4,1,0,0,-1.0,0,0
eclipse.pde.ui-20100428-1600,p,X,0,0,1,0,4,1,0,0,-1.0,0,0
eclipse.pde.ui-20100428-1600,p,X,0,0,1,1,4,1,0,0,-1.0,0,0
eclipse.pde.ui-20100428-1600,p,X,0,0,1,1,4,1,0,0,-1.0,0,0
eclipse.pde.ui-20100428-1600,p,X,0,0,1,1,4,1,0,0,-1.0,0,0
eclipse.pde.ui-20100428-1600,p,X,0,0,1,1,4,1,0,0,-1.0,0,0
eclipse.pde.ui-20100428-1600,p,X,0,0,1,1,4,1,0,0,-1.0,0,0
eclipse.pde.ui-20100428-1600,p,X,0,0,1,0,4,1,0,0,-1.0,0,0
eclipse.pde.ui-20100428-1600,p,X,0,0,1,0,4,1,0,0,-1.0,0,0
eclipse.pde.ui-20100428-1600,p,X,0,0,1,0,4,1,0,0,-1.0,0,0
eclipse.pde.ui-20100428-1600,p,X,0,0,1,1,4,1,0,0,-1.0,0,0
eclipse.pde.ui-20100428-1600,p,X,0,0,1,0,4,1,0,0,-1.0,0,0
eclipse.pde.ui-20100428-1600,p,X,0,0,1,0,4,1,0,0,-1.0,0,0
eclipse.pde.ui-20100428-1600,p,X,0,0,1,1,3,1,0,0,-1.0,0,0
eclipse.pde.ui-20100428-1600,p,X,0,0,0,0,2,0,0,0,-1.0,0,0
eclipse.pde.ui-20100428-1600,p,X,0,0,1,1,3,1,0,0,-1.0,0,0
eclipse.pde.ui-20100428-1600,p,X,0,0,0,0,2,0,0,0,-1.0,0,0
eclipse.pde.ui-20100428-1600,p,X,0,0,1,1,4,1,0,0,-1.0,0,0
eclipse.pde.ui-20100428-1600,p,X,0,0,0,0,2,0,0,0,-1.0,0,0
eclipse.pde.ui-20100428-1600,p,X,0,0,1,0,3,1,0,0,-1.0,0,0
eclipse.pde.ui-20100428-1600,p,X,0,0,0,0,2,0,0,0,-1.0,0,0
eclipse.pde.ui-20100428-1600,p,X,0,0,1,1,3,1,0,0,-1.0,0,0
eclipse.pde.ui-20100428-1600,p,X,0,0,0,0,2,0,0,0,-1.0,0,0
eclipse.pde.ui-20100428-1600,p,X,0,0,1,1,4,1,0,0,-1.0,0,0
eclipse.pde.ui-20100428-1600,p,X,0,0,1,1,4,1,0,0,-1.0,0,0
eclipse.pde.ui-20100428-1600,p,X,0,0,0,0,2,0,0,0,-1.0,0,0
eclipse.pde.ui-20100428-1600,p,X,0,0,0,0,2,0,0,0,-1.0,0,0
eclipse.pde.ui-20100428-1600,p,X,0,0,0,0,2,0,0,0,-1.0,0,0
eclipse.pde.ui-20100428-1600,p,X,0,0,0,0,2,0,0,0,-1.0,0,0
eclipse.pde.ui-20100428-1600,p,X,0,0,1,1,4,1,0,0,-1.0,0,0
eclipse.pde.ui-20100428-1600,p,X,0,0,1,1,4,1,0,0,-1.0,0,0
eclipse.pde.ui-20100428-1600,p,X,0,0,0,0,2,0,0,0,-1.0,0,0
eclipse.pde.ui-20100428-1600,p,X,0,0,1,1,4,1,0,0,-1.0,0,0
eclipse.pde.ui-20100428-1600,p,X,0,0,0,0,2,0,0,0,-1.0,0,0
eclipse.pde.ui-20100428-1600,p,X,0,0,1,1,4,1,0,0,-1.0,0,0
eclipse.pde.ui-20100428-1600,p,X,0,0,0,0,2,0,0,0,-1.0,0,0
eclipse.pde.ui-20100428-1600,p,X,0,0,1,1,4,1,0,0,-1.0,0,0
eclipse.pde.ui-20100428-1600,p,X,0,0,0,0,2,0,0,0,-1.0,0,0
eclipse.pde.ui-20100428-1600,p,X,0,0,1,1,4,1,0,0,-1.0,0,0
eclipse.pde.ui-20100428-1600,p,X,0,0,0,0,2,0,0,0,-1.0,0,0
eclipse.pde.ui-20100428-1600,p,X,0,0,1,1,4,1,0,0,-1.0,0,0
eclipse.pde.ui-20100428-1600,p,X,0,0,0,0,2,0,0,0,-1.0,0,0
eclipse.pde.ui-20100428-1600,p,X,0,0,1,1,4,1,0,0,-1.0,0,0
eclipse.pde.ui-20100428-1600,p,X,0,0,0,0,2,0,0,0,-1.0,0,0
eclipse.pde.ui-20100428-1600,p,X,0,0,1,1,4,1,0,0,-1.0,0,0
eclipse.pde.ui-20100428-1600,x.y.z,test1,0,0,0,0,4,0,0,0,-1.0,0,0
eclipse.pde.ui-20100428-1600,x.y.z,test10,0,0,0,0,6,0,0,0,-1.0,0,0
eclipse.pde.ui-20100428-1600,x.y.z,inner,0,0,0,0,2,0,0,0,-1.0,0,0
eclipse.pde.ui-20100428-1600,x.y.z,test11,0,0,0,0,6,0,0,0,-1.0,0,0
eclipse.pde.ui-20100428-1600,x.y.z,inner,0,0,0,0,2,0,0,0,-1.0,0,0
eclipse.pde.ui-20100428-1600,x.y.z,test12,0,0,0,0,5,0,0,0,-1.0,0,0
eclipse.pde.ui-20100428-1600,x.y.z,test13,0,0,0,0,5,0,0,0,-1.0,0,0
eclipse.pde.ui-20100428-1600,x.y.z,test14,0,0,0,0,6,0,0,0,-1.0,0,0
eclipse.pde.ui-20100428-1600,x.y.z,test15,0,0,0,0,6,0,0,0,-1.0,0,0
eclipse.pde.ui-20100428-1600,x.y.z,inner,0,0,0,0,2,0,0,0,-1.0,0,0
eclipse.pde.ui-20100428-1600,x.y.z,test16,0,0,0,0,8,0,0,0,-1.0,0,0
eclipse.pde.ui-20100428-1600,x.y.z,inner,0,0,0,0,4,0,0,0,-1.0,0,0
eclipse.pde.ui-20100428-1600,x.y.z,inner2,0,0,0,0,2,0,0,0,-1.0,0,0
eclipse.pde.ui-20100428-1600,x.y.z,test17,0,0,0,0,15,0,0,0,-1.0,0,0
eclipse.pde.ui-20100428-1600,x.y.z,inner,0,0,0,0,10,0,0,0,-1.0,0,0
eclipse.pde.ui-20100428-1600,x.y.z,inner2,0,0,0,0,5,0,0,0,-1.0,0,0
eclipse.pde.ui-20100428-1600,x.y.z,outer17,0,0,0,0,2,0,0,0,-1.0,0,0
eclipse.pde.ui-20100428-1600,x.y.z,test18,0,0,0,0,15,0,0,0,-1.0,0,0
eclipse.pde.ui-20100428-1600,x.y.z,inner,0,0,0,0,10,0,0,0,-1.0,0,0
eclipse.pde.ui-20100428-1600,x.y.z,inner2,0,0,0,0,5,0,0,0,-1.0,0,0
eclipse.pde.ui-20100428-1600,x.y.z,outer18,0,0,0,0,2,0,0,0,-1.0,0,0
eclipse.pde.ui-20100428-1600,x.y.z,test19,0,0,0,0,18,0,0,0,-1.0,0,0
eclipse.pde.ui-20100428-1600,x.y.z,inner,0,0,0,0,12,0,0,0,-1.0,0,0
eclipse.pde.ui-20100428-1600,x.y.z,inner2,0,0,0,0,6,0,0,0,-1.0,0,0
eclipse.pde.ui-20100428-1600,x.y.z,outer19,0,0,0,0,2,0,0,0,-1.0,0,0
eclipse.pde.ui-20100428-1600,x.y.z,test2,0,0,0,0,4,0,0,0,-1.0,0,0
eclipse.pde.ui-20100428-1600,x.y.z,outer2,0,0,0,0,2,0,0,0,-1.0,0,0
eclipse.pde.ui-20100428-1600,x.y.z,test20,0,0,0,0,15,0,0,0,-1.0,0,0
eclipse.pde.ui-20100428-1600,x.y.z,inner,0,0,0,0,10,0,0,0,-1.0,0,0
eclipse.pde.ui-20100428-1600,x.y.z,inner2,0,0,0,0,5,0,0,0,-1.0,0,0
eclipse.pde.ui-20100428-1600,x.y.z,outer20,0,0,0,0,2,0,0,0,-1.0,0,0
eclipse.pde.ui-20100428-1600,x.y.z,test21,0,0,0,0,15,0,0,0,-1.0,0,0
eclipse.pde.ui-20100428-1600,x.y.z,inner,0,0,0,0,10,0,0,0,-1.0,0,0
eclipse.pde.ui-20100428-1600,x.y.z,inner2,0,0,0,0,5,0,0,0,-1.0,0,0
eclipse.pde.ui-20100428-1600,x.y.z,outer21,0,0,0,0,2,0,0,0,-1.0,0,0
eclipse.pde.ui-20100428-1600,x.y.z,test22,0,0,0,0,18,0,0,0,-1.0,0,0
eclipse.pde.ui-20100428-1600,x.y.z,inner,0,0,0,0,12,0,0,0,-1.0,0,0
eclipse.pde.ui-20100428-1600,x.y.z,inner2,0,0,0,0,6,0,0,0,-1.0,0,0
eclipse.pde.ui-20100428-1600,x.y.z,outer22,0,0,0,0,2,0,0,0,-1.0,0,0
eclipse.pde.ui-20100428-1600,x.y.z,test23,0,0,0,0,5,0,0,0,-1.0,0,0
eclipse.pde.ui-20100428-1600,x.y.z,test24,0,0,0,0,4,0,0,0,-1.0,0,0
eclipse.pde.ui-20100428-1600,x.y.z,test25,0,0,0,0,4,0,0,0,-1.0,0,0
eclipse.pde.ui-20100428-1600,x.y.z,test26,0,0,0,0,5,0,0,0,-1.0,0,0
eclipse.pde.ui-20100428-1600,x.y.z,test27,0,0,0,0,4,0,0,0,-1.0,0,0
eclipse.pde.ui-20100428-1600,x.y.z,test28,0,0,0,0,5,0,0,0,-1.0,0,0
eclipse.pde.ui-20100428-1600,x.y.z,test29,0,0,0,0,4,0,0,0,-1.0,0,0
eclipse.pde.ui-20100428-1600,x.y.z,test3,0,0,0,0,6,0,0,0,-1.0,0,0
eclipse.pde.ui-20100428-1600,x.y.z,inner,0,0,0,0,2,0,0,0,-1.0,0,0
eclipse.pde.ui-20100428-1600,x.y.z,test30,0,0,0,0,4,0,0,1,-1.0,0,0
eclipse.pde.ui-20100428-1600,x.y.z,outer30,0,0,1,1,4,1,1,0,-1.0,0,0
eclipse.pde.ui-20100428-1600,x.y.z,test31,0,0,1,1,6,1,0,1,-1.0,0,0
eclipse.pde.ui-20100428-1600,x.y.z,Iouter,0,0,1,1,3,1,2,0,-1.0,0,0
eclipse.pde.ui-20100428-1600,x.y.z,test32,0,0,1,1,6,1,0,0,-1.0,0,0
eclipse.pde.ui-20100428-1600,x.y.z,test4,0,0,0,0,6,0,0,0,-1.0,0,0
eclipse.pde.ui-20100428-1600,x.y.z,inner,0,0,0,0,2,0,0,0,-1.0,0,0
eclipse.pde.ui-20100428-1600,x.y.z,test5,0,0,0,0,5,0,0,0,-1.0,0,0
eclipse.pde.ui-20100428-1600,x.y.z,test6,0,0,0,0,5,0,0,0,-1.0,0,0
eclipse.pde.ui-20100428-1600,x.y.z,test7,0,0,0,0,6,0,0,0,-1.0,0,0
eclipse.pde.ui-20100428-1600,x.y.z,test8,0,0,0,0,4,0,0,0,-1.0,0,0
eclipse.pde.ui-20100428-1600,x.y.z,test9,0,0,0,0,4,0,0,0,-1.0,0,0
eclipse.pde.ui-20100428-1600,x.y.z,outer9,0,0,0,0,2,0,0,0,-1.0,0,0
eclipse.pde.ui-20100428-1600,x.y.z,testFTL1,4,2,0,0,8,0,0,0,-1.0,0,2
eclipse.pde.ui-20100428-1600,x.y.z,testFTL2,8,4,0,0,14,0,0,0,-1.0,0,2
eclipse.pde.ui-20100428-1600,x.y.z,inner,4,2,0,0,6,0,0,0,-1.0,0,2
eclipse.pde.ui-20100428-1600,x.y.z,testFTL3,8,4,0,0,38,0,0,0,-1.0,0,2
eclipse.pde.ui-20100428-1600,x.y.z,inner,4,2,0,0,18,0,0,0,-1.0,0,2
eclipse.pde.ui-20100428-1600,x.y.z,testFTL4,8,4,0,0,30,0,0,0,-1.0,0,2
eclipse.pde.ui-20100428-1600,x.y.z,inner,4,2,0,0,14,0,0,0,-1.0,0,2
eclipse.pde.ui-20100428-1600,x.y.z,testFTL5,8,4,0,0,34,0,0,0,-1.0,0,2
eclipse.pde.ui-20100428-1600,x.y.z,inner,4,2,0,0,16,0,0,0,-1.0,0,2
eclipse.pde.ui-20100428-1600,x.y.z,testFTL6,4,0,0,0,10,0,0,0,-1.0,0,2
eclipse.pde.ui-20100428-1600,x.y.z,innerFLT6,4,2,0,0,6,0,0,0,-1.0,0,2
eclipse.pde.ui-20100428-1600,x.y.z,testFTL7,0,0,0,0,4,0,0,0,-1.0,0,0
eclipse.pde.ui-20100428-1600,x.y.z,outerFLT7,4,2,0,0,6,0,0,0,-1.0,0,2
eclipse.pde.ui-20100428-1600,x.y.z,testFTL8,4,2,0,0,8,0,0,0,-1.0,0,0
eclipse.pde.ui-20100428-1600,x.y.z,outerFTL8,0,0,0,0,2,0,0,0,-1.0,0,0
eclipse.pde.ui-20100428-1600,x.y.z,Etest1,0,0,0,0,4,0,0,0,-1.0,0,0
eclipse.pde.ui-20100428-1600,x.y.z,Etest10,0,0,0,0,2,0,0,1,-1.0,0,0
eclipse.pde.ui-20100428-1600,x.y.z,Iouter,0,0,0,0,2,0,0,0,-1.0,0,0
eclipse.pde.ui-20100428-1600,x.y.z,Etest2,0,0,0,0,4,0,0,0,-1.0,0,0
eclipse.pde.ui-20100428-1600,x.y.z,outer,0,0,0,0,2,0,0,0,-1.0,0,0
eclipse.pde.ui-20100428-1600,x.y.z,Etest3,0,0,0,0,6,0,0,0,-1.0,0,0
eclipse.pde.ui-20100428-1600,x.y.z,inner,0,0,0,0,2,0,0,0,-1.0,0,0
eclipse.pde.ui-20100428-1600,x.y.z,Etest4,0,0,0,0,6,0,0,0,-1.0,0,0
eclipse.pde.ui-20100428-1600,x.y.z,inner,0,0,0,0,2,0,0,0,-1.0,0,0
eclipse.pde.ui-20100428-1600,x.y.z,Etest5,0,0,0,0,4,0,0,0,-1.0,0,0
eclipse.pde.ui-20100428-1600,x.y.z,outer,0,0,0,0,4,0,0,0,-1.0,0,0
eclipse.pde.ui-20100428-1600,x.y.z,inner,0,0,0,0,2,0,0,0,-1.0,0,0
eclipse.pde.ui-20100428-1600,x.y.z,Etest6,0,0,0,0,5,0,0,0,-1.0,0,0
eclipse.pde.ui-20100428-1600,x.y.z,Etest7,0,0,0,0,8,0,0,0,-1.0,0,0
eclipse.pde.ui-20100428-1600,x.y.z,inner,0,0,0,0,4,0,0,0,-1.0,0,0
eclipse.pde.ui-20100428-1600,x.y.z,inner2,0,0,0,0,2,0,0,0,-1.0,0,0
eclipse.pde.ui-20100428-1600,x.y.z,Etest8,0,0,0,0,12,0,0,0,-1.0,0,0
eclipse.pde.ui-20100428-1600,x.y.z,inner,0,0,0,0,2,0,0,0,-1.0,0,0
eclipse.pde.ui-20100428-1600,x.y.z,inner2,0,0,0,0,4,0,0,0,-1.0,0,0
eclipse.pde.ui-20100428-1600,x.y.z,inner,0,0,0,0,2,0,0,0,-1.0,0,0
eclipse.pde.ui-20100428-1600,x.y.z,inner3,0,0,0,0,2,0,0,0,-1.0,0,0
eclipse.pde.ui-20100428-1600,x.y.z,outer,0,0,0,0,4,0,0,0,-1.0,0,0
eclipse.pde.ui-20100428-1600,x.y.z,inner,0,0,0,0,2,0,0,0,-1.0,0,0
eclipse.pde.ui-20100428-1600,x.y.z,outer2,0,0,0,0,6,0,0,0,-1.0,0,0
eclipse.pde.ui-20100428-1600,x.y.z,inner,0,0,0,0,4,0,0,0,-1.0,0,0
eclipse.pde.ui-20100428-1600,x.y.z,inner2,0,0,0,0,2,0,0,0,-1.0,0,0
eclipse.pde.ui-20100428-1600,x.y.z,Etest9,0,0,0,0,15,0,0,0,-1.0,0,0
eclipse.pde.ui-20100428-1600,x.y.z,inner,0,0,0,0,10,0,0,0,-1.0,0,0
eclipse.pde.ui-20100428-1600,x.y.z,inner2,0,0,0,0,5,0,0,0,-1.0,0,0
eclipse.pde.ui-20100428-1600,x.y.z,testCPL1,0,0,4,2,12,4,0,0,-1.0,0,1
eclipse.pde.ui-20100428-1600,x.y.z,testCPL10,0,0,4,0,18,4,0,0,-1.0,0,2
eclipse.pde.ui-20100428-1600,x.y.z,inner,0,0,2,0,8,2,0,0,-1.0,0,2
eclipse.pde.ui-20100428-1600,x.y.z,inner2,0,0,2,0,6,2,0,0,-1.0,0,2
eclipse.pde.ui-20100428-1600,x.y.z,inner3,0,0,2,0,6,2,0,0,-1.0,0,2
eclipse.pde.ui-20100428-1600,x.y.z,testCPL11,0,0,4,4,38,4,0,0,-1.0,0,2
eclipse.pde.ui-20100428-1600,x.y.z,inner,0,0,2,2,20,2,0,0,-1.0,0,2
eclipse.pde.ui-20100428-1600,x.y.z,inner2,0,0,2,2,18,2,0,0,-1.0,0,2
eclipse.pde.ui-20100428-1600,x.y.z,inner3,0,0,2,2,14,2,0,0,-1.0,0,2
eclipse.pde.ui-20100428-1600,x.y.z,testCPL12,0,0,4,4,46,4,0,0,-1.0,0,2
eclipse.pde.ui-20100428-1600,x.y.z,inner,0,0,2,2,20,2,0,0,-1.0,0,2
eclipse.pde.ui-20100428-1600,x.y.z,inner2,0,0,2,2,18,2,0,0,-1.0,0,2
eclipse.pde.ui-20100428-1600,x.y.z,inner3,0,0,2,2,22,2,0,0,-1.0,0,2
eclipse.pde.ui-20100428-1600,x.y.z,testCPL13,0,0,4,4,48,4,0,0,-1.0,0,2
eclipse.pde.ui-20100428-1600,x.y.z,inner,0,0,2,2,21,2,0,0,-1.0,0,2
eclipse.pde.ui-20100428-1600,x.y.z,inner2,0,0,2,2,19,2,0,0,-1.0,0,2
eclipse.pde.ui-20100428-1600,x.y.z,inner3,0,0,2,2,23,2,0,0,-1.0,0,2
eclipse.pde.ui-20100428-1600,x.y.z,testCPL14,0,0,1,1,6,1,0,0,-1.0,0,0
eclipse.pde.ui-20100428-1600,x.y.z,outercpl14,0,0,0,0,2,0,0,0,-1.0,0,0
eclipse.pde.ui-20100428-1600,x.y.z,testCPL2,0,0,4,0,12,4,0,0,-1.0,0,1
eclipse.pde.ui-20100428-1600,x.y.z,testCPL3,0,0,4,2,12,4,0,0,-1.0,0,1
eclipse.pde.ui-20100428-1600,x.y.z,testCPL4,0,0,4,0,12,4,0,0,-1.0,0,1
eclipse.pde.ui-20100428-1600,x.y.z,testCPL5,0,0,4,2,12,4,0,0,-1.0,0,2
eclipse.pde.ui-20100428-1600,x.y.z,testCPL6,0,0,4,0,12,4,0,0,-1.0,0,2
eclipse.pde.ui-20100428-1600,x.y.z,testCPL7,0,0,4,2,14,4,0,0,-1.0,0,2
eclipse.pde.ui-20100428-1600,x.y.z,inner,0,0,4,2,10,4,0,0,-1.0,0,2
eclipse.pde.ui-20100428-1600,x.y.z,testCPL8,0,0,4,0,14,4,0,0,-1.0,0,2
eclipse.pde.ui-20100428-1600,x.y.z,inner,0,0,4,0,10,4,0,0,-1.0,0,2
eclipse.pde.ui-20100428-1600,x.y.z,testCPL9,0,0,4,2,18,4,0,0,-1.0,0,2
eclipse.pde.ui-20100428-1600,x.y.z,inner,0,0,2,1,8,2,0,0,-1.0,0,2
eclipse.pde.ui-20100428-1600,x.y.z,inner2,0,0,2,1,6,2,0,0,-1.0,0,2
eclipse.pde.ui-20100428-1600,x.y.z,inner3,0,0,2,1,6,2,0,0,-1.0,0,2
eclipse.pde.ui-20100428-1600,x.y.z,testMPL1,0,0,6,3,20,6,0,0,-1.0,0,1
eclipse.pde.ui-20100428-1600,x.y.z,testMPL10,0,0,6,0,26,6,0,0,-1.0,0,2
eclipse.pde.ui-20100428-1600,x.y.z,inner,0,0,3,0,12,3,0,0,-1.0,0,2
eclipse.pde.ui-20100428-1600,x.y.z,inner2,0,0,3,0,10,3,0,0,-1.0,0,2
eclipse.pde.ui-20100428-1600,x.y.z,inner3,0,0,3,0,10,3,0,0,-1.0,0,2
eclipse.pde.ui-20100428-1600,x.y.z,testMPL11,0,0,6,3,68,6,0,0,-1.0,0,2
eclipse.pde.ui-20100428-1600,x.y.z,inner,0,0,3,0,33,3,0,0,-1.0,0,2
eclipse.pde.ui-20100428-1600,x.y.z,testMPL12,0,0,6,3,68,6,0,0,-1.0,0,2
eclipse.pde.ui-20100428-1600,x.y.z,inner,0,0,3,0,33,3,0,0,-1.0,0,2
eclipse.pde.ui-20100428-1600,x.y.z,testMPL13,0,0,6,3,74,6,0,0,-1.0,0,2
eclipse.pde.ui-20100428-1600,x.y.z,inner,0,0,3,0,36,3,0,0,-1.0,0,2
eclipse.pde.ui-20100428-1600,x.y.z,testMPL14,0,0,1,1,10,1,0,0,-1.0,0,1
eclipse.pde.ui-20100428-1600,x.y.z,testMPL15,0,0,1,1,11,1,0,0,-1.0,0,1
eclipse.pde.ui-20100428-1600,x.y.z,testMPL16,0,0,1,1,10,1,0,0,-1.0,0,1
eclipse.pde.ui-20100428-1600,x.y.z,testMPL17,0,0,0,0,4,0,0,0,-1.0,0,0
eclipse.pde.ui-20100428-1600,x.y.z,outermpl17,0,0,1,1,7,1,0,0,-1.0,0,1
eclipse.pde.ui-20100428-1600,x.y.z,testMPL18,0,0,1,1,6,1,0,0,-1.0,0,0
eclipse.pde.ui-20100428-1600,x.y.z,outer18,0,0,0,0,2,0,0,0,-1.0,0,0
eclipse.pde.ui-20100428-1600,x.y.z,testMPL19,0,0,1,0,4,1,0,0,-1.0,0,1
eclipse.pde.ui-20100428-1600,x.y.z,testMPL2,0,0,6,0,20,6,0,0,-1.0,0,1
eclipse.pde.ui-20100428-1600,x.y.z,testMPL20,0,0,2,0,6,2,0,0,-1.0,0,2
eclipse.pde.ui-20100428-1600,x.y.z,testMPL3,0,0,6,3,20,6,0,0,-1.0,0,1
eclipse.pde.ui-20100428-1600,x.y.z,testMPL4,0,0,6,0,20,6,0,0,-1.0,0,1
eclipse.pde.ui-20100428-1600,x.y.z,testMPL5,0,0,6,3,20,6,0,0,-1.0,0,2
eclipse.pde.ui-20100428-1600,x.y.z,testMPL6,0,0,6,0,20,6,0,0,-1.0,0,2
eclipse.pde.ui-20100428-1600,x.y.z,testMPL7,0,0,6,3,22,6,0,0,-1.0,0,2
eclipse.pde.ui-20100428-1600,x.y.z,inner,0,0,6,3,18,6,0,0,-1.0,0,2
eclipse.pde.ui-20100428-1600,x.y.z,testMPL8,0,0,6,0,22,6,0,0,-1.0,0,2
eclipse.pde.ui-20100428-1600,x.y.z,inner,0,0,6,0,18,6,0,0,-1.0,0,2
eclipse.pde.ui-20100428-1600,x.y.z,testMPL9,0,0,6,3,26,6,0,0,-1.0,0,2
eclipse.pde.ui-20100428-1600,x.y.z,inner,0,0,3,3,12,3,0,0,-1.0,0,2
eclipse.pde.ui-20100428-1600,x.y.z,inner2,0,0,3,3,10,3,0,0,-1.0,0,2
eclipse.pde.ui-20100428-1600,x.y.z,inner3,0,0,3,0,10,3,0,0,-1.0,0,2
eclipse.pde.ui-20100428-1600,x.y.z,testMRL1,0,0,4,2,16,4,0,0,-1.0,0,0
eclipse.pde.ui-20100428-1600,x.y.z,testMRL10,0,0,4,0,16,4,0,0,-1.0,0,0
eclipse.pde.ui-20100428-1600,x.y.z,testMRL11,0,0,8,4,62,8,0,0,-1.0,0,0
eclipse.pde.ui-20100428-1600,x.y.z,inner,0,0,4,2,30,4,0,0,-1.0,0,0
eclipse.pde.ui-20100428-1600,x.y.z,testMRL12,0,0,8,4,62,8,0,0,-1.0,0,0
eclipse.pde.ui-20100428-1600,x.y.z,inner,0,0,4,2,30,4,0,0,-1.0,0,0
eclipse.pde.ui-20100428-1600,x.y.z,testMRL13,0,0,8,4,70,8,0,0,-1.0,0,0
eclipse.pde.ui-20100428-1600,x.y.z,inner,0,0,4,2,34,4,0,0,-1.0,0,0
eclipse.pde.ui-20100428-1600,x.y.z,testMRL14,0,0,1,1,11,1,0,0,-1.0,0,0
eclipse.pde.ui-20100428-1600,x.y.z,testMRL15,0,0,1,1,12,1,0,0,-1.0,0,0
eclipse.pde.ui-20100428-1600,x.y.z,testMRL16,0,0,1,1,11,1,0,0,-1.0,0,0
eclipse.pde.ui-20100428-1600,x.y.z,testMRL17,0,0,1,1,7,1,0,0,-1.0,0,0
eclipse.pde.ui-20100428-1600,x.y.z,outer,0,0,0,0,2,0,0,0,-1.0,0,0
eclipse.pde.ui-20100428-1600,x.y.z,testMRL18,0,0,1,0,5,1,0,0,-1.0,0,0
eclipse.pde.ui-20100428-1600,x.y.z,testMRL19,0,0,2,0,8,2,0,0,-1.0,0,0
eclipse.pde.ui-20100428-1600,x.y.z,testMRL2,0,0,4,0,16,4,0,0,-1.0,0,0
eclipse.pde.ui-20100428-1600,x.y.z,testMRL3,0,0,4,2,18,4,0,0,-1.0,0,0
eclipse.pde.ui-20100428-1600,x.y.z,inner,0,0,4,2,14,4,0,0,-1.0,0,0
eclipse.pde.ui-20100428-1600,x.y.z,testMRL4,0,0,4,0,18,4,0,0,-1.0,0,0
eclipse.pde.ui-20100428-1600,x.y.z,inner,0,0,4,0,14,4,0,0,-1.0,0,0
eclipse.pde.ui-20100428-1600,x.y.z,testMRL5,0,0,4,2,22,4,0,0,-1.0,0,0
eclipse.pde.ui-20100428-1600,x.y.z,inner,0,0,2,1,10,2,0,0,-1.0,0,0
eclipse.pde.ui-20100428-1600,x.y.z,inner2,0,0,2,1,8,2,0,0,-1.0,0,0
eclipse.pde.ui-20100428-1600,x.y.z,inner2,0,0,2,1,8,2,0,0,-1.0,0,0
eclipse.pde.ui-20100428-1600,x.y.z,testMRL6,0,0,4,0,22,4,0,0,-1.0,0,0
eclipse.pde.ui-20100428-1600,x.y.z,inner,0,0,2,0,10,2,0,0,-1.0,0,0
eclipse.pde.ui-20100428-1600,x.y.z,inner2,0,0,2,0,8,2,0,0,-1.0,0,0
eclipse.pde.ui-20100428-1600,x.y.z,inner2,0,0,2,0,8,2,0,0,-1.0,0,0
eclipse.pde.ui-20100428-1600,x.y.z,testMRL7,0,0,4,2,14,4,0,0,-1.0,0,0
eclipse.pde.ui-20100428-1600,x.y.z,inner,0,0,2,1,6,2,0,0,-1.0,0,0
eclipse.pde.ui-20100428-1600,x.y.z,inner2,0,0,2,1,4,2,0,0,-1.0,0,0
eclipse.pde.ui-20100428-1600,x.y.z,inner2,0,0,2,1,4,2,0,0,-1.0,0,0
eclipse.pde.ui-20100428-1600,x.y.z,testMRL8,0,0,4,2,8,4,0,0,-1.0,0,0
eclipse.pde.ui-20100428-1600,x.y.z,testMRL9,0,0,4,2,16,4,0,0,-1.0,0,0
eclipse.pde.ui-20100428-1600,x.y.z,testA1,0,0,1,1,6,1,0,0,-1.0,0,0
eclipse.pde.ui-20100428-1600,x.y.z,inner,0,0,0,0,2,0,0,0,-1.0,0,0
eclipse.pde.ui-20100428-1600,x.y.z,testA10,0,0,1,1,8,1,0,0,-1.0,0,0
eclipse.pde.ui-20100428-1600,x.y.z,testA11,1,0,0,0,8,0,0,0,-1.0,0,0
eclipse.pde.ui-20100428-1600,x.y.z,testA2,0,0,2,2,10,2,0,0,-1.0,0,0
eclipse.pde.ui-20100428-1600,x.y.z,testA3,0,0,1,1,7,1,0,0,-1.0,0,0
eclipse.pde.ui-20100428-1600,x.y.z,testA4,1,0,0,0,5,0,0,0,-1.0,0,0
eclipse.pde.ui-20100428-1600,x.y.z,testA5,0,0,1,1,6,1,0,0,-1.0,0,0
eclipse.pde.ui-20100428-1600,x.y.z,inner,0,0,0,0,2,0,0,0,-1.0,0,0
eclipse.pde.ui-20100428-1600,x.y.z,testA6,0,0,1,1,7,1,0,0,-1.0,0,0
eclipse.pde.ui-20100428-1600,x.y.z,testA7,0,0,3,3,19,3,0,0,-1.0,0,0
eclipse.pde.ui-20100428-1600,x.y.z,inner,0,0,0,0,2,0,0,0,-1.0,0,0
eclipse.pde.ui-20100428-1600,x.y.z,inner,0,0,0,0,2,0,0,0,-1.0,0,0
eclipse.pde.ui-20100428-1600,x.y.z,inner,0,0,0,0,2,0,0,0,-1.0,0,0
eclipse.pde.ui-20100428-1600,x.y.z,testA8,0,0,1,1,7,1,0,0,-1.0,0,0
eclipse.pde.ui-20100428-1600,x.y.z,inner,0,0,0,0,2,0,0,0,-1.0,0,0
eclipse.pde.ui-20100428-1600,x.y.z,testA9,0,0,1,1,8,1,0,0,-1.0,0,0
eclipse.pde.ui-20100428-1600,x.y.z,inner,0,0,0,0,2,0,0,0,-1.0,0,0
eclipse.pde.ui-20100428-1600,x.y.z,testC1,0,0,0,0,8,0,0,0,-1.0,0,0
eclipse.pde.ui-20100428-1600,x.y.z,inner,0,0,0,0,2,0,0,0,-1.0,0,0
eclipse.pde.ui-20100428-1600,x.y.z,inner2,0,0,0,0,2,0,0,0,-1.0,0,0
eclipse.pde.ui-20100428-1600,x.y.z,outer,0,0,0,0,2,0,0,0,-1.0,0,0
eclipse.pde.ui-20100428-1600,x.y.z,testC10,0,0,2,1,12,2,0,0,-1.0,0,1
eclipse.pde.ui-20100428-1600,x.y.z,inner,0,0,1,0,5,1,0,0,-1.0,0,1
eclipse.pde.ui-20100428-1600,x.y.z,testC2,0,0,3,3,26,3,0,0,-1.0,0,1
eclipse.pde.ui-20100428-1600,x.y.z,inner,0,0,1,1,8,1,0,0,-1.0,0,1
eclipse.pde.ui-20100428-1600,x.y.z,inner2,0,0,1,1,8,1,0,0,-1.0,0,1
eclipse.pde.ui-20100428-1600,x.y.z,outer,0,0,1,1,8,1,0,0,-1.0,0,1
eclipse.pde.ui-20100428-1600,x.y.z,testC3,0,0,0,0,5,0,0,0,-1.0,0,0
eclipse.pde.ui-20100428-1600,x.y.z,testC4,0,0,0,0,5,0,0,0,-1.0,0,0
eclipse.pde.ui-20100428-1600,x.y.z,testC5,0,0,0,0,5,0,0,0,-1.0,0,0
eclipse.pde.ui-20100428-1600,x.y.z,testC6,0,0,0,0,5,0,0,0,-1.0,0,0
eclipse.pde.ui-20100428-1600,x.y.z,testC7,0,0,0,0,2,0,0,0,-1.0,0,0
eclipse.pde.ui-20100428-1600,x.y.z,testC8,0,0,0,0,2,0,0,0,-1.0,0,0
eclipse.pde.ui-20100428-1600,x.y.z,testC9,0,0,0,0,2,0,0,0,-1.0,0,0
eclipse.pde.ui-20100428-1600,x.y.z,testGA1,0,0,1,1,7,1,0,0,-1.0,0,0
eclipse.pde.ui-20100428-1600,x.y.z,testGA2,0,0,1,1,7,1,0,0,-1.0,0,0
eclipse.pde.ui-20100428-1600,x.y.z,testGA3,0,0,1,1,7,1,0,0,-1.0,0,0
eclipse.pde.ui-20100428-1600,x.y.z,testGA4,1,0,0,0,5,0,0,0,-1.0,0,0
eclipse.pde.ui-20100428-1600,x.y.z,testGA5,0,0,1,1,6,1,0,0,-1.0,0,0
eclipse.pde.ui-20100428-1600,x.y.z,inner,0,0,0,0,2,0,0,0,-1.0,0,0
eclipse.pde.ui-20100428-1600,x.y.z,testGA6,0,0,1,1,6,1,0,0,-1.0,0,0
eclipse.pde.ui-20100428-1600,x.y.z,inner,0,0,0,0,2,0,0,0,-1.0,0,0
eclipse.pde.ui-20100428-1600,x.y.z,testGA7,1,0,0,0,8,0,0,0,-1.0,0,0
eclipse.pde.ui-20100428-1600,x.y.z,testCN1,0,0,3,3,32,3,0,0,-1.0,0,1
eclipse.pde.ui-20100428-1600,x.y.z,inner,0,0,1,1,10,1,0,0,-1.0,0,1
eclipse.pde.ui-20100428-1600,x.y.z,inner2,0,0,1,1,10,1,0,0,-1.0,0,1
eclipse.pde.ui-20100428-1600,x.y.z,outer,0,0,1,1,10,1,0,0,-1.0,0,1
eclipse.pde.ui-20100428-1600,x.y.z,test1,0,0,0,0,4,0,0,0,-1.0,0,0
eclipse.pde.ui-20100428-1600,x.y.z,test10,0,0,0,0,4,0,0,0,-1.0,0,0
eclipse.pde.ui-20100428-1600,x.y.z,clazz,0,0,0,0,2,0,0,0,-1.0,0,0
eclipse.pde.ui-20100428-1600,x.y.z,test11,0,0,0,0,4,0,0,0,-1.0,0,0
eclipse.pde.ui-20100428-1600,x.y.z,test12,1,0,0,0,5,0,0,0,-1.0,0,1
eclipse.pde.ui-20100428-1600,x.y.z,test2,0,0,0,0,4,0,0,0,-1.0,0,0
eclipse.pde.ui-20100428-1600,x.y.z,test3,1,0,0,0,5,0,0,0,-1.0,0,0
eclipse.pde.ui-20100428-1600,x.y.z,test4,1,0,0,0,5,0,0,0,-1.0,0,0
eclipse.pde.ui-20100428-1600,x.y.z,test5,1,0,0,0,5,0,0,0,-1.0,0,1
eclipse.pde.ui-20100428-1600,x.y.z,test6,0,0,1,1,11,1,0,0,-1.0,0,1
eclipse.pde.ui-20100428-1600,x.y.z,test7,0,0,1,1,6,1,0,0,-1.0,0,0
eclipse.pde.ui-20100428-1600,x.y.z,test8,0,0,0,0,4,0,0,0,-1.0,0,0
eclipse.pde.ui-20100428-1600,x.y.z,test9,1,0,0,0,5,0,0,0,-1.0,0,1
eclipse.pde.ui-20100428-1600,x.y.z,testF1,0,0,3,3,33,3,0,0,-1.0,0,1
eclipse.pde.ui-20100428-1600,x.y.z,inner,0,0,1,1,10,1,0,0,-1.0,0,1
eclipse.pde.ui-20100428-1600,x.y.z,inner2,0,0,1,1,10,1,0,0,-1.0,0,1
eclipse.pde.ui-20100428-1600,x.y.z,outer,0,0,1,1,10,1,0,0,-1.0,0,1
eclipse.pde.ui-20100428-1600,x.y.z,testF2,0,0,3,3,33,3,0,0,-1.0,0,1
eclipse.pde.ui-20100428-1600,x.y.z,inner,0,0,1,1,10,1,0,0,-1.0,0,1
eclipse.pde.ui-20100428-1600,x.y.z,inner2,0,0,1,1,10,1,0,0,-1.0,0,1
eclipse.pde.ui-20100428-1600,x.y.z,outer,0,0,1,1,10,1,0,0,-1.0,0,1
eclipse.pde.ui-20100428-1600,x.y.z,testF3,0,0,3,3,33,3,0,0,-1.0,0,1
eclipse.pde.ui-20100428-1600,x.y.z,inner,0,0,1,1,10,1,0,0,-1.0,0,1
eclipse.pde.ui-20100428-1600,x.y.z,inner2,0,0,1,1,10,1,0,0,-1.0,0,1
eclipse.pde.ui-20100428-1600,x.y.z,outer,0,0,1,1,10,1,0,0,-1.0,0,1
eclipse.pde.ui-20100428-1600,x.y.z,testF4,0,0,3,3,33,3,0,0,-1.0,0,1
eclipse.pde.ui-20100428-1600,x.y.z,inner,0,0,1,1,10,1,0,0,-1.0,0,1
eclipse.pde.ui-20100428-1600,x.y.z,inner2,0,0,1,1,10,1,0,0,-1.0,0,1
eclipse.pde.ui-20100428-1600,x.y.z,outer,0,0,1,1,10,1,0,0,-1.0,0,1
eclipse.pde.ui-20100428-1600,x.y.z,testF5,5,0,2,2,33,2,0,0,1.0,0,1
eclipse.pde.ui-20100428-1600,x.y.z,inner,0,0,1,1,12,1,0,0,-1.0,0,1
eclipse.pde.ui-20100428-1600,x.y.z,inner2,0,0,1,1,12,1,0,0,-1.0,0,1
eclipse.pde.ui-20100428-1600,x.y.z,outer,0,0,1,1,12,1,0,0,-1.0,0,1
eclipse.pde.ui-20100428-1600,x.y.z,testF6,3,0,2,2,28,2,0,0,1.0,0,0
eclipse.pde.ui-20100428-1600,x.y.z,inner,0,0,1,1,10,1,0,0,-1.0,0,0
eclipse.pde.ui-20100428-1600,x.y.z,inner2,0,0,1,1,10,1,0,0,-1.0,0,0
eclipse.pde.ui-20100428-1600,x.y.z,outer,0,0,1,1,10,1,0,0,-1.0,0,0
eclipse.pde.ui-20100428-1600,x.y.z,testF7,3,0,2,2,28,2,0,0,1.0,0,0
eclipse.pde.ui-20100428-1600,x.y.z,inner,0,0,1,1,10,1,0,0,-1.0,0,0
eclipse.pde.ui-20100428-1600,x.y.z,inner2,0,0,1,1,10,1,0,0,-1.0,0,0
eclipse.pde.ui-20100428-1600,x.y.z,outer,0,0,1,1,10,1,0,0,-1.0,0,0
eclipse.pde.ui-20100428-1600,x.y.z,testUF1,0,0,1,0,6,1,0,0,-1.0,0,1
eclipse.pde.ui-20100428-1600,x.y.z,testUF1,0,0,1,0,6,1,0,0,-1.0,0,1
eclipse.pde.ui-20100428-1600,x.y.z,testUF2,0,0,1,1,7,1,0,0,-1.0,0,0
eclipse.pde.ui-20100428-1600,x.y.z,testUF3,0,0,1,1,6,1,0,0,-1.0,0,1
eclipse.pde.ui-20100428-1600,x.y.z,testUF3,0,0,2,1,9,2,0,0,-1.0,0,1
eclipse.pde.ui-20100428-1600,x.y.z,test1,0,0,0,0,4,0,0,0,-1.0,0,0
eclipse.pde.ui-20100428-1600,x.y.z,test2,0,0,0,0,4,0,0,0,-1.0,0,0
eclipse.pde.ui-20100428-1600,x.y.z,test3,1,0,0,0,5,0,0,0,-1.0,0,0
eclipse.pde.ui-20100428-1600,x.y.z,test4,1,0,0,0,5,0,0,0,-1.0,0,0
eclipse.pde.ui-20100428-1600,x.y.z,test5,1,0,0,0,5,0,0,0,-1.0,0,1
eclipse.pde.ui-20100428-1600,x.y.z,test6,0,0,1,1,6,1,0,0,-1.0,0,0
eclipse.pde.ui-20100428-1600,x.y.z,test7,0,0,0,0,4,0,0,0,-1.0,0,0
eclipse.pde.ui-20100428-1600,x.y.z,testI1,0,0,0,0,6,0,0,0,-1.0,0,1
eclipse.pde.ui-20100428-1600,x.y.z,inner,0,0,0,0,2,0,0,0,-1.0,0,1
eclipse.pde.ui-20100428-1600,x.y.z,Iouter,0,0,0,0,2,0,0,0,-1.0,0,1
eclipse.pde.ui-20100428-1600,x.y.z,testI2,0,0,0,0,6,0,0,0,-1.0,0,1
eclipse.pde.ui-20100428-1600,x.y.z,inner,0,0,0,0,2,0,0,0,-1.0,0,1
eclipse.pde.ui-20100428-1600,x.y.z,outer,0,0,0,0,2,0,0,0,-1.0,0,0
eclipse.pde.ui-20100428-1600,x.y.z,testI1,0,0,0,0,6,0,0,0,-1.0,0,1
eclipse.pde.ui-20100428-1600,x.y.z,inner,0,0,0,0,2,0,0,0,-1.0,0,1
eclipse.pde.ui-20100428-1600,x.y.z,Iouter,0,0,0,0,2,0,0,0,-1.0,0,1
eclipse.pde.ui-20100428-1600,x.y.z,testCN1,0,0,3,3,32,3,0,0,-1.0,0,1
eclipse.pde.ui-20100428-1600,x.y.z,inner,0,0,1,1,10,1,0,0,-1.0,0,1
eclipse.pde.ui-20100428-1600,x.y.z,inner2,0,0,1,1,10,1,0,0,-1.0,0,1
eclipse.pde.ui-20100428-1600,x.y.z,outer,0,0,1,1,10,1,0,0,-1.0,0,1
eclipse.pde.ui-20100428-1600,x.y.z,testM1,0,0,2,2,24,2,0,0,-1.0,0,1
eclipse.pde.ui-20100428-1600,x.y.z,inner,0,0,1,1,10,1,0,0,-1.0,0,1
eclipse.pde.ui-20100428-1600,x.y.z,inner2,0,0,1,1,10,1,0,0,-1.0,0,1
eclipse.pde.ui-20100428-1600,x.y.z,outer,0,0,1,1,10,1,0,0,-1.0,0,1
eclipse.pde.ui-20100428-1600,x.y.z,testM2,0,0,3,3,26,3,0,0,-1.0,0,0
eclipse.pde.ui-20100428-1600,x.y.z,inner,0,0,1,1,8,1,0,0,-1.0,0,0
eclipse.pde.ui-20100428-1600,x.y.z,inner2,0,0,1,1,8,1,0,0,-1.0,0,0
eclipse.pde.ui-20100428-1600,x.y.z,outermu2,0,0,1,1,8,1,0,0,-1.0,0,0
eclipse.pde.ui-20100428-1600,x.y.z,testM3,0,0,3,3,32,3,0,0,-1.0,0,1
eclipse.pde.ui-20100428-1600,x.y.z,inner,0,0,1,1,10,1,0,0,-1.0,0,1
eclipse.pde.ui-20100428-1600,x.y.z,inner2,0,0,1,1,10,1,0,0,-1.0,0,1
eclipse.pde.ui-20100428-1600,x.y.z,outer,0,0,1,1,10,1,0,0,-1.0,0,1
eclipse.pde.ui-20100428-1600,x.y.z,testM4,0,0,2,2,24,2,0,0,-1.0,0,1
eclipse.pde.ui-20100428-1600,x.y.z,inner,0,0,1,1,10,1,0,0,-1.0,0,1
eclipse.pde.ui-20100428-1600,x.y.z,inner2,0,0,1,1,10,1,0,0,-1.0,0,1
eclipse.pde.ui-20100428-1600,x.y.z,outer,0,0,1,1,10,1,0,0,-1.0,0,1
eclipse.pde.ui-20100428-1600,x.y.z,testM5,0,0,2,2,26,2,0,0,-1.0,0,0
eclipse.pde.ui-20100428-1600,x.y.z,inner,0,0,1,1,11,1,0,0,-1.0,0,0
eclipse.pde.ui-20100428-1600,x.y.z,inner2,0,0,1,1,11,1,0,0,-1.0,0,0
eclipse.pde.ui-20100428-1600,x.y.z,outer,0,0,1,1,11,1,0,0,-1.0,0,0
eclipse.pde.ui-20100428-1600,x.y.z,testM6,0,0,2,2,26,2,0,0,-1.0,0,1
eclipse.pde.ui-20100428-1600,x.y.z,inner,0,0,1,1,11,1,0,0,-1.0,0,1
eclipse.pde.ui-20100428-1600,x.y.z,inner2,0,0,1,1,11,1,0,0,-1.0,0,1
eclipse.pde.ui-20100428-1600,x.y.z,outer,0,0,1,1,11,1,0,0,-1.0,0,1
eclipse.pde.ui-20100428-1600,x.y.z,testM7,0,0,2,2,20,2,0,0,-1.0,0,1
eclipse.pde.ui-20100428-1600,x.y.z,inner,0,0,1,1,8,1,0,0,-1.0,0,1
eclipse.pde.ui-20100428-1600,x.y.z,inner2,0,0,1,1,8,1,0,0,-1.0,0,1
eclipse.pde.ui-20100428-1600,x.y.z,outer,0,0,1,1,8,1,0,0,-1.0,0,1
eclipse.pde.ui-20100428-1600,x.y.z,C4,0,0,0,0,4,0,0,0,-1.0,0,0
eclipse.pde.ui-20100428-1600,x.y.z,C5,0,0,0,0,4,0,0,0,-1.0,0,0
eclipse.pde.ui-20100428-1600,internal.x.y.z,Iinternal,0,0,0,0,4,0,0,0,-1.0,62,0
eclipse.pde.ui-20100428-1600,internal.x.y.z,internal,0,0,1,1,6,1,0,0,-1.0,73,0
eclipse.pde.ui-20100428-1600,internal.x.y.z,internalprivatefield,1,0,0,0,5,0,0,0,-1.0,0,0
eclipse.pde.ui-20100428-1600,internal.x.y.z,internalprotected,0,0,1,0,10,1,0,0,-1.0,0,0
eclipse.pde.ui-20100428-1600,internal.x.y.z,internalprotectedfield,1,0,0,0,5,0,0,0,-1.0,0,0
eclipse.pde.ui-20100428-1600,internal.x.y.z,internalpublicfield,1,1,0,0,5,0,0,0,-1.0,0,0
eclipse.pde.ui-20100428-1600,internal.x.y.z,Iinternal,0,0,0,0,4,0,0,0,-1.0,0,0
eclipse.pde.ui-20100428-1600,internal.x.y.z,internal,0,0,0,0,4,0,0,0,-1.0,0,0
eclipse.pde.ui-20100428-1600,a.b.c,ClassA,0,0,1,1,7,1,0,0,-1.0,20,1
eclipse.pde.ui-20100428-1600,a.b.c,ClassB,0,0,1,1,7,1,0,0,-1.0,16,1
eclipse.pde.ui-20100428-1600,a.b.c,ClassB,0,0,1,1,7,1,0,0,-1.0,0,1
eclipse.pde.ui-20100428-1600,a.b.c,ClassA,0,0,1,1,7,1,0,0,-1.0,0,1
eclipse.pde.ui-20100428-1600,a.b.c,ClassA,0,0,1,1,8,1,0,0,-1.0,0,1
eclipse.pde.ui-20100428-1600,a.b.c,ClassAdded,0,0,1,1,8,1,0,0,-1.0,1,1
eclipse.pde.ui-20100428-1600,a.b.c,ClassB,0,0,1,1,8,1,0,0,-1.0,0,1
eclipse.pde.ui-20100428-1600,a.b.c,ClassA,0,0,1,1,7,1,0,0,-1.0,0,1
eclipse.pde.ui-20100428-1600,a.b.c,ClassB,0,0,1,1,7,1,0,0,-1.0,0,1
eclipse.pde.ui-20100428-1600,a.b.c,ClassB,0,0,1,1,7,1,0,0,-1.0,0,1
eclipse.pde.ui-20100428-1600,a.b.c,ClassA,0,0,1,1,7,1,0,0,-1.0,0,1
eclipse.pde.ui-20100428-1600,a.b.c,ClassA,0,0,1,1,7,1,0,0,-1.0,0,1
eclipse.pde.ui-20100428-1600,a.b.c,ClassB,0,0,1,1,7,1,0,0,-1.0,0,1
eclipse.pde.ui-20100428-1600,a.b.c,ClassA,0,0,1,1,7,1,0,0,-1.0,0,1
eclipse.pde.ui-20100428-1600,a.b.c,ClassA,0,0,1,1,7,1,0,0,-1.0,0,1
eclipse.pde.ui-20100428-1600,a.b.c,ClassB,0,0,1,1,7,1,0,0,-1.0,0,1
eclipse.pde.ui-20100428-1600,a.b.c,ClassB,0,0,1,1,7,1,0,0,-1.0,0,1
eclipse.pde.ui-20100428-1600,a.b.c,ClassZ,0,0,0,0,4,0,0,0,-1.0,0,0
eclipse.pde.ui-20100428-1600,a.b.c,ClassA,0,0,1,1,7,1,0,0,-1.0,0,1
eclipse.pde.ui-20100428-1600,a.b.c,ClassA,0,0,1,1,7,1,0,0,-1.0,0,1
eclipse.pde.ui-20100428-1600,a.b.c,ClassB,0,0,1,1,7,1,0,0,-1.0,0,1
eclipse.pde.ui-20100428-1600,a.b.c,ClassB,0,0,1,1,7,1,0,0,-1.0,0,0
eclipse.pde.ui-20100428-1600,a.b.c,ClassA,0,0,1,1,7,1,0,0,-1.0,0,1
eclipse.pde.ui-20100428-1600,a.b.c,ClassA,0,0,1,1,7,1,0,0,-1.0,0,1
eclipse.pde.ui-20100428-1600,a.b.c,ClassB,0,0,1,1,7,1,0,0,-1.0,0,1
eclipse.pde.ui-20100428-1600,a.b.c,ClassA,0,0,1,1,7,1,0,0,-1.0,0,1
eclipse.pde.ui-20100428-1600,a.b.c,ClassB,0,0,1,1,7,1,0,0,-1.0,0,1
eclipse.pde.ui-20100428-1600,a.b.c,ClassA,0,0,1,1,7,1,0,0,-1.0,0,1
eclipse.pde.ui-20100428-1600,a.b.c,ClassB,0,0,1,1,7,1,0,0,-1.0,0,1
eclipse.pde.ui-20100428-1600,a.b.c,ClassA,0,0,1,1,7,1,0,0,-1.0,0,1
eclipse.pde.ui-20100428-1600,a.b.c,ClassZ,0,0,0,0,5,0,0,0,-1.0,0,0
eclipse.pde.ui-20100428-1600,a.b.c,ClassA,0,0,1,1,7,1,0,0,-1.0,0,1
eclipse.pde.ui-20100428-1600,a.b.c,ClassB,0,0,1,1,7,1,0,0,-1.0,0,1
eclipse.pde.ui-20100428-1600,a.b.c,ClassB,0,0,1,1,5,1,0,0,-1.0,0,0
eclipse.pde.ui-20100428-1600,a.b.c,ClassA,0,0,1,1,7,1,0,0,-1.0,0,1
eclipse.pde.ui-20100428-1600,a.b.c,ClassA,0,0,1,1,7,1,0,0,-1.0,0,1
eclipse.pde.ui-20100428-1600,a.b.c,ClassB,0,0,1,1,7,1,0,0,-1.0,0,1
eclipse.pde.ui-20100428-1600,a.b.c,ClassB,0,0,1,1,5,1,0,0,-1.0,0,1
eclipse.pde.ui-20100428-1600,a.b.c,ClassA,0,0,1,1,7,1,0,0,-1.0,0,1
eclipse.pde.ui-20100428-1600,a.b.c,ClassB,0,0,1,1,5,1,0,0,-1.0,0,1
eclipse.pde.ui-20100428-1600,a.b.c,ClassA,0,0,1,1,7,1,0,0,-1.0,0,1
eclipse.pde.ui-20100428-1600,a.b.c,test1,0,0,0,0,20,0,0,0,-1.0,0,0
eclipse.pde.ui-20100428-1600,a.b.c,inner,0,0,0,0,5,0,0,0,-1.0,0,0
eclipse.pde.ui-20100428-1600,a.b.c,inner2,0,0,0,0,7,0,0,0,-1.0,0,0
eclipse.pde.ui-20100428-1600,a.b.c,inner3,0,0,0,0,5,0,0,0,-1.0,0,0
eclipse.pde.ui-20100428-1600,a.b.c,inner4,0,0,0,0,2,0,0,0,-1.0,0,0
eclipse.pde.ui-20100428-1600,a.b.c,outer,0,0,0,0,7,0,0,0,-1.0,0,0
eclipse.pde.ui-20100428-1600,a.b.c,inner,0,0,0,0,5,0,0,0,-1.0,0,0
eclipse.pde.ui-20100428-1600,a.b.c,test3,0,0,0,0,20,0,0,0,-1.0,0,0
eclipse.pde.ui-20100428-1600,a.b.c,InnerNoRef4,0,0,0,0,5,0,0,0,-1.0,0,0
eclipse.pde.ui-20100428-1600,a.b.c,InnerNoRef4_1,0,0,0,0,7,0,0,0,-1.0,0,0
eclipse.pde.ui-20100428-1600,a.b.c,Inner2NoRef4,0,0,0,0,5,0,0,0,-1.0,0,0
eclipse.pde.ui-20100428-1600,a.b.c,InnerNoRef4_2,0,0,0,0,2,0,0,0,-1.0,0,0
eclipse.pde.ui-20100428-1600,a.b.c,OuterNoRef4,0,0,0,0,7,0,0,0,-1.0,0,0
eclipse.pde.ui-20100428-1600,a.b.c,InnerNoRef4,0,0,0,0,5,0,0,0,-1.0,0,0
eclipse.pde.ui-20100428-1600,a.b.c,test5,0,0,0,0,20,0,0,0,-1.0,0,0
eclipse.pde.ui-20100428-1600,a.b.c,InnerNoRef4,0,0,0,0,5,0,0,0,-1.0,0,0
eclipse.pde.ui-20100428-1600,a.b.c,InnerNoRef4_1,0,0,0,0,7,0,0,0,-1.0,0,0
eclipse.pde.ui-20100428-1600,a.b.c,Inner2NoRef4,0,0,0,0,5,0,0,0,-1.0,0,0
eclipse.pde.ui-20100428-1600,a.b.c,InnerNoRef4_2,0,0,0,0,2,0,0,0,-1.0,0,0
eclipse.pde.ui-20100428-1600,a.b.c,OuterNoRef4,0,0,0,0,7,0,0,0,-1.0,0,0
eclipse.pde.ui-20100428-1600,a.b.c,InnerNoRef4,0,0,0,0,5,0,0,0,-1.0,0,0
eclipse.pde.ui-20100428-1600,a.b.c,test7,0,0,0,0,17,0,0,0,-1.0,0,0
eclipse.pde.ui-20100428-1600,a.b.c,inner,0,0,0,0,5,0,0,0,-1.0,0,0
eclipse.pde.ui-20100428-1600,a.b.c,inner2,0,0,0,0,7,0,0,0,-1.0,0,0
eclipse.pde.ui-20100428-1600,a.b.c,inner3,0,0,0,0,5,0,0,0,-1.0,0,0
eclipse.pde.ui-20100428-1600,a.b.c,outer,0,0,0,0,7,0,0,0,-1.0,0,0
eclipse.pde.ui-20100428-1600,a.b.c,inner,0,0,0,0,5,0,0,0,-1.0,0,0
eclipse.pde.ui-20100428-1600,a.b.c,test8,0,0,1,0,7,1,0,0,-1.0,0,0
eclipse.pde.ui-20100428-1600,a.b.c,test1,0,0,0,0,7,0,0,0,-1.0,0,0
eclipse.pde.ui-20100428-1600,a.b.c,test2,0,0,0,0,5,0,0,0,-1.0,0,0
eclipse.pde.ui-20100428-1600,a.b.c,outer,0,0,0,0,6,0,0,0,-1.0,0,0
eclipse.pde.ui-20100428-1600,a.b.c,test3,0,0,0,0,11,0,0,0,-1.0,0,0
eclipse.pde.ui-20100428-1600,a.b.c,inner,0,0,0,0,6,0,0,0,-1.0,0,0
eclipse.pde.ui-20100428-1600,a.b.c,test4,0,0,0,0,21,0,0,0,-1.0,0,0
eclipse.pde.ui-20100428-1600,a.b.c,inner,0,0,0,0,6,0,0,0,-1.0,0,0
eclipse.pde.ui-20100428-1600,a.b.c,inner2,0,0,0,0,8,0,0,0,-1.0,0,0
eclipse.pde.ui-20100428-1600,a.b.c,inner3,0,0,0,0,6,0,0,0,-1.0,0,0
eclipse.pde.ui-20100428-1600,a.b.c,outer,0,0,0,0,8,0,0,0,-1.0,0,0
eclipse.pde.ui-20100428-1600,a.b.c,inner,0,0,0,0,6,0,0,0,-1.0,0,0
eclipse.pde.ui-20100428-1600,a.b.c,test5,0,0,0,0,7,0,0,0,-1.0,0,0
eclipse.pde.ui-20100428-1600,a.b.c,test1,0,0,0,0,12,0,0,0,-1.0,0,0
eclipse.pde.ui-20100428-1600,a.b.c,Inner,0,0,0,0,6,0,0,0,-1.0,0,0
eclipse.pde.ui-20100428-1600,a.b.c,outer,0,0,0,0,8,0,0,0,-1.0,0,0
eclipse.pde.ui-20100428-1600,a.b.c,test2,0,0,0,0,12,0,0,0,-1.0,0,0
eclipse.pde.ui-20100428-1600,a.b.c,Inner,0,0,0,0,6,0,0,0,-1.0,0,0
eclipse.pde.ui-20100428-1600,a.b.c,outer,0,0,0,0,6,0,0,0,-1.0,0,0
eclipse.pde.ui-20100428-1600,a.b.c,test3,2,1,0,0,18,0,0,0,-1.0,0,0
eclipse.pde.ui-20100428-1600,a.b.c,Inner,1,0,0,0,9,0,0,0,-1.0,0,0
eclipse.pde.ui-20100428-1600,a.b.c,outer,1,0,0,0,9,0,0,0,-1.0,0,0
eclipse.pde.ui-20100428-1600,a.b.c,test4,2,2,0,0,18,0,0,0,-1.0,0,0
eclipse.pde.ui-20100428-1600,a.b.c,Inner,1,1,0,0,9,0,0,0,-1.0,0,0
eclipse.pde.ui-20100428-1600,a.b.c,outer,1,1,0,0,9,0,0,0,-1.0,0,0
eclipse.pde.ui-20100428-1600,a.b.c,test6,0,0,2,2,24,2,0,0,-1.0,0,0
eclipse.pde.ui-20100428-1600,a.b.c,Inner,0,0,1,1,12,1,0,0,-1.0,0,0
eclipse.pde.ui-20100428-1600,a.b.c,outer,0,0,1,1,12,1,0,0,-1.0,0,0
eclipse.pde.ui-20100428-1600,a.b.c,test7,0,0,2,2,20,2,0,0,-1.0,0,0
eclipse.pde.ui-20100428-1600,a.b.c,Inner,0,0,1,1,10,1,0,0,-1.0,0,0
eclipse.pde.ui-20100428-1600,a.b.c,outer,0,0,1,1,10,1,0,0,-1.0,0,0
eclipse.pde.ui-20100428-1600,a.b.c,test1,9,3,0,0,45,0,0,0,-1.0,0,0
eclipse.pde.ui-20100428-1600,a.b.c,inner,6,2,0,0,28,0,0,0,-1.0,0,0
eclipse.pde.ui-20100428-1600,a.b.c,inner2,3,1,0,0,14,0,0,0,-1.0,0,0
eclipse.pde.ui-20100428-1600,a.b.c,outer,3,1,0,0,14,0,0,0,-1.0,0,0
eclipse.pde.ui-20100428-1600,a.b.c,test11,9,3,0,0,45,0,0,0,-1.0,0,0
eclipse.pde.ui-20100428-1600,a.b.c,inner,6,2,0,0,28,0,0,0,-1.0,0,0
eclipse.pde.ui-20100428-1600,a.b.c,inner2,3,1,0,0,14,0,0,0,-1.0,0,0
eclipse.pde.ui-20100428-1600,a.b.c,outer,3,1,0,0,14,0,0,0,-1.0,0,0
eclipse.pde.ui-20100428-1600,a.b.c,test3,9,3,0,0,45,0,0,0,-1.0,0,0
eclipse.pde.ui-20100428-1600,a.b.c,inner,6,2,0,0,28,0,0,0,-1.0,0,0
eclipse.pde.ui-20100428-1600,a.b.c,inner2,3,1,0,0,14,0,0,0,-1.0,0,0
eclipse.pde.ui-20100428-1600,a.b.c,outer,3,1,0,0,14,0,0,0,-1.0,0,0
eclipse.pde.ui-20100428-1600,a.b.c,test5,9,3,0,0,45,0,0,0,-1.0,0,0
eclipse.pde.ui-20100428-1600,a.b.c,inner,6,2,0,0,28,0,0,0,-1.0,0,0
eclipse.pde.ui-20100428-1600,a.b.c,inner2,3,1,0,0,14,0,0,0,-1.0,0,0
eclipse.pde.ui-20100428-1600,a.b.c,outer,3,1,0,0,14,0,0,0,-1.0,0,0
eclipse.pde.ui-20100428-1600,a.b.c,test7,9,3,0,0,45,0,0,0,-1.0,0,0
eclipse.pde.ui-20100428-1600,a.b.c,inner,6,2,0,0,28,0,0,0,-1.0,0,0
eclipse.pde.ui-20100428-1600,a.b.c,inner2,3,1,0,0,14,0,0,0,-1.0,0,0
eclipse.pde.ui-20100428-1600,a.b.c,outer,3,1,0,0,14,0,0,0,-1.0,0,0
eclipse.pde.ui-20100428-1600,a.b.c,test9,9,3,0,0,45,0,0,0,-1.0,0,0
eclipse.pde.ui-20100428-1600,a.b.c,inner,6,2,0,0,28,0,0,0,-1.0,0,0
eclipse.pde.ui-20100428-1600,a.b.c,inner2,3,1,0,0,14,0,0,0,-1.0,0,0
eclipse.pde.ui-20100428-1600,a.b.c,outer,3,1,0,0,14,0,0,0,-1.0,0,0
eclipse.pde.ui-20100428-1600,a.b.c,test1,2,2,0,0,17,0,0,0,-1.0,0,0
eclipse.pde.ui-20100428-1600,a.b.c,inner,2,2,0,0,12,0,0,0,-1.0,0,0
eclipse.pde.ui-20100428-1600,a.b.c,inner2,1,1,0,0,6,0,0,0,-1.0,0,0
eclipse.pde.ui-20100428-1600,a.b.c,outer,1,1,0,0,6,0,0,0,-1.0,0,0
eclipse.pde.ui-20100428-1600,a.b.c,test11,2,2,0,0,17,0,0,0,-1.0,0,0
eclipse.pde.ui-20100428-1600,a.b.c,inner,2,2,0,0,12,0,0,0,-1.0,0,0
eclipse.pde.ui-20100428-1600,a.b.c,inner2,1,1,0,0,6,0,0,0,-1.0,0,0
eclipse.pde.ui-20100428-1600,a.b.c,outer,1,1,0,0,6,0,0,0,-1.0,0,0
eclipse.pde.ui-20100428-1600,a.b.c,test3,2,2,0,0,17,0,0,0,-1.0,0,0
eclipse.pde.ui-20100428-1600,a.b.c,inner,2,2,0,0,12,0,0,0,-1.0,0,0
eclipse.pde.ui-20100428-1600,a.b.c,inner2,1,1,0,0,6,0,0,0,-1.0,0,0
eclipse.pde.ui-20100428-1600,a.b.c,outer,1,1,0,0,6,0,0,0,-1.0,0,0
eclipse.pde.ui-20100428-1600,a.b.c,test5,2,2,0,0,17,0,0,0,-1.0,0,0
eclipse.pde.ui-20100428-1600,a.b.c,inner,2,2,0,0,12,0,0,0,-1.0,0,0
eclipse.pde.ui-20100428-1600,a.b.c,inner2,1,1,0,0,6,0,0,0,-1.0,0,0
eclipse.pde.ui-20100428-1600,a.b.c,outer,1,1,0,0,6,0,0,0,-1.0,0,0
eclipse.pde.ui-20100428-1600,a.b.c,test7,2,2,0,0,17,0,0,0,-1.0,0,0
eclipse.pde.ui-20100428-1600,a.b.c,inner,2,2,0,0,12,0,0,0,-1.0,0,0
eclipse.pde.ui-20100428-1600,a.b.c,inner2,1,1,0,0,6,0,0,0,-1.0,0,0
eclipse.pde.ui-20100428-1600,a.b.c,outer,1,1,0,0,6,0,0,0,-1.0,0,0
eclipse.pde.ui-20100428-1600,a.b.c,test9,2,2,0,0,17,0,0,0,-1.0,0,0
eclipse.pde.ui-20100428-1600,a.b.c,inner,2,2,0,0,12,0,0,0,-1.0,0,0
eclipse.pde.ui-20100428-1600,a.b.c,inner2,1,1,0,0,6,0,0,0,-1.0,0,0
eclipse.pde.ui-20100428-1600,a.b.c,outer,1,1,0,0,6,0,0,0,-1.0,0,0
eclipse.pde.ui-20100428-1600,a.b.c,test1,2,1,0,0,13,0,0,0,-1.0,0,0
eclipse.pde.ui-20100428-1600,a.b.c,test2,2,1,0,0,13,0,0,0,-1.0,0,0
eclipse.pde.ui-20100428-1600,a.b.c,test3,0,0,0,0,5,0,0,0,-1.0,0,0
eclipse.pde.ui-20100428-1600,a.b.c,outer,2,1,0,0,10,0,0,0,-1.0,0,0
eclipse.pde.ui-20100428-1600,a.b.c,test4,0,0,0,0,5,0,0,0,-1.0,0,0
eclipse.pde.ui-20100428-1600,a.b.c,outer,2,1,0,0,10,0,0,0,-1.0,0,0
eclipse.pde.ui-20100428-1600,a.b.c,test5,2,1,0,0,15,0,0,0,-1.0,0,0
eclipse.pde.ui-20100428-1600,a.b.c,inner,2,1,0,0,10,0,0,0,-1.0,0,0
eclipse.pde.ui-20100428-1600,a.b.c,test6,2,1,0,0,15,0,0,0,-1.0,0,0
eclipse.pde.ui-20100428-1600,a.b.c,inner,2,1,0,0,10,0,0,0,-1.0,0,0
eclipse.pde.ui-20100428-1600,a.b.c,test7,2,1,0,0,17,0,0,0,-1.0,0,0
eclipse.pde.ui-20100428-1600,a.b.c,inner,2,1,0,0,12,0,0,0,-1.0,0,0
eclipse.pde.ui-20100428-1600,a.b.c,inner2,0,0,0,0,2,0,0,0,-1.0,0,0
eclipse.pde.ui-20100428-1600,a.b.c,outer,1,1,0,0,6,0,0,0,-1.0,0,0
eclipse.pde.ui-20100428-1600,a.b.c,test1,1,1,0,0,9,0,0,0,-1.0,0,0
eclipse.pde.ui-20100428-1600,a.b.c,test2,0,0,0,0,5,0,0,0,-1.0,0,0
eclipse.pde.ui-20100428-1600,a.b.c,outer,1,1,0,0,6,0,0,0,-1.0,0,0
eclipse.pde.ui-20100428-1600,a.b.c,test3,1,1,0,0,11,0,0,0,-1.0,0,0
eclipse.pde.ui-20100428-1600,a.b.c,inner,1,1,0,0,6,0,0,0,-1.0,0,0
eclipse.pde.ui-20100428-1600,a.b.c,test4,2,2,0,0,17,0,0,0,-1.0,0,0
eclipse.pde.ui-20100428-1600,a.b.c,inner,2,2,0,0,12,0,0,0,-1.0,0,0
eclipse.pde.ui-20100428-1600,a.b.c,inner2,1,1,0,0,6,0,0,0,-1.0,0,0
eclipse.pde.ui-20100428-1600,a.b.c,outer,1,1,0,0,6,0,0,0,-1.0,0,0
eclipse.pde.ui-20100428-1600,a.b.c,test1,0,0,0,0,20,0,0,0,-1.0,0,0
eclipse.pde.ui-20100428-1600,a.b.c,inner,0,0,0,0,5,0,0,0,-1.0,0,0
eclipse.pde.ui-20100428-1600,a.b.c,inner1,0,0,0,0,7,0,0,0,-1.0,0,0
eclipse.pde.ui-20100428-1600,a.b.c,inner2,0,0,0,0,5,0,0,0,-1.0,0,0
eclipse.pde.ui-20100428-1600,a.b.c,inner2,0,0,0,0,2,0,0,0,-1.0,0,0
eclipse.pde.ui-20100428-1600,a.b.c,outer,0,0,0,0,7,0,0,0,-1.0,0,0
eclipse.pde.ui-20100428-1600,a.b.c,InnerNoRef4,0,0,0,0,5,0,0,0,-1.0,0,0
eclipse.pde.ui-20100428-1600,a.b.c,test3,0,0,0,0,20,0,0,0,-1.0,0,0
eclipse.pde.ui-20100428-1600,a.b.c,inner,0,0,0,0,5,0,0,0,-1.0,0,0
eclipse.pde.ui-20100428-1600,a.b.c,inner1,0,0,0,0,7,0,0,0,-1.0,0,0
eclipse.pde.ui-20100428-1600,a.b.c,inner2,0,0,0,0,5,0,0,0,-1.0,0,0
eclipse.pde.ui-20100428-1600,a.b.c,inner2,0,0,0,0,2,0,0,0,-1.0,0,0
eclipse.pde.ui-20100428-1600,a.b.c,outer,0,0,0,0,7,0,0,0,-1.0,0,0
eclipse.pde.ui-20100428-1600,a.b.c,inner,0,0,0,0,5,0,0,0,-1.0,0,0
eclipse.pde.ui-20100428-1600,a.b.c,test5,0,0,0,0,20,0,0,0,-1.0,0,0
eclipse.pde.ui-20100428-1600,a.b.c,inner,0,0,0,0,5,0,0,0,-1.0,0,0
eclipse.pde.ui-20100428-1600,a.b.c,inner1,0,0,0,0,7,0,0,0,-1.0,0,0
eclipse.pde.ui-20100428-1600,a.b.c,inner2,0,0,0,0,5,0,0,0,-1.0,0,0
eclipse.pde.ui-20100428-1600,a.b.c,inner2,0,0,0,0,2,0,0,0,-1.0,0,0
eclipse.pde.ui-20100428-1600,a.b.c,outer,0,0,0,0,7,0,0,0,-1.0,0,0
eclipse.pde.ui-20100428-1600,a.b.c,inner,0,0,0,0,5,0,0,0,-1.0,0,0
eclipse.pde.ui-20100428-1600,a.b.c,test1,0,0,0,0,6,0,0,0,-1.0,0,0
eclipse.pde.ui-20100428-1600,a.b.c,test2,0,0,0,0,5,0,0,0,-1.0,0,0
eclipse.pde.ui-20100428-1600,a.b.c,outer,0,0,0,0,5,0,0,0,-1.0,0,0
eclipse.pde.ui-20100428-1600,a.b.c,test3,0,0,0,0,10,0,0,0,-1.0,0,0
eclipse.pde.ui-20100428-1600,a.b.c,inner,0,0,0,0,5,0,0,0,-1.0,0,0
eclipse.pde.ui-20100428-1600,a.b.c,test4,0,0,0,0,20,0,0,0,-1.0,0,0
eclipse.pde.ui-20100428-1600,a.b.c,inner,0,0,0,0,5,0,0,0,-1.0,0,0
eclipse.pde.ui-20100428-1600,a.b.c,inner1,0,0,0,0,7,0,0,0,-1.0,0,0
eclipse.pde.ui-20100428-1600,a.b.c,inner2,0,0,0,0,5,0,0,0,-1.0,0,0
eclipse.pde.ui-20100428-1600,a.b.c,inner2,0,0,0,0,2,0,0,0,-1.0,0,0
eclipse.pde.ui-20100428-1600,a.b.c,outer,0,0,0,0,7,0,0,0,-1.0,0,0
eclipse.pde.ui-20100428-1600,a.b.c,inner,0,0,0,0,5,0,0,0,-1.0,0,0
eclipse.pde.ui-20100428-1600,a.b.c,test5,0,0,0,0,6,0,0,0,-1.0,0,0
eclipse.pde.ui-20100428-1600,a.b.c,test6,0,0,0,0,20,0,0,0,-1.0,0,0
eclipse.pde.ui-20100428-1600,a.b.c,inner,0,0,0,0,5,0,0,0,-1.0,0,0
eclipse.pde.ui-20100428-1600,a.b.c,inner1,0,0,0,0,7,0,0,0,-1.0,0,0
eclipse.pde.ui-20100428-1600,a.b.c,inner2,0,0,0,0,5,0,0,0,-1.0,0,0
eclipse.pde.ui-20100428-1600,a.b.c,inner2,0,0,0,0,2,0,0,0,-1.0,0,0
eclipse.pde.ui-20100428-1600,a.b.c,outer,0,0,0,0,7,0,0,0,-1.0,0,0
eclipse.pde.ui-20100428-1600,a.b.c,inner,0,0,0,0,5,0,0,0,-1.0,0,0
eclipse.pde.ui-20100428-1600,a.b.c,test7,0,0,0,0,20,0,0,0,-1.0,0,0
eclipse.pde.ui-20100428-1600,a.b.c,inner,0,0,0,0,5,0,0,0,-1.0,0,0
eclipse.pde.ui-20100428-1600,a.b.c,inner1,0,0,0,0,7,0,0,0,-1.0,0,0
eclipse.pde.ui-20100428-1600,a.b.c,inner2,0,0,0,0,5,0,0,0,-1.0,0,0
eclipse.pde.ui-20100428-1600,a.b.c,inner2,0,0,0,0,2,0,0,0,-1.0,0,0
eclipse.pde.ui-20100428-1600,a.b.c,outer,0,0,0,0,7,0,0,0,-1.0,0,0
eclipse.pde.ui-20100428-1600,a.b.c,inner,0,0,0,0,5,0,0,0,-1.0,0,0
eclipse.pde.ui-20100428-1600,a.b.c,test1,0,0,12,6,87,12,0,0,-1.0,0,0
eclipse.pde.ui-20100428-1600,a.b.c,inner,0,0,8,4,56,8,0,0,-1.0,0,0
eclipse.pde.ui-20100428-1600,a.b.c,inner2,0,0,4,2,28,4,0,0,-1.0,0,0
eclipse.pde.ui-20100428-1600,a.b.c,outer,0,0,4,2,28,4,0,0,-1.0,0,0
eclipse.pde.ui-20100428-1600,a.b.c,test10,0,0,1,1,12,1,0,0,-1.0,0,0
eclipse.pde.ui-20100428-1600,a.b.c,test11,0,0,3,0,30,3,0,0,-1.0,0,0
eclipse.pde.ui-20100428-1600,a.b.c,inner,0,0,2,0,18,2,0,0,-1.0,0,0
eclipse.pde.ui-20100428-1600,a.b.c,inner2,0,0,1,0,9,1,0,0,-1.0,0,0
eclipse.pde.ui-20100428-1600,a.b.c,outer,0,0,1,0,9,1,0,0,-1.0,0,0
eclipse.pde.ui-20100428-1600,a.b.c,test13,0,0,2,2,16,2,0,0,-1.0,0,0
eclipse.pde.ui-20100428-1600,a.b.c,inner,0,0,1,1,7,1,0,0,-1.0,0,0
eclipse.pde.ui-20100428-1600,a.b.c,outer,0,0,1,0,7,1,0,0,-1.0,0,0
eclipse.pde.ui-20100428-1600,a.b.c,test14,0,0,4,2,26,4,0,0,-1.0,0,0
eclipse.pde.ui-20100428-1600,a.b.c,inner,0,0,2,1,12,2,0,0,-1.0,0,0
eclipse.pde.ui-20100428-1600,a.b.c,test15,0,0,6,0,45,6,0,0,-1.0,0,0
eclipse.pde.ui-20100428-1600,a.b.c,inner,0,0,4,0,28,4,0,0,-1.0,0,0
eclipse.pde.ui-20100428-1600,a.b.c,inner2,0,0,2,0,14,2,0,0,-1.0,0,0
eclipse.pde.ui-20100428-1600,a.b.c,outer,0,0,2,0,14,2,0,0,-1.0,0,0
eclipse.pde.ui-20100428-1600,a.b.c,test17,0,0,6,4,45,6,0,0,-1.0,0,0
eclipse.pde.ui-20100428-1600,a.b.c,inner,0,0,4,2,28,4,0,0,-1.0,0,0
eclipse.pde.ui-20100428-1600,a.b.c,inner2,0,0,2,1,14,2,0,0,-1.0,0,0
eclipse.pde.ui-20100428-1600,a.b.c,outer,0,0,2,1,14,2,0,0,-1.0,0,0
eclipse.pde.ui-20100428-1600,a.b.c,test19,0,0,6,4,45,6,0,0,-1.0,0,0
eclipse.pde.ui-20100428-1600,a.b.c,inner,0,0,4,2,28,4,0,0,-1.0,0,0
eclipse.pde.ui-20100428-1600,a.b.c,inner2,0,0,2,1,14,2,0,0,-1.0,0,0
eclipse.pde.ui-20100428-1600,a.b.c,outer,0,0,2,1,14,2,0,0,-1.0,0,0
eclipse.pde.ui-20100428-1600,a.b.c,test21,0,0,6,4,45,6,0,0,-1.0,0,0
eclipse.pde.ui-20100428-1600,a.b.c,inner,0,0,4,2,28,4,0,0,-1.0,0,0
eclipse.pde.ui-20100428-1600,a.b.c,inner2,0,0,2,1,14,2,0,0,-1.0,0,0
eclipse.pde.ui-20100428-1600,a.b.c,outer,0,0,2,1,14,2,0,0,-1.0,0,0
eclipse.pde.ui-20100428-1600,a.b.c,test23,0,0,6,4,45,6,0,0,-1.0,0,0
eclipse.pde.ui-20100428-1600,a.b.c,inner,0,0,4,2,28,4,0,0,-1.0,0,0
eclipse.pde.ui-20100428-1600,a.b.c,inner2,0,0,2,1,14,2,0,0,-1.0,0,0
eclipse.pde.ui-20100428-1600,a.b.c,outer,0,0,2,1,14,2,0,0,-1.0,0,0
eclipse.pde.ui-20100428-1600,a.b.c,test3,0,0,12,6,87,12,0,0,-1.0,0,0
eclipse.pde.ui-20100428-1600,a.b.c,inner,0,0,8,4,56,8,0,0,-1.0,0,0
eclipse.pde.ui-20100428-1600,a.b.c,inner2,0,0,4,2,28,4,0,0,-1.0,0,0
eclipse.pde.ui-20100428-1600,a.b.c,outer,0,0,4,2,28,4,0,0,-1.0,0,0
eclipse.pde.ui-20100428-1600,a.b.c,test5,0,0,12,6,87,12,0,0,-1.0,0,0
eclipse.pde.ui-20100428-1600,a.b.c,inner,0,0,8,4,56,8,0,0,-1.0,0,0
eclipse.pde.ui-20100428-1600,a.b.c,inner2,0,0,4,2,28,4,0,0,-1.0,0,0
eclipse.pde.ui-20100428-1600,a.b.c,outer,0,0,4,2,28,4,0,0,-1.0,0,0
eclipse.pde.ui-20100428-1600,a.b.c,test7,0,0,3,0,30,3,0,0,-1.0,0,0
eclipse.pde.ui-20100428-1600,a.b.c,inner,0,0,2,0,18,2,0,0,-1.0,0,0
eclipse.pde.ui-20100428-1600,a.b.c,inner2,0,0,1,0,9,1,0,0,-1.0,0,0
eclipse.pde.ui-20100428-1600,a.b.c,outer,0,0,1,0,9,1,0,0,-1.0,0,0
eclipse.pde.ui-20100428-1600,a.b.c,test8,0,0,1,0,12,1,0,0,-1.0,0,0
eclipse.pde.ui-20100428-1600,a.b.c,test9,0,0,3,3,30,3,0,0,-1.0,0,0
eclipse.pde.ui-20100428-1600,a.b.c,inner,0,0,2,2,18,2,0,0,-1.0,0,0
eclipse.pde.ui-20100428-1600,a.b.c,inner2,0,0,1,1,9,1,0,0,-1.0,0,0
eclipse.pde.ui-20100428-1600,a.b.c,outer,0,0,1,1,9,1,0,0,-1.0,0,0
eclipse.pde.ui-20100428-1600,a.b.c,test1,0,0,4,4,29,4,0,0,-1.0,0,0
eclipse.pde.ui-20100428-1600,a.b.c,inner,0,0,4,4,24,4,0,0,-1.0,0,0
eclipse.pde.ui-20100428-1600,a.b.c,inner2,0,0,2,2,12,2,0,0,-1.0,0,0
eclipse.pde.ui-20100428-1600,a.b.c,outer,0,0,2,2,12,2,0,0,-1.0,0,0
eclipse.pde.ui-20100428-1600,a.b.c,test3,0,0,4,4,29,4,0,0,-1.0,0,0
eclipse.pde.ui-20100428-1600,a.b.c,inner,0,0,4,4,24,4,0,0,-1.0,0,0
eclipse.pde.ui-20100428-1600,a.b.c,inner2,0,0,2,2,12,2,0,0,-1.0,0,0
eclipse.pde.ui-20100428-1600,a.b.c,outer,0,0,2,2,12,2,0,0,-1.0,0,0
eclipse.pde.ui-20100428-1600,a.b.c,test5,0,0,4,4,29,4,0,0,-1.0,0,0
eclipse.pde.ui-20100428-1600,a.b.c,inner,0,0,4,4,24,4,0,0,-1.0,0,0
eclipse.pde.ui-20100428-1600,a.b.c,inner2,0,0,2,2,12,2,0,0,-1.0,0,0
eclipse.pde.ui-20100428-1600,a.b.c,outer,0,0,2,2,12,2,0,0,-1.0,0,0
eclipse.pde.ui-20100428-1600,a.b.c,test7,0,0,4,4,29,4,0,0,-1.0,0,0
eclipse.pde.ui-20100428-1600,a.b.c,inner,0,0,4,4,24,4,0,0,-1.0,0,0
eclipse.pde.ui-20100428-1600,a.b.c,inner2,0,0,2,2,12,2,0,0,-1.0,0,0
eclipse.pde.ui-20100428-1600,a.b.c,outer,0,0,2,2,12,2,0,0,-1.0,0,0
eclipse.pde.ui-20100428-1600,a.b.c,test1,0,0,4,2,33,4,0,0,-1.0,0,0
eclipse.pde.ui-20100428-1600,a.b.c,test10,0,0,2,1,17,2,0,0,-1.0,0,0
eclipse.pde.ui-20100428-1600,a.b.c,test2,0,0,0,0,5,0,0,0,-1.0,0,0
eclipse.pde.ui-20100428-1600,a.b.c,outer,0,0,4,2,30,4,0,0,-1.0,0,0
eclipse.pde.ui-20100428-1600,a.b.c,test3,0,0,4,2,35,4,0,0,-1.0,0,0
eclipse.pde.ui-20100428-1600,a.b.c,inner,0,0,4,2,30,4,0,0,-1.0,0,0
eclipse.pde.ui-20100428-1600,a.b.c,test4,0,0,8,4,65,8,0,0,-1.0,0,0
eclipse.pde.ui-20100428-1600,a.b.c,inner,0,0,8,4,60,8,0,0,-1.0,0,0
eclipse.pde.ui-20100428-1600,a.b.c,inner2,0,0,4,2,30,4,0,0,-1.0,0,0
eclipse.pde.ui-20100428-1600,a.b.c,outer,0,0,4,2,30,4,0,0,-1.0,0,0
eclipse.pde.ui-20100428-1600,a.b.c,test5,0,0,4,2,33,4,0,0,-1.0,0,0
eclipse.pde.ui-20100428-1600,a.b.c,test6,0,0,2,1,17,2,0,0,-1.0,0,0
eclipse.pde.ui-20100428-1600,a.b.c,test7,0,0,0,0,5,0,0,0,-1.0,0,0
eclipse.pde.ui-20100428-1600,a.b.c,outer,0,0,2,1,14,2,0,0,-1.0,0,0
eclipse.pde.ui-20100428-1600,a.b.c,test8,0,0,2,1,19,2,0,0,-1.0,0,0
eclipse.pde.ui-20100428-1600,a.b.c,inner,0,0,2,1,14,2,0,0,-1.0,0,0
eclipse.pde.ui-20100428-1600,a.b.c,test9,0,0,4,2,33,4,0,0,-1.0,0,0
eclipse.pde.ui-20100428-1600,a.b.c,inner,0,0,4,2,28,4,0,0,-1.0,0,0
eclipse.pde.ui-20100428-1600,a.b.c,inner2,0,0,2,1,14,2,0,0,-1.0,0,0
eclipse.pde.ui-20100428-1600,a.b.c,outer,0,0,2,1,14,2,0,0,-1.0,0,0
eclipse.pde.ui-20100428-1600,a.b.c,test1,0,0,2,2,15,2,0,0,-1.0,0,0
eclipse.pde.ui-20100428-1600,a.b.c,test2,0,0,0,0,5,0,0,0,-1.0,0,0
eclipse.pde.ui-20100428-1600,a.b.c,outer,0,0,2,2,12,2,0,0,-1.0,0,0
eclipse.pde.ui-20100428-1600,a.b.c,test3,0,0,0,0,5,0,0,0,-1.0,0,0
eclipse.pde.ui-20100428-1600,a.b.c,inner,0,0,2,2,12,2,0,0,-1.0,0,0
eclipse.pde.ui-20100428-1600,a.b.c,test4,0,0,4,4,29,4,0,0,-1.0,0,0
eclipse.pde.ui-20100428-1600,a.b.c,inner,0,0,4,4,24,4,0,0,-1.0,0,0
eclipse.pde.ui-20100428-1600,a.b.c,inner2,0,0,2,2,12,2,0,0,-1.0,0,0
eclipse.pde.ui-20100428-1600,a.b.c,outer,0,0,2,2,12,2,0,0,-1.0,0,0
eclipse.pde.ui-20100428-1600,a.b.c,InvalidTagScanClass1,0,0,0,0,7,0,0,0,-1.0,0,0
eclipse.pde.ui-20100428-1600,a.b.c,InvalidTagScanClass2,0,0,0,0,8,0,0,0,-1.0,0,0
eclipse.pde.ui-20100428-1600,a.b.c,InvalidTagScanClass3,0,0,0,0,8,0,0,0,-1.0,0,0
eclipse.pde.ui-20100428-1600,a.b.c,InvalidTagScanField1,1,1,0,0,9,0,0,0,-1.0,0,0
eclipse.pde.ui-20100428-1600,a.b.c,InvalidTagScanField2,1,1,0,0,10,0,0,0,-1.0,0,0
eclipse.pde.ui-20100428-1600,a.b.c,InvalidTagScanField3,1,1,0,0,10,0,0,0,-1.0,0,0
eclipse.pde.ui-20100428-1600,a.b.c,InvalidTagScanInterface,0,0,0,0,7,0,0,0,-1.0,0,0
eclipse.pde.ui-20100428-1600,a.b.c,InvalidTagScanMethod1,0,0,1,1,9,1,0,0,-1.0,0,0
eclipse.pde.ui-20100428-1600,a.b.c,InvalidTagScanMethod2,0,0,1,1,10,1,0,0,-1.0,0,0
eclipse.pde.ui-20100428-1600,a.b.c,InvalidTagScanMethod3,0,0,1,1,10,1,0,0,-1.0,0,0
eclipse.pde.ui-20100428-1600,a.b.c,TestClass1,0,0,1,1,8,1,0,0,-1.0,0,0
eclipse.pde.ui-20100428-1600,a.b.c,TestClass2,0,0,2,2,17,2,0,0,-1.0,0,0
eclipse.pde.ui-20100428-1600,a.b.c,InnerTestClass2,0,0,1,1,9,1,0,0,-1.0,0,0
eclipse.pde.ui-20100428-1600,a.b.c,TestClass3,0,0,2,2,18,2,0,0,-1.0,0,0
eclipse.pde.ui-20100428-1600,a.b.c,InnerTestClass3,0,0,1,1,11,1,0,0,-1.0,0,0
eclipse.pde.ui-20100428-1600,a.b.c,TestClass4,0,0,0,0,22,0,0,0,-1.0,0,0
eclipse.pde.ui-20100428-1600,a.b.c,InnerTestClass4,0,0,0,0,17,0,0,0,-1.0,0,0
eclipse.pde.ui-20100428-1600,a.b.c,Inner2TestClass4,0,0,0,0,12,0,0,0,-1.0,0,0
eclipse.pde.ui-20100428-1600,a.b.c,Inner3TestClass4,0,0,0,0,7,0,0,0,-1.0,0,0
eclipse.pde.ui-20100428-1600,a.b.c,TestClass5,0,0,0,0,5,0,0,0,-1.0,0,0
eclipse.pde.ui-20100428-1600,a.b.c,TestClass5a,0,0,0,0,6,0,0,0,-1.0,0,0
eclipse.pde.ui-20100428-1600,a.b.c,TestClass5b,0,0,0,0,6,0,0,0,-1.0,0,0
eclipse.pde.ui-20100428-1600,a.b.c,TestClass6,0,0,0,0,22,0,0,0,-1.0,0,0
eclipse.pde.ui-20100428-1600,a.b.c,InnerTestClass6a,0,0,0,0,6,0,0,0,-1.0,0,0
eclipse.pde.ui-20100428-1600,a.b.c,InnerTestClass6b,0,0,0,0,6,0,0,0,-1.0,0,0
eclipse.pde.ui-20100428-1600,a.b.c,InnerTestClass6c,0,0,0,0,5,0,0,0,-1.0,0,0
eclipse.pde.ui-20100428-1600,a.b.c,TestClass7,0,0,0,0,16,0,0,0,-1.0,0,0
eclipse.pde.ui-20100428-1600,a.b.c,InnerTestClass7,0,0,0,0,11,0,0,0,-1.0,0,0
eclipse.pde.ui-20100428-1600,a.b.c,Inner2TestClass7,0,0,0,0,6,0,0,0,-1.0,0,0
eclipse.pde.ui-20100428-1600,a.b.c,TestClass7a,0,0,0,0,11,0,0,0,-1.0,0,0
eclipse.pde.ui-20100428-1600,a.b.c,InnerTestClass7a,0,0,0,0,6,0,0,0,-1.0,0,0
eclipse.pde.ui-20100428-1600,a.b.c,TestClass7b,0,0,0,0,12,0,0,0,-1.0,0,0
eclipse.pde.ui-20100428-1600,a.b.c,InnerTestClass7b,0,0,0,0,6,0,0,0,-1.0,0,0
eclipse.pde.ui-20100428-1600,a.b.c,TestField1,1,0,0,0,9,0,0,0,-1.0,0,0
eclipse.pde.ui-20100428-1600,a.b.c,TestField2,2,0,0,0,15,0,0,0,-1.0,0,0
eclipse.pde.ui-20100428-1600,a.b.c,Inner,2,0,0,0,10,0,0,0,-1.0,0,0
eclipse.pde.ui-20100428-1600,a.b.c,TestField3,2,0,0,0,15,0,0,0,-1.0,0,0
eclipse.pde.ui-20100428-1600,a.b.c,Inner,2,0,0,0,10,0,0,0,-1.0,0,0
eclipse.pde.ui-20100428-1600,a.b.c,TestField4,4,0,0,0,29,0,0,0,-1.0,0,0
eclipse.pde.ui-20100428-1600,a.b.c,Inner1,3,0,0,0,18,0,0,0,-1.0,0,0
eclipse.pde.ui-20100428-1600,a.b.c,Inner3,2,0,0,0,12,0,0,0,-1.0,0,0
eclipse.pde.ui-20100428-1600,a.b.c,Inner,1,0,0,0,6,0,0,0,-1.0,0,0
eclipse.pde.ui-20100428-1600,a.b.c,Inner2,1,0,0,0,6,0,0,0,-1.0,0,0
eclipse.pde.ui-20100428-1600,a.b.c,TestField5,0,0,0,0,6,0,0,0,-1.0,0,0
eclipse.pde.ui-20100428-1600,a.b.c,TestField5Outer,1,0,0,0,6,0,0,0,-1.0,0,0
eclipse.pde.ui-20100428-1600,a.b.c,TestField6,2,1,1,1,15,1,0,0,0.0,0,0
eclipse.pde.ui-20100428-1600,a.b.c,TestField7,0,0,0,0,7,0,0,0,-1.0,0,0
eclipse.pde.ui-20100428-1600,a.b.c,TestField8,0,0,0,0,7,0,0,0,-1.0,0,0
eclipse.pde.ui-20100428-1600,a.b.c,TestField9,2,0,1,1,14,1,0,0,0.0,0,0
eclipse.pde.ui-20100428-1600,a.b.c,TestInterface1,0,0,0,0,6,0,0,0,-1.0,0,0
eclipse.pde.ui-20100428-1600,a.b.c,TestInterface2,0,0,0,0,5,0,0,0,-1.0,0,0
eclipse.pde.ui-20100428-1600,a.b.c,TestInterface2a,0,0,0,0,6,0,0,0,-1.0,0,0
eclipse.pde.ui-20100428-1600,a.b.c,TestInterface2b,0,0,0,0,5,0,0,0,-1.0,0,0
eclipse.pde.ui-20100428-1600,a.b.c,TestInterface3,0,0,0,0,11,0,0,0,-1.0,0,0
eclipse.pde.ui-20100428-1600,a.b.c,Inner1,0,0,0,0,6,0,0,0,-1.0,0,0
eclipse.pde.ui-20100428-1600,a.b.c,TestInterface4,0,0,0,0,16,0,0,0,-1.0,0,0
eclipse.pde.ui-20100428-1600,a.b.c,Inner1,0,0,0,0,6,0,0,0,-1.0,0,0
eclipse.pde.ui-20100428-1600,a.b.c,Inner2,0,0,0,0,5,0,0,0,-1.0,0,0
eclipse.pde.ui-20100428-1600,a.b.c,TestMethod1,0,0,3,2,20,3,0,0,-1.0,0,0
eclipse.pde.ui-20100428-1600,a.b.c,TestMethod10,0,0,4,3,35,4,0,0,-1.0,0,0
eclipse.pde.ui-20100428-1600,a.b.c,TestMethod11,0,0,2,1,20,2,0,0,-1.0,0,0
eclipse.pde.ui-20100428-1600,a.b.c,TestMethod12,0,0,2,1,20,2,0,0,-1.0,0,0
eclipse.pde.ui-20100428-1600,a.b.c,TestMethod13,0,0,2,1,25,2,0,0,-1.0,0,0
eclipse.pde.ui-20100428-1600,a.b.c,TestMethod14,0,0,2,1,27,2,0,0,-1.0,0,0
eclipse.pde.ui-20100428-1600,a.b.c,TestMethod15,0,0,2,1,27,2,0,0,-1.0,0,0
eclipse.pde.ui-20100428-1600,a.b.c,TestMethod16,0,0,2,1,27,2,0,0,-1.0,0,0
eclipse.pde.ui-20100428-1600,a.b.c,TestMethod17,0,0,2,1,27,2,0,0,-1.0,0,0
eclipse.pde.ui-20100428-1600,a.b.c,TestMethod18,0,0,1,1,9,1,0,0,-1.0,0,0
eclipse.pde.ui-20100428-1600,a.b.c,TestMethod18Outer,0,0,1,0,8,1,0,0,-1.0,0,0
eclipse.pde.ui-20100428-1600,a.b.c,TestMethod19,0,0,1,1,9,1,0,0,-1.0,0,0
eclipse.pde.ui-20100428-1600,a.b.c,TestMethod19Outer,0,0,1,0,8,1,0,0,-1.0,0,0
eclipse.pde.ui-20100428-1600,a.b.c,TestMethod2,0,0,2,1,17,2,0,0,-1.0,0,0
eclipse.pde.ui-20100428-1600,a.b.c,Inner,0,0,2,1,12,2,0,0,-1.0,0,0
eclipse.pde.ui-20100428-1600,a.b.c,TestMethod20,0,0,1,1,7,1,0,0,-1.0,0,0
eclipse.pde.ui-20100428-1600,a.b.c,TestMethod20Outer,0,0,1,1,7,1,0,0,-1.0,0,0
eclipse.pde.ui-20100428-1600,a.b.c,TestMethod3,0,0,3,2,22,3,0,0,-1.0,0,0
eclipse.pde.ui-20100428-1600,a.b.c,Inner,0,0,3,2,17,3,0,0,-1.0,0,0
eclipse.pde.ui-20100428-1600,a.b.c,TestMethod4,0,0,10,6,63,10,0,0,-1.0,0,0
eclipse.pde.ui-20100428-1600,a.b.c,Inner1,0,0,6,4,34,6,0,0,-1.0,0,0
eclipse.pde.ui-20100428-1600,a.b.c,Inner3,0,0,3,2,17,3,0,0,-1.0,0,0
eclipse.pde.ui-20100428-1600,a.b.c,Inner2,0,0,4,2,24,4,0,0,-1.0,0,0
eclipse.pde.ui-20100428-1600,a.b.c,Inner4,0,0,2,1,12,2,0,0,-1.0,0,0
eclipse.pde.ui-20100428-1600,a.b.c,TestMethod5,0,0,0,0,5,0,0,0,-1.0,0,0
eclipse.pde.ui-20100428-1600,a.b.c,TestMethod5Outer,0,0,3,2,17,3,0,0,-1.0,0,0
eclipse.pde.ui-20100428-1600,a.b.c,TestMethod6,2,1,1,1,15,1,0,0,0.0,0,0
eclipse.pde.ui-20100428-1600,a.b.c,TestMethod7,0,0,1,1,12,1,0,0,-1.0,0,0
eclipse.pde.ui-20100428-1600,a.b.c,TestMethod8,0,0,1,1,12,1,0,0,-1.0,0,0
eclipse.pde.ui-20100428-1600,a.b.c,TestMethod9,0,0,2,1,22,2,0,0,-1.0,0,0
eclipse.pde.ui-20100428-1600,d.e.f,ClassD,0,0,1,1,7,1,0,0,-1.0,17,1
eclipse.pde.ui-20100428-1600,d.e.f,ClassE,0,0,1,1,7,1,0,0,-1.0,18,1
eclipse.pde.ui-20100428-1600,d.e.f,ClassD,0,0,1,1,7,1,0,0,-1.0,0,1
eclipse.pde.ui-20100428-1600,d.e.f,ClassE,0,0,1,1,7,1,0,0,-1.0,0,1
eclipse.pde.ui-20100428-1600,d.e.f,ClassD,0,0,0,0,5,0,0,0,-1.0,0,0
eclipse.pde.ui-20100428-1600,d.e.f,ClassE,0,0,0,0,5,0,0,0,-1.0,0,0
eclipse.pde.ui-20100428-1600,d.e.f,ClassD,0,0,1,1,7,1,0,0,-1.0,0,0
eclipse.pde.ui-20100428-1600,d.e.f,ClassE,0,0,1,1,7,1,0,0,-1.0,0,0
eclipse.pde.ui-20100428-1600,d.e.f,ClassD,0,0,1,1,7,1,0,0,-1.0,0,1
eclipse.pde.ui-20100428-1600,d.e.f,ClassE,0,0,1,1,7,1,0,0,-1.0,0,1
eclipse.pde.ui-20100428-1600,d.e.f,ClassD,0,0,1,1,7,1,0,0,-1.0,0,1
eclipse.pde.ui-20100428-1600,d.e.f,ClassE,0,0,1,1,7,1,0,0,-1.0,0,1
eclipse.pde.ui-20100428-1600,d.e.f,ClassD,0,0,1,1,7,1,0,0,-1.0,0,1
eclipse.pde.ui-20100428-1600,d.e.f,ClassE,0,0,1,1,7,1,0,0,-1.0,0,1
eclipse.pde.ui-20100428-1600,d.e.f,ClassD,0,0,1,1,7,1,0,0,-1.0,0,1
eclipse.pde.ui-20100428-1600,d.e.f,ClassE,0,0,1,1,7,1,0,0,-1.0,0,1
eclipse.pde.ui-20100428-1600,d.e.f,ClassD,0,0,1,1,7,1,0,0,-1.0,0,1
eclipse.pde.ui-20100428-1600,d.e.f,ClassE,0,0,1,1,7,1,0,0,-1.0,0,1
eclipse.pde.ui-20100428-1600,d.e.f,ClassD,0,0,1,1,7,1,0,0,-1.0,0,1
eclipse.pde.ui-20100428-1600,d.e.f,ClassE,0,0,1,1,7,1,0,0,-1.0,0,1
eclipse.pde.ui-20100428-1600,d.e.f,ClassD,0,0,1,1,7,1,0,0,-1.0,0,1
eclipse.pde.ui-20100428-1600,d.e.f,ClassE,0,0,1,1,7,1,0,0,-1.0,0,1
eclipse.pde.ui-20100428-1600,d.e.f,ClassD,0,0,1,1,7,1,0,0,-1.0,0,1
eclipse.pde.ui-20100428-1600,d.e.f,ClassE,0,0,1,1,7,1,0,0,-1.0,0,1
eclipse.pde.ui-20100428-1600,d.e.f,ClassD,0,0,1,1,7,1,0,0,-1.0,0,1
eclipse.pde.ui-20100428-1600,d.e.f,ClassE,0,0,1,1,7,1,0,0,-1.0,0,1
eclipse.pde.ui-20100428-1600,d.e.f,ClassD,0,0,1,1,7,1,0,0,-1.0,0,1
eclipse.pde.ui-20100428-1600,d.e.f,ClassE,0,0,1,1,7,1,0,0,-1.0,0,1
eclipse.pde.ui-20100428-1600,d.e.f,ClassD,0,0,1,1,7,1,0,0,-1.0,0,1
eclipse.pde.ui-20100428-1600,d.e.f,ClassE,0,0,1,1,7,1,0,0,-1.0,0,1
eclipse.pde.ui-20100428-1600,d.e.f,ClassD,0,0,1,1,7,1,0,0,-1.0,0,1
eclipse.pde.ui-20100428-1600,d.e.f,ClassE,0,0,1,1,7,1,0,0,-1.0,0,1
eclipse.pde.ui-20100428-1600,d.e.f,ClassD,0,0,1,1,7,1,0,0,-1.0,0,1
eclipse.pde.ui-20100428-1600,d.e.f,ClassE,0,0,1,1,7,1,0,0,-1.0,0,1
eclipse.pde.ui-20100428-1600,d.e.f,ClassD,0,0,1,1,7,1,0,0,-1.0,0,1
eclipse.pde.ui-20100428-1600,d.e.f,ClassE,0,0,1,1,7,1,0,0,-1.0,0,1
eclipse.pde.ui-20100428-1600,d.e.f,ClassD,0,0,1,1,7,1,0,0,-1.0,0,0
eclipse.pde.ui-20100428-1600,d.e.f,ClassE,0,0,1,1,7,1,0,0,-1.0,0,1
eclipse.pde.ui-20100428-1600,d.e.f,ClassD,0,0,1,1,7,1,0,0,-1.0,0,1
eclipse.pde.ui-20100428-1600,d.e.f,ClassE,0,0,1,1,7,1,0,0,-1.0,0,1
eclipse.pde.ui-20100428-1600,a.b.c.core,ClassD,0,0,1,1,8,1,0,0,-1.0,0,0
eclipse.pde.ui-20100428-1600,a.b.c.core,ClassD,0,0,1,1,8,1,0,0,-1.0,0,0
eclipse.pde.ui-20100428-1600,a.b.c.core,ClassE,0,0,1,1,8,1,0,0,-1.0,0,0
eclipse.pde.ui-20100428-1600,org.eclipse.core.resources,IResource,22,22,66,65,743,66,0,0,-1.0,120,0
eclipse.pde.ui-20100428-1600,org.eclipse.core.resources,IResource,22,22,66,65,742,66,0,0,-1.0,0,0
eclipse.pde.ui-20100428-1600,org.eclipse.core.resources,ResourcesPlugin,28,25,7,6,227,12,0,0,0.0,77,1
eclipse.pde.ui-20100428-1600,org.eclipse.core.resources,ResourcesPlugin,28,25,7,6,226,12,0,0,0.5714285714285714,0,1
eclipse.pde.ui-20100428-1600,org.eclipse.core.runtime.jobs,Job,10,10,36,34,346,36,0,0,1.0,37,0
eclipse.pde.ui-20100428-1600,org.eclipse.core.runtime.jobs,Job,10,10,35,33,340,35,0,0,1.0,0,0
eclipse.pde.ui-20100428-1600,org.eclipse.core.internal.jobs,InternalJob,25,0,54,2,341,78,0,0,0.2777777777777778,2,1
eclipse.pde.ui-20100428-1600,org.eclipse.core.internal.jobs,InternalJob,25,0,54,2,340,78,0,0,0.3333333333333333,0,1
eclipse.pde.ui-20100428-1600,org.eclipse.core.internal.resources,File,0,0,28,23,339,56,0,1,-1.0,0,0
eclipse.pde.ui-20100428-1600,org.eclipse.core.internal.resources,File,0,0,28,23,338,56,0,1,-1.0,0,0
eclipse.pde.ui-20100428-1600,org.eclipse.core.internal.resources,Resource,2,0,118,100,1210,270,2,0,0.11016949152542373,2,1
eclipse.pde.ui-20100428-1600,org.eclipse.core.internal.resources,Resource,2,0,117,99,1207,269,0,0,0.6410256410256411,0,1
eclipse.pde.ui-20100428-1600,org.eclipse.debug.core,Launch,7,0,38,31,448,95,0,0,0.15789473684210525,0,1
eclipse.pde.ui-20100428-1600,org.eclipse.debug.core,Clazz,0,0,0,0,2,0,0,0,-1.0,0,0
eclipse.pde.ui-20100428-1600,org.eclipse.debug.core,Launch,7,0,38,30,449,97,0,0,0.7631578947368421,0,1
eclipse.pde.ui-20100428-1600,org.eclipse.debug.core,DebugException,7,6,0,0,37,0,0,0,-1.0,8,0
eclipse.pde.ui-20100428-1600,org.eclipse.debug.core,DebugException,7,6,1,1,45,1,0,0,0.0,0,0
eclipse.pde.ui-20100428-1600,org.eclipse.debug.core.model,IDebugElement,0,0,2,2,15,2,2,0,-1.0,0,0
eclipse.pde.ui-20100428-1600,org.eclipse.debug.core.model,IDebugElement,0,0,3,3,20,3,0,0,-1.0,0,0
eclipse.pde.ui-20100428-1600,org.eclipse.debug.core.model,DebugElement,1,0,12,10,102,19,0,1,0.3333333333333333,0,1
eclipse.pde.ui-20100428-1600,org.eclipse.debug.core.model,Clazz,0,0,0,0,2,0,0,0,-1.0,0,0
eclipse.pde.ui-20100428-1600,org.eclipse.debug.core.model,DebugElement,1,0,12,10,99,19,0,1,0.9166666666666666,0,1
eclipse.pde.ui-20100428-1600,org.eclipse.debug.core.model,Breakpoint,1,0,27,17,256,36,0,0,0.14814814814814814,0,3
eclipse.pde.ui-20100428-1600,org.eclipse.debug.core.model,Breakpoint,1,0,26,16,249,35,0,0,0.9615384615384616,0,3
eclipse.pde.ui-20100428-1600,org.eclipse.debug.core.model,RuntimeProcess,16,0,23,13,355,48,0,0,0.0,4,2
eclipse.pde.ui-20100428-1600,org.eclipse.debug.core.model,ProcessMonitorThread,5,0,3,2,72,6,0,0,0.0,0,1
eclipse.pde.ui-20100428-1600,org.eclipse.debug.core.model,RuntimeProcess,16,0,23,13,352,48,0,0,0.43478260869565216,0,2
eclipse.pde.ui-20100428-1600,org.eclipse.debug.core.model,ProcessMonitorThread,5,0,3,2,72,6,0,0,0.0,0,1
eclipse.pde.ui-20100428-1600,(default package),test2,0,0,0,0,6,0,0,0,-1.0,0,0
eclipse.pde.ui-20100428-1600,(default package),test4,0,0,0,0,6,0,0,0,-1.0,0,0
eclipse.pde.ui-20100428-1600,(default package),test6,0,0,0,0,6,0,0,0,-1.0,0,0
eclipse.pde.ui-20100428-1600,(default package),test10,3,1,0,0,17,0,0,0,-1.0,0,0
eclipse.pde.ui-20100428-1600,(default package),test12,3,1,0,0,17,0,0,0,-1.0,0,0
eclipse.pde.ui-20100428-1600,(default package),test2,3,1,0,0,17,0,0,0,-1.0,0,0
eclipse.pde.ui-20100428-1600,(default package),test4,3,1,0,0,17,0,0,0,-1.0,0,0
eclipse.pde.ui-20100428-1600,(default package),test6,3,1,0,0,17,0,0,0,-1.0,0,0
eclipse.pde.ui-20100428-1600,(default package),test8,3,1,0,0,17,0,0,0,-1.0,0,0
eclipse.pde.ui-20100428-1600,(default package),test10,1,1,0,0,9,0,0,0,-1.0,0,0
eclipse.pde.ui-20100428-1600,(default package),test12,1,1,0,0,9,0,0,0,-1.0,0,0
eclipse.pde.ui-20100428-1600,(default package),test2,1,1,0,0,9,0,0,0,-1.0,0,0
eclipse.pde.ui-20100428-1600,(default package),test4,1,1,0,0,9,0,0,0,-1.0,0,0
eclipse.pde.ui-20100428-1600,(default package),test6,1,1,0,0,9,0,0,0,-1.0,0,0
eclipse.pde.ui-20100428-1600,(default package),test8,1,1,0,0,9,0,0,0,-1.0,0,0
eclipse.pde.ui-20100428-1600,(default package),test8,2,1,0,0,13,0,0,0,-1.0,0,0
eclipse.pde.ui-20100428-1600,(default package),test2,0,0,0,0,6,0,0,0,-1.0,0,0
eclipse.pde.ui-20100428-1600,(default package),test4,0,0,0,0,6,0,0,0,-1.0,0,0
eclipse.pde.ui-20100428-1600,(default package),test6,0,0,0,0,6,0,0,0,-1.0,0,0
eclipse.pde.ui-20100428-1600,(default package),test12,0,0,1,0,12,1,0,0,-1.0,0,0
eclipse.pde.ui-20100428-1600,(default package),test16,0,0,2,0,17,2,0,0,-1.0,0,0
eclipse.pde.ui-20100428-1600,(default package),test18,0,0,2,1,17,2,0,0,-1.0,0,0
eclipse.pde.ui-20100428-1600,(default package),test2,0,0,4,2,31,4,0,0,-1.0,0,0
eclipse.pde.ui-20100428-1600,(default package),test20,0,0,2,1,17,2,0,0,-1.0,0,0
eclipse.pde.ui-20100428-1600,(default package),test22,0,0,2,1,17,2,0,0,-1.0,0,0
eclipse.pde.ui-20100428-1600,(default package),test24,0,0,2,1,17,2,0,0,-1.0,0,0
eclipse.pde.ui-20100428-1600,(default package),test4,0,0,4,2,31,4,0,0,-1.0,0,0
eclipse.pde.ui-20100428-1600,(default package),test6,0,0,4,2,31,4,0,0,-1.0,0,0
eclipse.pde.ui-20100428-1600,(default package),test2,0,0,2,2,15,2,0,0,-1.0,0,0
eclipse.pde.ui-20100428-1600,(default package),test4,0,0,2,2,15,2,0,0,-1.0,0,0
eclipse.pde.ui-20100428-1600,(default package),test6,0,0,2,2,15,2,0,0,-1.0,0,0
eclipse.pde.ui-20100428-1600,(default package),test8,0,0,2,2,15,2,0,0,-1.0,0,0
eclipse.pde.ui-20100428-1600,(default package),test5,0,0,2,2,15,2,0,0,-1.0,0,0
eclipse.pde.ui-20100428-1600,(default package),nobytecodes,0,0,1,1,9,1,0,0,-1.0,0,0
eclipse.pde.ui-20100428-1600,(default package),X,1,0,0,0,6,0,0,0,-1.0,0,0
eclipse.pde.ui-20100428-1600,(default package),X,1,0,0,0,6,0,0,0,-1.0,0,0
eclipse.pde.ui-20100428-1600,(default package),X,1,0,0,0,6,0,0,0,-1.0,0,0
eclipse.pde.ui-20100428-1600,(default package),X,1,0,0,0,6,0,0,0,-1.0,0,0
eclipse.pde.ui-20100428-1600,(default package),X,1,0,0,0,6,0,0,0,-1.0,0,0
eclipse.pde.ui-20100428-1600,(default package),X,1,0,0,0,6,0,0,0,-1.0,0,0
eclipse.pde.ui-20100428-1600,(default package),X,1,0,0,0,6,0,0,0,-1.0,0,0
eclipse.pde.ui-20100428-1600,(default package),X,1,0,0,0,6,0,0,0,-1.0,0,0
eclipse.pde.ui-20100428-1600,(default package),X,1,0,0,0,6,0,0,0,-1.0,0,0
eclipse.pde.ui-20100428-1600,(default package),X,1,0,0,0,6,0,0,0,-1.0,0,0
eclipse.pde.ui-20100428-1600,(default package),X,1,0,0,0,6,0,0,0,-1.0,0,0
eclipse.pde.ui-20100428-1600,(default package),X,1,0,0,0,6,0,0,0,-1.0,0,0
eclipse.pde.ui-20100428-1600,(default package),X,1,0,0,0,6,0,0,0,-1.0,0,0
eclipse.pde.ui-20100428-1600,(default package),X,1,0,0,0,6,0,0,0,-1.0,0,0
eclipse.pde.ui-20100428-1600,(default package),X,1,0,0,0,6,0,0,0,-1.0,0,0
eclipse.pde.ui-20100428-1600,(default package),X,1,0,0,0,6,0,0,0,-1.0,0,0
eclipse.pde.ui-20100428-1600,(default package),X,1,0,0,0,6,0,0,0,-1.0,0,0
eclipse.pde.ui-20100428-1600,(default package),X,1,0,0,0,6,0,0,0,-1.0,0,0
eclipse.pde.ui-20100428-1600,(default package),X,0,0,0,0,5,0,0,0,-1.0,0,0
eclipse.pde.ui-20100428-1600,(default package),X,0,0,1,1,7,1,0,0,-1.0,0,0
eclipse.pde.ui-20100428-1600,(default package),X,2,2,2,2,12,2,0,0,1.0,0,0
eclipse.pde.ui-20100428-1600,(default package),X,2,2,2,2,12,2,0,0,1.0,0,0
eclipse.pde.ui-20100428-1600,(default package),X,0,0,0,0,5,0,0,0,-1.0,0,0
eclipse.pde.ui-20100428-1600,(default package),X,1,0,0,0,6,0,0,0,-1.0,0,0
eclipse.pde.ui-20100428-1600,(default package),X,0,0,0,0,5,0,0,0,-1.0,0,0
eclipse.pde.ui-20100428-1600,(default package),X,0,0,0,0,5,0,0,0,-1.0,0,0
eclipse.pde.ui-20100428-1600,(default package),X,0,0,0,0,5,0,0,0,-1.0,0,0
eclipse.pde.ui-20100428-1600,(default package),X,0,0,0,0,5,0,0,0,-1.0,0,0
eclipse.pde.ui-20100428-1600,(default package),X,0,0,0,0,5,0,0,0,-1.0,0,0
eclipse.pde.ui-20100428-1600,(default package),X,0,0,0,0,5,0,0,0,-1.0,0,0
eclipse.pde.ui-20100428-1600,(default package),X,0,0,3,0,11,3,0,0,-1.0,0,0
eclipse.pde.ui-20100428-1600,(default package),X,0,0,4,0,13,4,0,0,-1.0,0,0
eclipse.pde.ui-20100428-1600,(default package),X,0,0,3,0,11,3,0,0,-1.0,0,0
eclipse.pde.ui-20100428-1600,(default package),X,0,0,4,0,13,4,0,0,-1.0,0,0
eclipse.pde.ui-20100428-1600,(default package),X,0,0,1,0,7,1,0,0,-1.0,0,0
eclipse.pde.ui-20100428-1600,(default package),X,0,0,2,0,9,2,0,0,-1.0,0,0
eclipse.pde.ui-20100428-1600,(default package),X,0,0,1,0,7,1,0,0,-1.0,0,0
eclipse.pde.ui-20100428-1600,(default package),X,0,0,2,0,9,2,0,0,-1.0,0,0
eclipse.pde.ui-20100428-1600,(default package),X,0,0,0,0,5,0,0,0,-1.0,0,0
eclipse.pde.ui-20100428-1600,(default package),X,1,0,0,0,6,0,0,0,-1.0,0,0
eclipse.pde.ui-20100428-1600,(default package),X,0,0,0,0,5,0,0,0,-1.0,0,0
eclipse.pde.ui-20100428-1600,(default package),X,1,1,0,0,6,0,0,0,-1.0,0,0
eclipse.pde.ui-20100428-1600,(default package),X,0,0,3,0,11,3,0,0,-1.0,0,0
eclipse.pde.ui-20100428-1600,(default package),X,0,0,4,1,13,4,0,0,-1.0,0,0
eclipse.pde.ui-20100428-1600,(default package),X,0,0,1,0,7,1,0,0,-1.0,0,0
eclipse.pde.ui-20100428-1600,(default package),X,0,0,2,1,9,2,0,0,-1.0,0,0
eclipse.pde.ui-20100428-1600,(default package),X,0,0,1,1,7,1,0,0,-1.0,0,0
eclipse.pde.ui-20100428-1600,(default package),X,0,0,2,2,9,2,0,0,-1.0,0,0
eclipse.pde.ui-20100428-1600,(default package),X,0,0,1,1,7,1,0,0,-1.0,0,0
eclipse.pde.ui-20100428-1600,(default package),X,0,0,2,2,9,2,0,0,-1.0,0,0
eclipse.pde.ui-20100428-1600,(default package),B,0,0,0,0,5,0,0,0,-1.0,0,0
eclipse.pde.ui-20100428-1600,(default package),I,0,0,0,0,5,0,0,0,-1.0,0,0
eclipse.pde.ui-20100428-1600,(default package),X,0,0,0,0,5,0,0,0,-1.0,0,0
eclipse.pde.ui-20100428-1600,(default package),I,0,0,0,0,5,0,0,0,-1.0,0,0
eclipse.pde.ui-20100428-1600,(default package),X,0,0,0,0,5,0,0,0,-1.0,0,0
eclipse.pde.ui-20100428-1600,(default package),X,0,0,1,1,7,1,0,0,-1.0,0,0
eclipse.pde.ui-20100428-1600,(default package),X,0,0,0,0,5,0,0,0,-1.0,0,0
eclipse.pde.ui-20100428-1600,(default package),X,0,0,0,0,2,0,0,0,-1.0,0,0
eclipse.pde.ui-20100428-1600,(default package),X,0,0,0,0,5,0,0,0,-1.0,0,0
eclipse.pde.ui-20100428-1600,(default package),X,0,0,0,0,5,0,0,0,-1.0,0,0
eclipse.pde.ui-20100428-1600,(default package),X,0,0,0,0,2,0,0,0,-1.0,0,0
eclipse.pde.ui-20100428-1600,(default package),X,0,0,0,0,7,0,0,0,-1.0,0,0
eclipse.pde.ui-20100428-1600,(default package),A,0,0,0,0,2,0,0,0,-1.0,0,0
eclipse.pde.ui-20100428-1600,(default package),X,0,0,1,1,9,1,0,0,-1.0,0,0
eclipse.pde.ui-20100428-1600,(default package),A,0,0,1,1,4,1,0,0,-1.0,0,0
eclipse.pde.ui-20100428-1600,(default package),X,1,0,0,0,6,0,0,0,-1.0,0,0
eclipse.pde.ui-20100428-1600,(default package),X,0,0,0,0,5,0,0,0,-1.0,0,0
eclipse.pde.ui-20100428-1600,(default package),X,0,0,0,0,5,0,0,0,-1.0,0,0
eclipse.pde.ui-20100428-1600,(default package),X,0,0,0,0,5,0,0,0,-1.0,0,0
eclipse.pde.ui-20100428-1600,(default package),X,0,0,0,0,5,0,0,0,-1.0,0,0
eclipse.pde.ui-20100428-1600,(default package),Y,0,0,0,0,5,0,0,0,-1.0,4,0
eclipse.pde.ui-20100428-1600,(default package),Z,0,0,0,0,5,0,0,0,-1.0,0,0
eclipse.pde.ui-20100428-1600,(default package),X,0,0,2,2,11,2,0,0,-1.0,0,0
eclipse.pde.ui-20100428-1600,(default package),Y,0,0,0,0,5,0,0,0,-1.0,0,0
eclipse.pde.ui-20100428-1600,(default package),Z,0,0,0,0,5,0,0,0,-1.0,0,0
eclipse.pde.ui-20100428-1600,(default package),I,0,0,0,0,5,0,0,0,-1.0,0,0
eclipse.pde.ui-20100428-1600,(default package),MyY,0,0,0,0,5,0,0,0,-1.0,0,0
eclipse.pde.ui-20100428-1600,(default package),X,0,0,0,0,5,0,0,0,-1.0,0,0
eclipse.pde.ui-20100428-1600,(default package),Y,0,0,0,0,5,0,0,0,-1.0,0,0
eclipse.pde.ui-20100428-1600,(default package),I,0,0,0,0,5,0,0,0,-1.0,0,0
eclipse.pde.ui-20100428-1600,(default package),MyY,0,0,0,0,5,0,0,0,-1.0,0,0
eclipse.pde.ui-20100428-1600,(default package),X,0,0,0,0,5,0,0,0,-1.0,0,0
eclipse.pde.ui-20100428-1600,(default package),Y,0,0,0,0,5,0,0,0,-1.0,0,0
eclipse.pde.ui-20100428-1600,(default package),X,0,0,1,1,9,1,0,0,-1.0,0,0
eclipse.pde.ui-20100428-1600,(default package),Y,0,0,1,1,4,1,0,0,-1.0,0,0
eclipse.pde.ui-20100428-1600,(default package),X,0,0,1,1,9,1,0,0,-1.0,0,0
eclipse.pde.ui-20100428-1600,(default package),Y,0,0,1,1,4,1,0,0,-1.0,0,0
eclipse.pde.ui-20100428-1600,(default package),X,0,0,0,0,5,0,0,0,-1.0,0,0
eclipse.pde.ui-20100428-1600,(default package),X,1,0,0,0,6,0,0,0,-1.0,0,0
eclipse.pde.ui-20100428-1600,(default package),X,0,0,0,0,2,0,0,0,-1.0,0,0
eclipse.pde.ui-20100428-1600,(default package),X,0,0,0,0,2,0,0,0,-1.0,0,0
eclipse.pde.ui-20100428-1600,(default package),X,0,0,0,0,2,0,0,0,-1.0,0,0
eclipse.pde.ui-20100428-1600,(default package),X,0,0,0,0,2,0,0,0,-1.0,0,0
eclipse.pde.ui-20100428-1600,(default package),X,1,0,0,0,6,0,0,0,-1.0,0,0
eclipse.pde.ui-20100428-1600,(default package),X,0,0,0,0,5,0,0,0,-1.0,0,0
eclipse.pde.ui-20100428-1600,(default package),X,0,0,0,0,6,0,0,0,-1.0,0,0
eclipse.pde.ui-20100428-1600,(default package),X,0,0,0,0,6,0,0,0,-1.0,0,0
eclipse.pde.ui-20100428-1600,(default package),X,0,0,0,0,7,0,0,0,-1.0,0,0
eclipse.pde.ui-20100428-1600,(default package),Y,0,0,0,0,2,0,0,0,-1.0,0,0
eclipse.pde.ui-20100428-1600,(default package),X,0,0,0,0,7,0,0,0,-1.0,0,0
eclipse.pde.ui-20100428-1600,(default package),Y,0,0,0,0,2,0,0,0,-1.0,0,0
eclipse.pde.ui-20100428-1600,(default package),X,0,0,0,0,7,0,0,0,-1.0,0,0
eclipse.pde.ui-20100428-1600,(default package),Y,0,0,0,0,2,0,0,0,-1.0,0,0
eclipse.pde.ui-20100428-1600,(default package),X,0,0,0,0,7,0,0,0,-1.0,0,0
eclipse.pde.ui-20100428-1600,(default package),Y,0,0,0,0,2,0,0,0,-1.0,0,0
eclipse.pde.ui-20100428-1600,(default package),X,0,0,0,0,5,0,0,0,-1.0,0,0
eclipse.pde.ui-20100428-1600,(default package),X,1,0,0,0,6,0,0,0,-1.0,0,0
eclipse.pde.ui-20100428-1600,(default package),X,0,0,0,0,5,0,0,0,-1.0,0,0
eclipse.pde.ui-20100428-1600,(default package),X,1,0,0,0,6,0,0,0,-1.0,0,0
eclipse.pde.ui-20100428-1600,(default package),X,0,0,0,0,5,0,0,0,-1.0,0,0
eclipse.pde.ui-20100428-1600,(default package),X,0,0,1,0,7,1,0,0,-1.0,0,0
eclipse.pde.ui-20100428-1600,(default package),X,0,0,0,0,5,0,0,0,-1.0,0,0
eclipse.pde.ui-20100428-1600,(default package),X,0,0,1,0,7,1,0,0,-1.0,0,0
eclipse.pde.ui-20100428-1600,(default package),X,0,0,0,0,5,0,0,0,-1.0,0,0
eclipse.pde.ui-20100428-1600,(default package),X,0,0,1,0,7,1,0,0,-1.0,0,0
eclipse.pde.ui-20100428-1600,(default package),X,0,0,0,0,5,0,0,0,-1.0,0,0
eclipse.pde.ui-20100428-1600,(default package),X,0,0,0,0,7,0,0,0,-1.0,0,0
eclipse.pde.ui-20100428-1600,(default package),B,0,0,0,0,2,0,0,0,-1.0,0,0
eclipse.pde.ui-20100428-1600,(default package),X,0,0,0,0,5,0,0,0,-1.0,0,0
eclipse.pde.ui-20100428-1600,(default package),X,0,0,0,0,7,0,0,0,-1.0,0,0
eclipse.pde.ui-20100428-1600,(default package),B,0,0,0,0,2,0,0,0,-1.0,0,0
eclipse.pde.ui-20100428-1600,(default package),X,1,0,0,0,9,0,0,0,-1.0,0,0
eclipse.pde.ui-20100428-1600,(default package),X,1,0,0,0,6,0,0,0,-1.0,0,0
eclipse.pde.ui-20100428-1600,(default package),X,1,0,0,0,9,0,0,0,-1.0,0,0
eclipse.pde.ui-20100428-1600,(default package),X,1,0,0,0,6,0,0,0,-1.0,0,0
eclipse.pde.ui-20100428-1600,(default package),X,0,0,0,0,5,0,0,0,-1.0,0,0
eclipse.pde.ui-20100428-1600,(default package),X,0,0,0,0,2,0,0,0,-1.0,0,0
eclipse.pde.ui-20100428-1600,(default package),X,0,0,0,0,2,0,0,0,-1.0,0,0
eclipse.pde.ui-20100428-1600,(default package),X,0,0,0,0,5,0,0,0,-1.0,0,0
eclipse.pde.ui-20100428-1600,(default package),X,0,0,1,0,7,1,0,0,-1.0,0,0
eclipse.pde.ui-20100428-1600,(default package),X,0,0,0,0,5,0,0,0,-1.0,0,0
eclipse.pde.ui-20100428-1600,(default package),X,0,0,0,0,5,0,0,0,-1.0,0,0
eclipse.pde.ui-20100428-1600,(default package),X,0,0,1,0,7,1,0,0,-1.0,0,0
eclipse.pde.ui-20100428-1600,(default package),X,0,0,1,0,7,1,0,0,-1.0,0,0
eclipse.pde.ui-20100428-1600,(default package),X,0,0,0,0,5,0,0,0,-1.0,0,0
eclipse.pde.ui-20100428-1600,(default package),X,0,0,1,1,7,1,0,0,-1.0,0,0
eclipse.pde.ui-20100428-1600,(default package),X,0,0,2,1,9,2,0,0,-1.0,0,0
eclipse.pde.ui-20100428-1600,(default package),X,0,0,0,0,5,0,0,0,-1.0,0,0
eclipse.pde.ui-20100428-1600,(default package),X,0,0,1,0,7,1,0,0,-1.0,0,0
eclipse.pde.ui-20100428-1600,(default package),X,0,0,2,1,9,2,0,0,-1.0,0,0
eclipse.pde.ui-20100428-1600,(default package),X,0,0,1,1,7,1,0,0,-1.0,0,0
eclipse.pde.ui-20100428-1600,(default package),X,0,0,1,1,7,1,0,0,-1.0,0,0
eclipse.pde.ui-20100428-1600,(default package),X,0,0,2,1,9,2,0,0,-1.0,0,0
eclipse.pde.ui-20100428-1600,(default package),X,0,0,2,1,9,2,0,0,-1.0,0,0
eclipse.pde.ui-20100428-1600,(default package),X,0,0,1,1,7,1,0,0,-1.0,0,0
eclipse.pde.ui-20100428-1600,(default package),X,0,0,0,0,5,0,0,0,-1.0,0,0
eclipse.pde.ui-20100428-1600,(default package),X,0,0,0,0,5,0,0,0,-1.0,0,0
eclipse.pde.ui-20100428-1600,(default package),X,0,0,0,0,5,0,0,0,-1.0,0,0
eclipse.pde.ui-20100428-1600,(default package),X,0,0,0,0,5,0,0,0,-1.0,0,0
eclipse.pde.ui-20100428-1600,(default package),X,0,0,0,0,5,0,0,0,-1.0,0,0
eclipse.pde.ui-20100428-1600,(default package),X,0,0,0,0,5,0,0,0,-1.0,0,0
eclipse.pde.ui-20100428-1600,(default package),X,0,0,0,0,5,0,0,0,-1.0,0,0
eclipse.pde.ui-20100428-1600,(default package),X,0,0,0,0,5,0,0,0,-1.0,0,0
eclipse.pde.ui-20100428-1600,(default package),X,0,0,0,0,5,0,0,0,-1.0,0,0
eclipse.pde.ui-20100428-1600,(default package),X,0,0,0,0,5,0,0,0,-1.0,0,0
eclipse.pde.ui-20100428-1600,(default package),X,0,0,0,0,5,0,0,0,-1.0,0,0
eclipse.pde.ui-20100428-1600,(default package),X,0,0,0,0,5,0,0,0,-1.0,0,0
eclipse.pde.ui-20100428-1600,(default package),X,0,0,0,0,5,0,0,0,-1.0,0,0
eclipse.pde.ui-20100428-1600,(default package),X,0,0,0,0,5,0,0,0,-1.0,0,0
eclipse.pde.ui-20100428-1600,(default package),X,0,0,1,1,7,1,0,0,-1.0,0,0
eclipse.pde.ui-20100428-1600,(default package),X,0,0,0,0,5,0,0,0,-1.0,0,0
eclipse.pde.ui-20100428-1600,(default package),X,0,0,0,0,5,0,0,0,-1.0,0,0
eclipse.pde.ui-20100428-1600,(default package),X,0,0,0,0,5,0,0,0,-1.0,0,0
eclipse.pde.ui-20100428-1600,(default package),X,0,0,0,0,5,0,0,0,-1.0,0,0
eclipse.pde.ui-20100428-1600,(default package),X,0,0,0,0,2,0,0,0,-1.0,0,0
eclipse.pde.ui-20100428-1600,(default package),X,0,0,0,0,2,0,0,0,-1.0,0,0
eclipse.pde.ui-20100428-1600,(default package),X,0,0,0,0,5,0,0,0,-1.0,0,0
eclipse.pde.ui-20100428-1600,(default package),X,0,0,0,0,2,0,0,0,-1.0,0,0
eclipse.pde.ui-20100428-1600,(default package),X,0,0,0,0,2,0,0,0,-1.0,0,0
eclipse.pde.ui-20100428-1600,(default package),X,0,0,1,1,9,1,0,0,-1.0,0,0
eclipse.pde.ui-20100428-1600,(default package),Y,0,0,1,1,4,1,0,0,-1.0,0,0
eclipse.pde.ui-20100428-1600,(default package),X,0,0,1,1,9,1,0,0,-1.0,0,0
eclipse.pde.ui-20100428-1600,(default package),Y,0,0,1,1,4,1,0,0,-1.0,0,0
eclipse.pde.ui-20100428-1600,(default package),X,0,0,1,1,9,1,0,0,-1.0,0,0
eclipse.pde.ui-20100428-1600,(default package),Y,0,0,1,1,4,1,0,0,-1.0,0,0
eclipse.pde.ui-20100428-1600,(default package),X,0,0,1,1,9,1,0,0,-1.0,0,0
eclipse.pde.ui-20100428-1600,(default package),Y,0,0,1,1,4,1,0,0,-1.0,0,0
eclipse.pde.ui-20100428-1600,(default package),X,0,0,1,1,9,1,0,0,-1.0,0,0
eclipse.pde.ui-20100428-1600,(default package),Y,0,0,1,1,4,1,0,0,-1.0,0,0
eclipse.pde.ui-20100428-1600,(default package),X,0,0,1,1,9,1,0,0,-1.0,0,0
eclipse.pde.ui-20100428-1600,(default package),Y,0,0,1,1,4,1,0,0,-1.0,0,0
eclipse.pde.ui-20100428-1600,(default package),X,0,0,1,1,9,1,0,0,-1.0,0,0
eclipse.pde.ui-20100428-1600,(default package),Y,0,0,1,1,4,1,0,0,-1.0,0,0
eclipse.pde.ui-20100428-1600,(default package),X,0,0,1,1,9,1,0,0,-1.0,0,0
eclipse.pde.ui-20100428-1600,(default package),Y,0,0,1,1,4,1,0,0,-1.0,0,0
eclipse.pde.ui-20100428-1600,(default package),X,0,0,1,1,9,1,0,0,-1.0,0,0
eclipse.pde.ui-20100428-1600,(default package),Y,0,0,1,1,4,1,0,0,-1.0,0,0
eclipse.pde.ui-20100428-1600,(default package),X,0,0,1,1,9,1,0,0,-1.0,0,0
eclipse.pde.ui-20100428-1600,(default package),Y,0,0,1,1,4,1,0,0,-1.0,0,0
eclipse.pde.ui-20100428-1600,(default package),X,0,0,1,1,9,1,0,0,-1.0,0,0
eclipse.pde.ui-20100428-1600,(default package),Y,0,0,1,1,4,1,0,0,-1.0,0,0
eclipse.pde.ui-20100428-1600,(default package),X,0,0,1,1,9,1,0,0,-1.0,0,0
eclipse.pde.ui-20100428-1600,(default package),Y,0,0,1,1,4,1,0,0,-1.0,0,0
eclipse.pde.ui-20100428-1600,(default package),X,0,0,1,1,7,1,0,0,-1.0,0,0
eclipse.pde.ui-20100428-1600,(default package),X,0,0,0,0,5,0,0,0,-1.0,0,0
eclipse.pde.ui-20100428-1600,(default package),X,0,0,1,1,9,1,0,0,-1.0,0,0
eclipse.pde.ui-20100428-1600,(default package),Y,0,0,1,1,4,1,0,0,-1.0,0,0
eclipse.pde.ui-20100428-1600,(default package),X,0,0,1,1,9,1,0,0,-1.0,0,0
eclipse.pde.ui-20100428-1600,(default package),Y,0,0,1,1,4,1,0,0,-1.0,0,0
eclipse.pde.ui-20100428-1600,(default package),X,0,0,1,1,9,1,0,0,-1.0,0,0
eclipse.pde.ui-20100428-1600,(default package),Y,0,0,1,1,4,1,0,0,-1.0,0,0
eclipse.pde.ui-20100428-1600,(default package),X,0,0,1,1,9,1,0,0,-1.0,0,0
eclipse.pde.ui-20100428-1600,(default package),Y,0,0,1,1,4,1,0,0,-1.0,0,0
eclipse.pde.ui-20100428-1600,(default package),X,0,0,1,1,9,1,0,0,-1.0,0,0
eclipse.pde.ui-20100428-1600,(default package),Y,0,0,1,1,4,1,0,0,-1.0,0,0
eclipse.pde.ui-20100428-1600,(default package),X,0,0,1,1,9,1,0,0,-1.0,0,0
eclipse.pde.ui-20100428-1600,(default package),Y,0,0,1,1,4,1,0,0,-1.0,0,0
eclipse.pde.ui-20100428-1600,(default package),X,0,0,1,1,9,1,0,0,-1.0,0,0
eclipse.pde.ui-20100428-1600,(default package),Y,0,0,1,1,4,1,0,0,-1.0,0,0
eclipse.pde.ui-20100428-1600,(default package),X,0,0,1,1,9,1,0,0,-1.0,0,0
eclipse.pde.ui-20100428-1600,(default package),Y,0,0,1,1,4,1,0,0,-1.0,0,0
eclipse.pde.ui-20100428-1600,(default package),X,0,0,1,1,9,1,0,0,-1.0,0,0
eclipse.pde.ui-20100428-1600,(default package),Y,0,0,1,1,4,1,0,0,-1.0,0,0
eclipse.pde.ui-20100428-1600,(default package),X,0,0,1,1,9,1,0,0,-1.0,0,0
eclipse.pde.ui-20100428-1600,(default package),Y,0,0,1,1,4,1,0,0,-1.0,0,0
eclipse.pde.ui-20100428-1600,(default package),X,0,0,0,0,2,0,0,0,-1.0,0,0
eclipse.pde.ui-20100428-1600,(default package),X,0,0,0,0,2,0,0,0,-1.0,0,0
eclipse.pde.ui-20100428-1600,(default package),X,0,0,0,0,2,0,0,0,-1.0,0,0
eclipse.pde.ui-20100428-1600,(default package),X,0,0,0,0,2,0,0,0,-1.0,0,0
eclipse.pde.ui-20100428-1600,(default package),X,0,0,0,0,2,0,0,0,-1.0,0,0
eclipse.pde.ui-20100428-1600,(default package),X,0,0,0,0,2,0,0,0,-1.0,0,0
eclipse.pde.ui-20100428-1600,(default package),X,0,0,0,0,2,0,0,0,-1.0,0,0
eclipse.pde.ui-20100428-1600,(default package),X,0,0,0,0,2,0,0,0,-1.0,0,0
eclipse.pde.ui-20100428-1600,(default package),X,0,0,0,0,5,0,0,0,-1.0,0,0
eclipse.pde.ui-20100428-1600,(default package),X,0,0,0,0,5,0,0,0,-1.0,0,0
eclipse.pde.ui-20100428-1600,(default package),X,0,0,0,0,5,0,0,0,-1.0,0,0
eclipse.pde.ui-20100428-1600,(default package),X,0,0,1,1,7,1,0,0,-1.0,0,0
eclipse.pde.ui-20100428-1600,(default package),I,0,0,0,0,5,0,0,0,-1.0,0,0
eclipse.pde.ui-20100428-1600,(default package),J,0,0,0,0,5,0,0,0,-1.0,0,0
eclipse.pde.ui-20100428-1600,(default package),X,0,0,0,0,5,0,0,0,-1.0,0,0
eclipse.pde.ui-20100428-1600,(default package),I,0,0,0,0,5,0,0,0,-1.0,0,0
eclipse.pde.ui-20100428-1600,(default package),X,0,0,0,0,5,0,0,0,-1.0,0,0
eclipse.pde.ui-20100428-1600,(default package),X,0,0,0,0,5,0,0,0,-1.0,0,0
eclipse.pde.ui-20100428-1600,(default package),X,0,0,0,0,5,0,0,0,-1.0,0,0
eclipse.pde.ui-20100428-1600,(default package),X,0,0,0,0,5,0,0,0,-1.0,0,0
eclipse.pde.ui-20100428-1600,(default package),X,0,0,0,0,5,0,0,0,-1.0,0,0
eclipse.pde.ui-20100428-1600,(default package),X,0,0,0,0,2,0,0,0,-1.0,0,0
eclipse.pde.ui-20100428-1600,(default package),X,0,0,0,0,5,0,0,0,-1.0,0,0
eclipse.pde.ui-20100428-1600,(default package),X,0,0,0,0,5,0,0,0,-1.0,0,0
eclipse.pde.ui-20100428-1600,(default package),Y,0,0,1,1,7,1,0,0,-1.0,0,0
eclipse.pde.ui-20100428-1600,(default package),X,0,0,1,1,7,1,0,0,-1.0,0,0
eclipse.pde.ui-20100428-1600,(default package),Y,0,0,0,0,5,0,0,0,-1.0,0,0
eclipse.pde.ui-20100428-1600,(default package),X,0,0,0,0,5,0,0,0,-1.0,0,0
eclipse.pde.ui-20100428-1600,(default package),Y,1,1,0,0,6,0,0,0,-1.0,0,0
eclipse.pde.ui-20100428-1600,(default package),X,1,1,0,0,6,0,0,0,-1.0,0,0
eclipse.pde.ui-20100428-1600,(default package),Y,0,0,0,0,5,0,0,0,-1.0,0,0
eclipse.pde.ui-20100428-1600,(default package),X,0,0,1,1,8,1,0,0,-1.0,0,0
eclipse.pde.ui-20100428-1600,(default package),X,0,0,1,1,10,1,0,0,-1.0,0,0
eclipse.pde.ui-20100428-1600,(default package),X,0,0,1,1,8,1,0,0,-1.0,0,0
eclipse.pde.ui-20100428-1600,(default package),X,0,0,1,1,10,1,0,0,-1.0,0,0
eclipse.pde.ui-20100428-1600,(default package),C,0,0,0,0,2,0,0,0,-1.0,0,0
eclipse.pde.ui-20100428-1600,(default package),X,0,0,0,0,5,0,0,0,-1.0,0,0
eclipse.pde.ui-20100428-1600,(default package),X,0,0,1,1,7,1,0,0,-1.0,0,0
eclipse.pde.ui-20100428-1600,(default package),X,1,0,1,1,9,1,0,0,0.0,0,0
eclipse.pde.ui-20100428-1600,(default package),X,2,0,3,1,18,3,0,0,0.0,0,0
eclipse.pde.ui-20100428-1600,(default package),C,1,0,2,0,9,2,0,0,0.0,0,0
eclipse.pde.ui-20100428-1600,(default package),X,2,0,3,1,18,3,0,0,0.0,0,0
eclipse.pde.ui-20100428-1600,(default package),C,1,0,2,0,9,2,0,0,0.0,0,0
eclipse.pde.ui-20100428-1600,(default package),X,1,0,1,1,9,1,0,0,0.0,0,0
eclipse.pde.ui-20100428-1600,(default package),X,0,0,0,0,7,0,0,0,-1.0,0,0
eclipse.pde.ui-20100428-1600,(default package),Y,0,0,0,0,2,0,0,0,-1.0,0,0
eclipse.pde.ui-20100428-1600,(default package),X,0,0,0,0,5,0,0,0,-1.0,0,0
eclipse.pde.ui-20100428-1600,(default package),X,0,0,0,0,5,0,0,0,-1.0,0,0
eclipse.pde.ui-20100428-1600,(default package),X,0,0,0,0,7,0,0,0,-1.0,0,0
eclipse.pde.ui-20100428-1600,(default package),Y,0,0,0,0,2,0,0,0,-1.0,0,0
eclipse.pde.ui-20100428-1600,(default package),X,0,0,0,0,9,0,0,0,-1.0,0,0
eclipse.pde.ui-20100428-1600,(default package),Y,0,0,0,0,2,0,0,0,-1.0,0,0
eclipse.pde.ui-20100428-1600,(default package),Z,0,0,0,0,2,0,0,0,-1.0,0,0
eclipse.pde.ui-20100428-1600,(default package),X,0,0,0,0,7,0,0,0,-1.0,0,0
eclipse.pde.ui-20100428-1600,(default package),Y,0,0,0,0,2,0,0,0,-1.0,0,0
eclipse.pde.ui-20100428-1600,(default package),X,0,0,0,0,7,0,0,0,-1.0,0,0
eclipse.pde.ui-20100428-1600,(default package),Z,0,0,0,0,2,0,0,0,-1.0,0,0
eclipse.pde.ui-20100428-1600,(default package),X,0,0,0,0,9,0,0,0,-1.0,0,0
eclipse.pde.ui-20100428-1600,(default package),Y,0,0,0,0,2,0,0,0,-1.0,0,0
eclipse.pde.ui-20100428-1600,(default package),Z,0,0,0,0,2,0,0,0,-1.0,0,0
eclipse.pde.ui-20100428-1600,(default package),X,0,0,0,0,5,0,0,0,-1.0,0,0
eclipse.pde.ui-20100428-1600,(default package),X,1,1,0,0,6,0,0,0,-1.0,0,0
eclipse.pde.ui-20100428-1600,(default package),X,0,0,0,0,5,0,0,0,-1.0,0,0
eclipse.pde.ui-20100428-1600,(default package),Y,1,0,0,0,6,0,0,0,-1.0,0,0
eclipse.pde.ui-20100428-1600,(default package),X,1,0,0,0,6,0,0,0,-1.0,0,0
eclipse.pde.ui-20100428-1600,(default package),Y,0,0,0,0,5,0,0,0,-1.0,0,0
eclipse.pde.ui-20100428-1600,(default package),X,0,0,0,0,5,0,0,0,-1.0,0,0
eclipse.pde.ui-20100428-1600,(default package),Y,0,0,1,0,7,1,0,0,-1.0,0,0
eclipse.pde.ui-20100428-1600,(default package),X,0,0,1,0,7,1,0,0,-1.0,0,0
eclipse.pde.ui-20100428-1600,(default package),Y,0,0,0,0,5,0,0,0,-1.0,0,0
eclipse.pde.ui-20100428-1600,(default package),X,0,0,0,0,5,0,0,0,-1.0,0,0
eclipse.pde.ui-20100428-1600,(default package),Y,0,0,1,1,7,1,0,0,-1.0,0,0
eclipse.pde.ui-20100428-1600,(default package),X,0,0,1,1,7,1,0,0,-1.0,0,0
eclipse.pde.ui-20100428-1600,(default package),Y,0,0,0,0,5,0,0,0,-1.0,0,0
eclipse.pde.ui-20100428-1600,(default package),X,0,0,0,0,7,0,0,0,-1.0,0,0
eclipse.pde.ui-20100428-1600,(default package),Y,0,0,0,0,2,0,0,0,-1.0,0,0
eclipse.pde.ui-20100428-1600,(default package),X,0,0,0,0,5,0,0,0,-1.0,0,0
eclipse.pde.ui-20100428-1600,(default package),X,0,0,0,0,9,0,0,0,-1.0,0,0
eclipse.pde.ui-20100428-1600,(default package),Y,0,0,0,0,2,0,0,0,-1.0,0,0
eclipse.pde.ui-20100428-1600,(default package),Z,0,0,0,0,2,0,0,0,-1.0,0,0
eclipse.pde.ui-20100428-1600,(default package),X,0,0,0,0,7,0,0,0,-1.0,0,0
eclipse.pde.ui-20100428-1600,(default package),Y,0,0,0,0,2,0,0,0,-1.0,0,0
eclipse.pde.ui-20100428-1600,(default package),X,0,0,4,3,13,4,0,0,-1.0,0,0
eclipse.pde.ui-20100428-1600,(default package),X,0,0,4,3,13,4,0,0,-1.0,0,0
eclipse.pde.ui-20100428-1600,(default package),X,0,0,3,2,11,3,0,0,-1.0,0,0
eclipse.pde.ui-20100428-1600,(default package),X,0,0,4,3,13,4,0,0,-1.0,0,0
eclipse.pde.ui-20100428-1600,(default package),X,0,0,4,3,13,4,0,0,-1.0,0,0
eclipse.pde.ui-20100428-1600,(default package),X,0,0,3,2,11,3,0,0,-1.0,0,0
eclipse.pde.ui-20100428-1600,(default package),X,0,0,0,0,5,0,0,0,-1.0,0,0
eclipse.pde.ui-20100428-1600,(default package),Y,0,0,0,0,5,0,0,0,-1.0,0,0
eclipse.pde.ui-20100428-1600,(default package),Z,0,0,1,1,7,1,0,0,-1.0,0,0
eclipse.pde.ui-20100428-1600,(default package),X,0,0,1,1,7,1,0,0,-1.0,0,0
eclipse.pde.ui-20100428-1600,(default package),Y,0,0,0,0,5,0,0,0,-1.0,0,0
eclipse.pde.ui-20100428-1600,(default package),Z,0,0,0,0,5,0,0,0,-1.0,0,0
eclipse.pde.ui-20100428-1600,(default package),X,0,0,0,0,5,0,0,0,-1.0,0,0
eclipse.pde.ui-20100428-1600,(default package),X,0,0,0,0,8,0,0,0,-1.0,0,0
eclipse.pde.ui-20100428-1600,(default package),X,0,0,0,0,5,0,0,0,-1.0,0,0
eclipse.pde.ui-20100428-1600,(default package),Y,0,0,0,0,5,0,0,0,-1.0,0,0
eclipse.pde.ui-20100428-1600,(default package),Z,1,1,0,0,6,0,0,0,-1.0,0,0
eclipse.pde.ui-20100428-1600,(default package),X,1,1,0,0,6,0,0,0,-1.0,0,0
eclipse.pde.ui-20100428-1600,(default package),Y,0,0,0,0,5,0,0,0,-1.0,0,0
eclipse.pde.ui-20100428-1600,(default package),Z,0,0,0,0,5,0,0,0,-1.0,0,0
eclipse.pde.ui-20100428-1600,(default package),X,0,0,0,0,7,0,0,0,-1.0,0,0
eclipse.pde.ui-20100428-1600,(default package),Y,0,0,0,0,2,0,0,0,-1.0,0,0
eclipse.pde.ui-20100428-1600,(default package),X,0,0,0,0,5,0,0,0,-1.0,0,0
eclipse.pde.ui-20100428-1600,(default package),X,0,0,0,0,5,0,0,0,-1.0,0,0
eclipse.pde.ui-20100428-1600,(default package),X,0,0,0,0,7,0,0,0,-1.0,0,0
eclipse.pde.ui-20100428-1600,(default package),Y,0,0,0,0,2,0,0,0,-1.0,0,0
eclipse.pde.ui-20100428-1600,(default package),X,0,0,0,0,5,0,0,0,-1.0,0,0
eclipse.pde.ui-20100428-1600,(default package),X,0,0,0,0,7,0,0,0,-1.0,0,0
eclipse.pde.ui-20100428-1600,(default package),Y,0,0,0,0,2,0,0,0,-1.0,0,0
eclipse.pde.ui-20100428-1600,(default package),X,0,0,0,0,5,0,0,0,-1.0,0,0
eclipse.pde.ui-20100428-1600,(default package),X,0,0,0,0,7,0,0,0,-1.0,0,0
eclipse.pde.ui-20100428-1600,(default package),Y,0,0,0,0,2,0,0,0,-1.0,0,0
eclipse.pde.ui-20100428-1600,(default package),X,0,0,0,0,7,0,0,0,-1.0,0,0
eclipse.pde.ui-20100428-1600,(default package),Z,0,0,0,0,2,0,0,0,-1.0,0,0
eclipse.pde.ui-20100428-1600,(default package),X,0,0,0,0,9,0,0,0,-1.0,0,0
eclipse.pde.ui-20100428-1600,(default package),Y,0,0,0,0,2,0,0,0,-1.0,0,0
eclipse.pde.ui-20100428-1600,(default package),Z,0,0,0,0,2,0,0,0,-1.0,0,0
eclipse.pde.ui-20100428-1600,(default package),X,0,0,0,0,7,0,0,0,-1.0,0,0
eclipse.pde.ui-20100428-1600,(default package),Z,0,0,0,0,2,0,0,0,-1.0,0,0
eclipse.pde.ui-20100428-1600,(default package),X,0,0,0,0,9,0,0,0,-1.0,0,0
eclipse.pde.ui-20100428-1600,(default package),Y,0,0,0,0,2,0,0,0,-1.0,0,0
eclipse.pde.ui-20100428-1600,(default package),Z,0,0,0,0,2,0,0,0,-1.0,0,0
eclipse.pde.ui-20100428-1600,(default package),X,0,0,0,0,7,0,0,0,-1.0,0,0
eclipse.pde.ui-20100428-1600,(default package),Z,0,0,0,0,2,0,0,0,-1.0,0,0
eclipse.pde.ui-20100428-1600,(default package),X,0,0,0,0,9,0,0,0,-1.0,0,0
eclipse.pde.ui-20100428-1600,(default package),Y,0,0,0,0,2,0,0,0,-1.0,0,0
eclipse.pde.ui-20100428-1600,(default package),Z,0,0,0,0,2,0,0,0,-1.0,0,0
eclipse.pde.ui-20100428-1600,(default package),X,0,0,0,0,9,0,0,0,-1.0,0,0
eclipse.pde.ui-20100428-1600,(default package),Y,0,0,0,0,2,0,0,0,-1.0,0,0
eclipse.pde.ui-20100428-1600,(default package),Z,0,0,0,0,2,0,0,0,-1.0,0,0
eclipse.pde.ui-20100428-1600,(default package),X,0,0,0,0,7,0,0,0,-1.0,0,0
eclipse.pde.ui-20100428-1600,(default package),Z,0,0,0,0,2,0,0,0,-1.0,0,0
eclipse.pde.ui-20100428-1600,(default package),X,0,0,0,0,9,0,0,0,-1.0,0,0
eclipse.pde.ui-20100428-1600,(default package),Y,0,0,0,0,2,0,0,0,-1.0,0,0
eclipse.pde.ui-20100428-1600,(default package),Z,0,0,0,0,2,0,0,0,-1.0,0,0
eclipse.pde.ui-20100428-1600,(default package),X,0,0,0,0,7,0,0,0,-1.0,0,0
eclipse.pde.ui-20100428-1600,(default package),Z,0,0,0,0,2,0,0,0,-1.0,0,0
eclipse.pde.ui-20100428-1600,(default package),X,0,0,0,0,8,0,0,0,-1.0,0,0
eclipse.pde.ui-20100428-1600,(default package),X,0,0,0,0,5,0,0,0,-1.0,0,0
eclipse.pde.ui-20100428-1600,(default package),X,0,0,0,0,9,0,0,0,-1.0,0,0
eclipse.pde.ui-20100428-1600,(default package),Y,0,0,0,0,2,0,0,0,-1.0,0,0
eclipse.pde.ui-20100428-1600,(default package),Z,0,0,0,0,2,0,0,0,-1.0,0,0
eclipse.pde.ui-20100428-1600,(default package),X,0,0,0,0,7,0,0,0,-1.0,0,0
eclipse.pde.ui-20100428-1600,(default package),Z,0,0,0,0,2,0,0,0,-1.0,0,0
eclipse.pde.ui-20100428-1600,(default package),X,0,0,0,0,9,0,0,0,-1.0,0,0
eclipse.pde.ui-20100428-1600,(default package),Y,0,0,0,0,2,0,0,0,-1.0,0,0
eclipse.pde.ui-20100428-1600,(default package),Z,0,0,0,0,2,0,0,0,-1.0,0,0
eclipse.pde.ui-20100428-1600,(default package),X,0,0,0,0,7,0,0,0,-1.0,0,0
eclipse.pde.ui-20100428-1600,(default package),Z,0,0,0,0,2,0,0,0,-1.0,0,0
eclipse.pde.ui-20100428-1600,(default package),X,0,0,0,0,9,0,0,0,-1.0,0,0
eclipse.pde.ui-20100428-1600,(default package),Y,0,0,0,0,2,0,0,0,-1.0,0,0
eclipse.pde.ui-20100428-1600,(default package),Z,0,0,0,0,2,0,0,0,-1.0,0,0
eclipse.pde.ui-20100428-1600,(default package),X,0,0,0,0,7,0,0,0,-1.0,0,0
eclipse.pde.ui-20100428-1600,(default package),Z,0,0,0,0,2,0,0,0,-1.0,0,0
eclipse.pde.ui-20100428-1600,(default package),X,0,0,0,0,9,0,0,0,-1.0,0,0
eclipse.pde.ui-20100428-1600,(default package),Y,0,0,0,0,2,0,0,0,-1.0,0,0
eclipse.pde.ui-20100428-1600,(default package),Z,0,0,0,0,2,0,0,0,-1.0,0,0
eclipse.pde.ui-20100428-1600,(default package),X,0,0,0,0,7,0,0,0,-1.0,0,0
eclipse.pde.ui-20100428-1600,(default package),Z,0,0,0,0,2,0,0,0,-1.0,0,0
eclipse.pde.ui-20100428-1600,(default package),X,0,0,0,0,7,0,0,0,-1.0,0,0
eclipse.pde.ui-20100428-1600,(default package),Y,0,0,0,0,2,0,0,0,-1.0,0,0
eclipse.pde.ui-20100428-1600,(default package),X,0,0,0,0,5,0,0,0,-1.0,0,0
eclipse.pde.ui-20100428-1600,(default package),X,0,0,0,0,7,0,0,0,-1.0,0,0
eclipse.pde.ui-20100428-1600,(default package),Y,0,0,0,0,2,0,0,0,-1.0,0,0
eclipse.pde.ui-20100428-1600,(default package),X,0,0,0,0,5,0,0,0,-1.0,0,0
eclipse.pde.ui-20100428-1600,(default package),X,0,0,0,0,7,0,0,0,-1.0,0,0
eclipse.pde.ui-20100428-1600,(default package),Y,0,0,0,0,2,0,0,0,-1.0,0,0
eclipse.pde.ui-20100428-1600,(default package),X,0,0,0,0,5,0,0,0,-1.0,0,0
eclipse.pde.ui-20100428-1600,(default package),I,0,0,0,0,5,0,0,0,-1.0,0,0
eclipse.pde.ui-20100428-1600,(default package),X,0,0,0,0,5,0,0,0,-1.0,0,0
eclipse.pde.ui-20100428-1600,(default package),I,0,0,0,0,5,0,0,0,-1.0,0,0
eclipse.pde.ui-20100428-1600,(default package),J,0,0,0,0,5,0,0,0,-1.0,0,0
eclipse.pde.ui-20100428-1600,(default package),X,0,0,0,0,5,0,0,0,-1.0,0,0
eclipse.pde.ui-20100428-1600,(default package),I,0,0,0,0,5,0,0,0,-1.0,0,0
eclipse.pde.ui-20100428-1600,(default package),X,0,0,0,0,5,0,0,0,-1.0,0,0
eclipse.pde.ui-20100428-1600,(default package),I,0,0,0,0,5,0,0,0,-1.0,0,0
eclipse.pde.ui-20100428-1600,(default package),J,0,0,0,0,5,0,0,0,-1.0,0,0
eclipse.pde.ui-20100428-1600,(default package),X,0,0,0,0,5,0,0,0,-1.0,0,0
eclipse.pde.ui-20100428-1600,(default package),X,0,0,0,0,5,0,0,0,-1.0,0,0
eclipse.pde.ui-20100428-1600,(default package),Y,0,0,0,0,5,0,0,0,-1.0,0,0
eclipse.pde.ui-20100428-1600,(default package),Z,1,1,0,0,6,0,0,0,-1.0,0,0
eclipse.pde.ui-20100428-1600,(default package),X,0,0,0,0,5,0,0,0,-1.0,0,0
eclipse.pde.ui-20100428-1600,(default package),Y,0,0,0,0,5,0,0,0,-1.0,0,0
eclipse.pde.ui-20100428-1600,(default package),Z,0,0,0,0,5,0,0,0,-1.0,0,0
eclipse.pde.ui-20100428-1600,(default package),X,0,0,0,0,6,0,0,0,-1.0,0,0
eclipse.pde.ui-20100428-1600,(default package),X,0,0,0,0,6,0,0,0,-1.0,0,0
eclipse.pde.ui-20100428-1600,(default package),X,1,0,0,0,6,0,0,0,-1.0,0,0
eclipse.pde.ui-20100428-1600,(default package),X,1,0,0,0,6,0,0,0,-1.0,0,0
eclipse.pde.ui-20100428-1600,(default package),X,1,1,0,0,6,0,0,0,-1.0,0,0
eclipse.pde.ui-20100428-1600,(default package),X,1,0,0,0,6,0,0,0,-1.0,0,0
eclipse.pde.ui-20100428-1600,(default package),X,1,1,0,0,6,0,0,0,-1.0,0,0
eclipse.pde.ui-20100428-1600,(default package),X,1,0,0,0,6,0,0,0,-1.0,0,0
eclipse.pde.ui-20100428-1600,(default package),X,1,1,0,0,6,0,0,0,-1.0,0,0
eclipse.pde.ui-20100428-1600,(default package),X,1,1,0,0,6,0,0,0,-1.0,0,0
eclipse.pde.ui-20100428-1600,(default package),X,1,1,0,0,6,0,0,0,-1.0,0,0
eclipse.pde.ui-20100428-1600,(default package),X,1,1,0,0,6,0,0,0,-1.0,0,0
eclipse.pde.ui-20100428-1600,(default package),X,1,1,0,0,6,0,0,0,-1.0,0,0
eclipse.pde.ui-20100428-1600,(default package),X,1,1,0,0,6,0,0,0,-1.0,0,0
eclipse.pde.ui-20100428-1600,(default package),X,1,1,1,0,9,1,0,0,0.0,0,0
eclipse.pde.ui-20100428-1600,(default package),X,1,1,1,0,9,1,0,0,0.0,0,0
eclipse.pde.ui-20100428-1600,(default package),X,1,1,0,0,6,0,0,0,-1.0,0,0
eclipse.pde.ui-20100428-1600,(default package),X,1,1,0,0,6,0,0,0,-1.0,0,0
eclipse.pde.ui-20100428-1600,(default package),X,1,1,0,0,6,0,0,0,-1.0,0,0
eclipse.pde.ui-20100428-1600,(default package),X,1,1,0,0,6,0,0,0,-1.0,0,0
eclipse.pde.ui-20100428-1600,(default package),X,1,1,0,0,6,0,0,0,-1.0,0,0
eclipse.pde.ui-20100428-1600,(default package),X,1,1,0,0,6,0,0,0,-1.0,0,0
eclipse.pde.ui-20100428-1600,(default package),X,1,1,0,0,6,0,0,0,-1.0,0,0
eclipse.pde.ui-20100428-1600,(default package),X,1,1,0,0,6,0,0,0,-1.0,0,0
eclipse.pde.ui-20100428-1600,(default package),X,1,0,0,0,6,0,0,0,-1.0,0,0
eclipse.pde.ui-20100428-1600,(default package),X,1,0,0,0,6,0,0,0,-1.0,0,0
eclipse.pde.ui-20100428-1600,(default package),X,1,0,0,0,6,0,0,0,-1.0,0,0
eclipse.pde.ui-20100428-1600,(default package),X,1,0,0,0,6,0,0,0,-1.0,0,0
eclipse.pde.ui-20100428-1600,(default package),X,1,0,0,0,6,0,0,0,-1.0,0,0
eclipse.pde.ui-20100428-1600,(default package),X,1,0,0,0,6,0,0,0,-1.0,0,0
eclipse.pde.ui-20100428-1600,(default package),X,1,1,0,0,9,0,0,0,-1.0,0,0
eclipse.pde.ui-20100428-1600,(default package),X,1,1,0,0,9,0,0,0,-1.0,0,0
eclipse.pde.ui-20100428-1600,(default package),X,1,0,0,0,6,0,0,0,-1.0,0,0
eclipse.pde.ui-20100428-1600,(default package),X,1,0,0,0,6,0,0,0,-1.0,0,0
eclipse.pde.ui-20100428-1600,(default package),X,1,0,0,0,6,0,0,0,-1.0,0,0
eclipse.pde.ui-20100428-1600,(default package),X,1,0,0,0,6,0,0,0,-1.0,0,0
eclipse.pde.ui-20100428-1600,(default package),X,1,0,0,0,6,0,0,0,-1.0,0,0
eclipse.pde.ui-20100428-1600,(default package),X,1,0,0,0,6,0,0,0,-1.0,0,0
eclipse.pde.ui-20100428-1600,(default package),X,1,0,0,0,6,0,0,0,-1.0,0,0
eclipse.pde.ui-20100428-1600,(default package),X,1,0,0,0,6,0,0,0,-1.0,0,0
eclipse.pde.ui-20100428-1600,(default package),X,1,0,0,0,6,0,0,0,-1.0,0,0
eclipse.pde.ui-20100428-1600,(default package),X,1,0,0,0,6,0,0,0,-1.0,0,0
eclipse.pde.ui-20100428-1600,(default package),X,1,0,0,0,6,0,0,0,-1.0,0,0
eclipse.pde.ui-20100428-1600,(default package),X,1,0,0,0,6,0,0,0,-1.0,0,0
eclipse.pde.ui-20100428-1600,(default package),X,1,1,0,0,3,0,0,0,-1.0,0,0
eclipse.pde.ui-20100428-1600,(default package),X,1,1,0,0,3,0,0,0,-1.0,0,0
eclipse.pde.ui-20100428-1600,(default package),X,1,0,0,0,6,0,0,0,-1.0,0,0
eclipse.pde.ui-20100428-1600,(default package),X,1,0,0,0,6,0,0,0,-1.0,0,0
eclipse.pde.ui-20100428-1600,(default package),X,1,1,0,0,3,0,0,0,-1.0,0,0
eclipse.pde.ui-20100428-1600,(default package),X,1,1,0,0,3,0,0,0,-1.0,0,0
eclipse.pde.ui-20100428-1600,(default package),X,1,1,0,0,3,0,0,0,-1.0,0,0
eclipse.pde.ui-20100428-1600,(default package),X,1,1,0,0,3,0,0,0,-1.0,0,0
eclipse.pde.ui-20100428-1600,(default package),X,1,1,0,0,3,0,0,0,-1.0,0,0
eclipse.pde.ui-20100428-1600,(default package),X,1,1,0,0,3,0,0,0,-1.0,0,0
eclipse.pde.ui-20100428-1600,(default package),X,1,1,0,0,3,0,0,0,-1.0,0,0
eclipse.pde.ui-20100428-1600,(default package),X,1,1,0,0,3,0,0,0,-1.0,0,0
eclipse.pde.ui-20100428-1600,(default package),X,1,1,0,0,6,0,0,0,-1.0,0,0
eclipse.pde.ui-20100428-1600,(default package),X,1,1,0,0,6,0,0,0,-1.0,0,0
eclipse.pde.ui-20100428-1600,(default package),X,1,0,0,0,6,0,0,0,-1.0,0,0
eclipse.pde.ui-20100428-1600,(default package),X,1,0,0,0,6,0,0,0,-1.0,0,0
eclipse.pde.ui-20100428-1600,(default package),I,1,1,0,0,6,0,0,0,-1.0,0,0
eclipse.pde.ui-20100428-1600,(default package),I,1,1,0,0,6,0,0,0,-1.0,0,0
eclipse.pde.ui-20100428-1600,(default package),I,1,1,0,0,6,0,0,0,-1.0,0,0
eclipse.pde.ui-20100428-1600,(default package),I,1,1,0,0,6,0,0,0,-1.0,0,0
eclipse.pde.ui-20100428-1600,(default package),X,1,0,0,0,6,0,0,0,-1.0,0,0
eclipse.pde.ui-20100428-1600,(default package),X,1,0,0,0,6,0,0,0,-1.0,0,0
eclipse.pde.ui-20100428-1600,(default package),SWT,2,2,0,0,7,0,0,0,-1.0,3,0
eclipse.pde.ui-20100428-1600,(default package),X,1,1,1,0,9,1,0,0,0.0,0,1
eclipse.pde.ui-20100428-1600,(default package),SWT,2,2,0,0,7,0,0,0,-1.0,0,0
eclipse.pde.ui-20100428-1600,(default package),X,1,1,0,0,6,0,0,0,-1.0,0,1
eclipse.pde.ui-20100428-1600,(default package),X,1,0,0,0,6,0,0,0,-1.0,0,0
eclipse.pde.ui-20100428-1600,(default package),X,1,0,0,0,6,0,0,0,-1.0,0,0
eclipse.pde.ui-20100428-1600,(default package),SWT,2,2,0,0,7,0,0,0,-1.0,0,0
eclipse.pde.ui-20100428-1600,(default package),X,4,4,0,0,9,0,0,0,-1.0,0,1
eclipse.pde.ui-20100428-1600,(default package),X,0,0,0,0,5,0,0,0,-1.0,0,0
eclipse.pde.ui-20100428-1600,(default package),X,1,0,0,0,6,0,0,0,-1.0,0,0
eclipse.pde.ui-20100428-1600,(default package),X,0,0,0,0,5,0,0,0,-1.0,0,0
eclipse.pde.ui-20100428-1600,(default package),X,1,1,0,0,3,0,0,0,-1.0,0,0
eclipse.pde.ui-20100428-1600,(default package),X,1,1,0,0,3,0,0,0,-1.0,0,0
eclipse.pde.ui-20100428-1600,(default package),X,1,1,0,0,6,0,0,0,-1.0,0,0
eclipse.pde.ui-20100428-1600,(default package),X,1,1,0,0,6,0,0,0,-1.0,0,0
eclipse.pde.ui-20100428-1600,(default package),X,1,1,0,0,6,0,0,0,-1.0,0,0
eclipse.pde.ui-20100428-1600,(default package),X,1,1,0,0,6,0,0,0,-1.0,0,0
eclipse.pde.ui-20100428-1600,(default package),X,1,1,0,0,6,0,0,0,-1.0,0,0
eclipse.pde.ui-20100428-1600,(default package),X,1,1,0,0,6,0,0,0,-1.0,0,0
eclipse.pde.ui-20100428-1600,(default package),X,1,1,0,0,6,0,0,0,-1.0,0,0
eclipse.pde.ui-20100428-1600,(default package),X,0,0,0,0,5,0,0,0,-1.0,0,0
eclipse.pde.ui-20100428-1600,(default package),X,1,1,0,0,6,0,0,0,-1.0,0,0
eclipse.pde.ui-20100428-1600,(default package),X,0,0,0,0,5,0,0,0,-1.0,0,0
eclipse.pde.ui-20100428-1600,(default package),X,1,1,0,0,6,0,0,0,-1.0,0,0
eclipse.pde.ui-20100428-1600,(default package),X,0,0,0,0,5,0,0,0,-1.0,0,0
eclipse.pde.ui-20100428-1600,(default package),X,0,0,0,0,5,0,0,0,-1.0,0,0
eclipse.pde.ui-20100428-1600,(default package),X,1,1,0,0,6,0,0,0,-1.0,0,0
eclipse.pde.ui-20100428-1600,(default package),X,1,0,0,0,6,0,0,0,-1.0,0,0
eclipse.pde.ui-20100428-1600,(default package),X,1,0,0,0,6,0,0,0,-1.0,0,0
eclipse.pde.ui-20100428-1600,(default package),X,0,0,0,0,5,0,0,0,-1.0,0,0
eclipse.pde.ui-20100428-1600,(default package),X,1,1,0,0,6,0,0,0,-1.0,0,0
eclipse.pde.ui-20100428-1600,(default package),X,1,0,0,0,6,0,0,0,-1.0,0,0
eclipse.pde.ui-20100428-1600,(default package),X,1,0,0,0,6,0,0,0,-1.0,0,0
eclipse.pde.ui-20100428-1600,(default package),X,1,1,0,0,6,0,0,0,-1.0,0,0
eclipse.pde.ui-20100428-1600,(default package),X,1,1,0,0,6,0,0,0,-1.0,0,0
eclipse.pde.ui-20100428-1600,(default package),X,1,1,0,0,6,0,0,0,-1.0,0,0
eclipse.pde.ui-20100428-1600,(default package),X,1,1,0,0,6,0,0,0,-1.0,0,0
eclipse.pde.ui-20100428-1600,(default package),X,1,0,0,0,6,0,0,0,-1.0,0,0
eclipse.pde.ui-20100428-1600,(default package),X,1,0,0,0,6,0,0,0,-1.0,0,0
eclipse.pde.ui-20100428-1600,(default package),X,1,1,0,0,3,0,0,0,-1.0,0,1
eclipse.pde.ui-20100428-1600,(default package),Y,0,0,0,0,5,0,0,0,-1.0,0,0
eclipse.pde.ui-20100428-1600,(default package),X,1,1,0,0,3,0,0,0,-1.0,0,1
eclipse.pde.ui-20100428-1600,(default package),Y,0,0,0,0,5,0,0,0,-1.0,0,0
eclipse.pde.ui-20100428-1600,(default package),X,1,1,0,0,3,0,0,0,-1.0,0,1
eclipse.pde.ui-20100428-1600,(default package),Y,0,0,0,0,5,0,0,0,-1.0,0,0
eclipse.pde.ui-20100428-1600,(default package),X,1,1,0,0,3,0,0,0,-1.0,0,1
eclipse.pde.ui-20100428-1600,(default package),Y,0,0,0,0,5,0,0,0,-1.0,0,0
eclipse.pde.ui-20100428-1600,(default package),X,1,0,0,0,6,0,0,0,-1.0,0,0
eclipse.pde.ui-20100428-1600,(default package),X,1,1,0,0,6,0,0,0,-1.0,0,0
eclipse.pde.ui-20100428-1600,(default package),X,1,0,0,0,6,0,0,0,-1.0,0,0
eclipse.pde.ui-20100428-1600,(default package),X,1,1,0,0,6,0,0,0,-1.0,0,0
eclipse.pde.ui-20100428-1600,(default package),I,1,1,0,0,6,0,0,0,-1.0,0,0
eclipse.pde.ui-20100428-1600,(default package),I,1,1,0,0,6,0,0,0,-1.0,0,0
eclipse.pde.ui-20100428-1600,(default package),I,1,1,0,0,6,0,0,0,-1.0,0,0
eclipse.pde.ui-20100428-1600,(default package),I,1,1,0,0,6,0,0,0,-1.0,0,0
eclipse.pde.ui-20100428-1600,(default package),X,1,1,0,0,6,0,0,0,-1.0,0,0
eclipse.pde.ui-20100428-1600,(default package),X,1,1,0,0,3,0,0,0,-1.0,0,0
eclipse.pde.ui-20100428-1600,(default package),X,1,1,0,0,3,0,0,0,-1.0,0,0
eclipse.pde.ui-20100428-1600,(default package),X,1,1,0,0,6,0,0,0,-1.0,0,0
eclipse.pde.ui-20100428-1600,(default package),X,1,0,0,0,6,0,0,0,-1.0,0,0
eclipse.pde.ui-20100428-1600,(default package),X,1,1,0,0,6,0,0,0,-1.0,0,0
eclipse.pde.ui-20100428-1600,(default package),X,1,1,0,0,6,0,0,0,-1.0,0,0
eclipse.pde.ui-20100428-1600,(default package),X,1,0,0,0,6,0,0,0,-1.0,0,0
eclipse.pde.ui-20100428-1600,(default package),I,0,0,0,0,5,0,0,0,-1.0,0,0
eclipse.pde.ui-20100428-1600,(default package),I,0,0,1,1,6,1,0,0,-1.0,0,0
eclipse.pde.ui-20100428-1600,(default package),I,0,0,0,0,2,0,0,0,-1.0,0,0
eclipse.pde.ui-20100428-1600,(default package),I,0,0,0,0,5,0,0,0,-1.0,0,0
eclipse.pde.ui-20100428-1600,(default package),I,0,0,0,0,5,0,0,0,-1.0,0,0
eclipse.pde.ui-20100428-1600,(default package),I,0,0,0,0,2,0,0,0,-1.0,0,0
eclipse.pde.ui-20100428-1600,(default package),I,0,0,0,0,2,0,0,0,-1.0,0,0
eclipse.pde.ui-20100428-1600,(default package),I,0,0,0,0,2,0,0,0,-1.0,0,0
eclipse.pde.ui-20100428-1600,(default package),I,0,0,0,0,2,0,0,0,-1.0,0,0
eclipse.pde.ui-20100428-1600,(default package),I,0,0,0,0,2,0,0,0,-1.0,0,0
eclipse.pde.ui-20100428-1600,(default package),I,0,0,0,0,5,0,0,0,-1.0,0,0
eclipse.pde.ui-20100428-1600,(default package),J,0,0,1,0,6,1,0,0,-1.0,0,0
eclipse.pde.ui-20100428-1600,(default package),I,0,0,1,0,6,1,0,0,-1.0,0,0
eclipse.pde.ui-20100428-1600,(default package),J,0,0,0,0,5,0,0,0,-1.0,0,0
eclipse.pde.ui-20100428-1600,(default package),I,0,0,0,0,5,0,0,0,-1.0,0,0
eclipse.pde.ui-20100428-1600,(default package),J,0,0,1,0,6,1,0,0,-1.0,0,0
eclipse.pde.ui-20100428-1600,(default package),I,0,0,1,0,6,1,0,0,-1.0,0,0
eclipse.pde.ui-20100428-1600,(default package),J,0,0,0,0,5,0,0,0,-1.0,0,0
eclipse.pde.ui-20100428-1600,(default package),I,0,0,0,0,9,0,0,0,-1.0,0,0
eclipse.pde.ui-20100428-1600,(default package),Y,0,0,0,0,2,0,0,0,-1.0,0,0
eclipse.pde.ui-20100428-1600,(default package),Z,0,0,0,0,2,0,0,0,-1.0,0,0
eclipse.pde.ui-20100428-1600,(default package),I,0,0,0,0,7,0,0,0,-1.0,0,0
eclipse.pde.ui-20100428-1600,(default package),Y,0,0,0,0,2,0,0,0,-1.0,0,0
eclipse.pde.ui-20100428-1600,(default package),I,0,0,0,0,5,0,0,0,-1.0,0,0
eclipse.pde.ui-20100428-1600,(default package),I,1,0,0,0,6,0,0,0,-1.0,0,0
eclipse.pde.ui-20100428-1600,(default package),I,0,0,0,0,9,0,0,0,-1.0,0,0
eclipse.pde.ui-20100428-1600,(default package),Y,0,0,0,0,2,0,0,0,-1.0,0,0
eclipse.pde.ui-20100428-1600,(default package),Z,0,0,0,0,2,0,0,0,-1.0,0,0
eclipse.pde.ui-20100428-1600,(default package),I,0,0,0,0,5,0,0,0,-1.0,0,0
eclipse.pde.ui-20100428-1600,(default package),I,0,0,0,0,5,0,0,0,-1.0,0,0
eclipse.pde.ui-20100428-1600,(default package),I,0,0,0,0,7,0,0,0,-1.0,0,0
eclipse.pde.ui-20100428-1600,(default package),Y,0,0,0,0,2,0,0,0,-1.0,0,0
eclipse.pde.ui-20100428-1600,(default package),I,0,0,0,0,9,0,0,0,-1.0,0,0
eclipse.pde.ui-20100428-1600,(default package),Y,0,0,0,0,2,0,0,0,-1.0,0,0
eclipse.pde.ui-20100428-1600,(default package),Z,0,0,0,0,2,0,0,0,-1.0,0,0
eclipse.pde.ui-20100428-1600,(default package),I,0,0,0,0,5,0,0,0,-1.0,0,0
eclipse.pde.ui-20100428-1600,(default package),I,0,0,0,0,5,0,0,0,-1.0,0,0
eclipse.pde.ui-20100428-1600,(default package),J,1,0,0,0,6,0,0,0,-1.0,0,0
eclipse.pde.ui-20100428-1600,(default package),I,1,0,0,0,6,0,0,0,-1.0,0,0
eclipse.pde.ui-20100428-1600,(default package),J,0,0,0,0,5,0,0,0,-1.0,0,0
eclipse.pde.ui-20100428-1600,(default package),I,0,0,1,0,6,1,0,0,-1.0,0,0
eclipse.pde.ui-20100428-1600,(default package),I,0,0,1,0,6,1,0,0,-1.0,0,0
eclipse.pde.ui-20100428-1600,(default package),I,1,0,3,0,9,3,0,0,-1.0,0,0
eclipse.pde.ui-20100428-1600,(default package),I,1,0,3,0,9,3,0,0,-1.0,0,0
eclipse.pde.ui-20100428-1600,(default package),I,0,0,0,0,5,0,0,0,-1.0,0,0
eclipse.pde.ui-20100428-1600,(default package),J,0,0,1,0,6,1,0,0,-1.0,0,0
eclipse.pde.ui-20100428-1600,(default package),I,0,0,1,0,6,1,0,0,-1.0,0,0
eclipse.pde.ui-20100428-1600,(default package),J,0,0,0,0,5,0,0,0,-1.0,0,0
eclipse.pde.ui-20100428-1600,(default package),I,0,0,0,0,5,0,0,0,-1.0,0,0
eclipse.pde.ui-20100428-1600,(default package),J,0,0,1,0,6,1,0,0,-1.0,0,0
eclipse.pde.ui-20100428-1600,(default package),I,0,0,1,0,6,1,0,0,-1.0,0,0
eclipse.pde.ui-20100428-1600,(default package),J,0,0,0,0,5,0,0,0,-1.0,0,0
eclipse.pde.ui-20100428-1600,(default package),X,0,0,0,0,5,0,0,0,-1.0,0,0
eclipse.pde.ui-20100428-1600,(default package),X,0,0,0,0,2,0,0,0,-1.0,0,0
eclipse.pde.ui-20100428-1600,(default package),I,0,0,0,0,5,0,0,0,-1.0,0,0
eclipse.pde.ui-20100428-1600,(default package),I,0,0,0,0,5,0,0,0,-1.0,0,0
eclipse.pde.ui-20100428-1600,(default package),X,0,0,0,0,2,0,0,0,-1.0,0,0
eclipse.pde.ui-20100428-1600,(default package),X,0,0,0,0,5,0,0,0,-1.0,0,0
eclipse.pde.ui-20100428-1600,(default package),I,0,0,0,0,5,0,0,0,-1.0,0,0
eclipse.pde.ui-20100428-1600,(default package),I,0,0,0,0,5,0,0,0,-1.0,0,0
eclipse.pde.ui-20100428-1600,(default package),I,0,0,0,0,5,0,0,0,-1.0,0,0
eclipse.pde.ui-20100428-1600,(default package),I,0,0,0,0,5,0,0,0,-1.0,0,0
eclipse.pde.ui-20100428-1600,(default package),I,0,0,0,0,5,0,0,0,-1.0,0,0
eclipse.pde.ui-20100428-1600,(default package),I,0,0,0,0,5,0,0,0,-1.0,0,0
eclipse.pde.ui-20100428-1600,(default package),I,0,0,0,0,2,0,0,0,-1.0,0,0
eclipse.pde.ui-20100428-1600,(default package),I,0,0,0,0,2,0,0,0,-1.0,0,0
eclipse.pde.ui-20100428-1600,(default package),I,0,0,0,0,2,0,0,0,-1.0,0,0
eclipse.pde.ui-20100428-1600,(default package),I,0,0,0,0,2,0,0,0,-1.0,0,0
eclipse.pde.ui-20100428-1600,(default package),X,0,0,1,1,8,1,0,0,-1.0,0,0
eclipse.pde.ui-20100428-1600,(default package),X,0,0,1,1,8,1,0,0,-1.0,0,0
eclipse.pde.ui-20100428-1600,(default package),X,0,0,1,1,7,1,0,0,-1.0,0,0
eclipse.pde.ui-20100428-1600,(default package),X,0,0,1,1,7,1,0,0,-1.0,0,0
eclipse.pde.ui-20100428-1600,(default package),X,0,0,1,1,8,1,0,0,-1.0,0,0
eclipse.pde.ui-20100428-1600,(default package),X,0,0,0,0,5,0,0,0,-1.0,0,0
eclipse.pde.ui-20100428-1600,(default package),X,0,0,1,1,9,1,0,0,-1.0,0,0
eclipse.pde.ui-20100428-1600,(default package),X,0,0,1,1,9,1,0,0,-1.0,0,0
eclipse.pde.ui-20100428-1600,(default package),X,0,0,1,1,7,1,0,0,-1.0,0,0
eclipse.pde.ui-20100428-1600,(default package),X,0,0,1,1,7,1,0,0,-1.0,0,0
eclipse.pde.ui-20100428-1600,(default package),X,0,0,1,1,5,1,0,0,-1.0,0,0
eclipse.pde.ui-20100428-1600,(default package),X,0,0,1,1,5,1,0,0,-1.0,0,0
eclipse.pde.ui-20100428-1600,(default package),X,0,0,1,1,4,1,0,0,-1.0,0,0
eclipse.pde.ui-20100428-1600,(default package),X,0,0,1,1,4,1,0,0,-1.0,0,0
eclipse.pde.ui-20100428-1600,(default package),X,0,0,1,1,7,1,0,0,-1.0,0,0
eclipse.pde.ui-20100428-1600,(default package),X,0,0,1,1,7,1,0,0,-1.0,0,0
eclipse.pde.ui-20100428-1600,(default package),X,0,0,1,0,7,1,0,0,-1.0,0,0
eclipse.pde.ui-20100428-1600,(default package),X,0,0,1,0,7,1,0,0,-1.0,0,0
eclipse.pde.ui-20100428-1600,(default package),X,0,0,1,0,7,1,0,0,-1.0,0,0
eclipse.pde.ui-20100428-1600,(default package),X,0,0,1,0,7,1,0,0,-1.0,0,0
eclipse.pde.ui-20100428-1600,(default package),X,0,0,1,1,7,1,0,0,-1.0,0,0
eclipse.pde.ui-20100428-1600,(default package),X,0,0,1,1,7,1,0,0,-1.0,0,0
eclipse.pde.ui-20100428-1600,(default package),X,0,0,1,0,7,1,0,0,-1.0,0,0
eclipse.pde.ui-20100428-1600,(default package),X,0,0,1,0,7,1,0,0,-1.0,0,0
eclipse.pde.ui-20100428-1600,(default package),X,0,0,1,0,7,1,0,0,-1.0,0,0
eclipse.pde.ui-20100428-1600,(default package),X,0,0,1,0,7,1,0,0,-1.0,0,0
eclipse.pde.ui-20100428-1600,(default package),X,0,0,1,1,4,1,0,0,-1.0,0,0
eclipse.pde.ui-20100428-1600,(default package),X,0,0,1,1,4,1,0,0,-1.0,0,0
eclipse.pde.ui-20100428-1600,(default package),X,0,0,1,0,7,1,0,0,-1.0,0,0
eclipse.pde.ui-20100428-1600,(default package),X,0,0,1,0,7,1,0,0,-1.0,0,0
eclipse.pde.ui-20100428-1600,(default package),X,0,0,1,1,7,1,0,0,-1.0,0,0
eclipse.pde.ui-20100428-1600,(default package),X,0,0,1,1,7,1,0,0,-1.0,0,0
eclipse.pde.ui-20100428-1600,(default package),X,0,0,1,1,7,1,0,0,-1.0,0,0
eclipse.pde.ui-20100428-1600,(default package),X,0,0,1,1,4,1,0,0,-1.0,0,0
eclipse.pde.ui-20100428-1600,(default package),X,0,0,1,1,4,1,0,0,-1.0,0,0
eclipse.pde.ui-20100428-1600,(default package),X,0,0,1,1,7,1,0,0,-1.0,0,0
eclipse.pde.ui-20100428-1600,(default package),X,0,0,1,0,7,1,0,0,-1.0,0,0
eclipse.pde.ui-20100428-1600,(default package),X,0,0,1,0,7,1,0,0,-1.0,0,0
eclipse.pde.ui-20100428-1600,(default package),X,0,0,1,0,7,1,0,0,-1.0,0,0
eclipse.pde.ui-20100428-1600,(default package),X,0,0,1,0,7,1,0,0,-1.0,0,0
eclipse.pde.ui-20100428-1600,(default package),X,0,0,1,0,7,1,0,0,-1.0,0,0
eclipse.pde.ui-20100428-1600,(default package),X,0,0,1,1,7,1,0,0,-1.0,0,0
eclipse.pde.ui-20100428-1600,(default package),X,0,0,1,0,7,1,0,0,-1.0,0,0
eclipse.pde.ui-20100428-1600,(default package),X,0,0,1,1,7,1,0,0,-1.0,0,0
eclipse.pde.ui-20100428-1600,(default package),X,0,0,1,0,7,1,0,0,-1.0,0,0
eclipse.pde.ui-20100428-1600,(default package),X,0,0,1,1,7,1,0,0,-1.0,0,0
eclipse.pde.ui-20100428-1600,(default package),X,0,0,1,1,7,1,0,0,-1.0,0,0
eclipse.pde.ui-20100428-1600,(default package),X,0,0,1,0,7,1,0,0,-1.0,0,0
eclipse.pde.ui-20100428-1600,(default package),X,0,0,1,1,7,1,0,0,-1.0,0,0
eclipse.pde.ui-20100428-1600,(default package),X,0,0,1,0,7,1,0,0,-1.0,0,0
eclipse.pde.ui-20100428-1600,(default package),X,0,0,1,1,8,1,0,0,-1.0,0,0
eclipse.pde.ui-20100428-1600,(default package),X,0,0,1,1,8,1,0,0,-1.0,0,0
eclipse.pde.ui-20100428-1600,(default package),X,0,0,1,1,7,1,0,0,-1.0,0,0
eclipse.pde.ui-20100428-1600,(default package),X,0,0,1,0,7,1,0,0,-1.0,0,0
eclipse.pde.ui-20100428-1600,(default package),X,0,0,1,1,7,1,0,0,-1.0,0,0
eclipse.pde.ui-20100428-1600,(default package),X,0,0,1,1,6,1,0,0,-1.0,0,0
eclipse.pde.ui-20100428-1600,(default package),X,0,0,1,1,6,1,0,0,-1.0,0,0
eclipse.pde.ui-20100428-1600,(default package),X,0,0,1,1,7,1,0,0,-1.0,0,0
eclipse.pde.ui-20100428-1600,(default package),X,0,0,1,1,7,1,0,0,-1.0,0,0
eclipse.pde.ui-20100428-1600,(default package),X,0,0,1,1,7,1,0,0,-1.0,0,0
eclipse.pde.ui-20100428-1600,(default package),X,0,0,1,1,7,1,0,0,-1.0,0,0
eclipse.pde.ui-20100428-1600,(default package),X,0,0,1,1,7,1,0,0,-1.0,0,0
eclipse.pde.ui-20100428-1600,(default package),X,0,0,1,1,7,1,0,0,-1.0,0,0
eclipse.pde.ui-20100428-1600,(default package),X,0,0,1,1,7,1,0,0,-1.0,0,0
eclipse.pde.ui-20100428-1600,(default package),X,0,0,1,1,7,1,0,0,-1.0,0,0
eclipse.pde.ui-20100428-1600,(default package),X,0,0,1,1,7,1,0,0,-1.0,0,0
eclipse.pde.ui-20100428-1600,(default package),X,0,0,1,1,7,1,0,0,-1.0,0,0
eclipse.pde.ui-20100428-1600,(default package),X,0,0,1,1,6,1,0,0,-1.0,0,0
eclipse.pde.ui-20100428-1600,(default package),X,0,0,1,1,6,1,0,0,-1.0,0,0
eclipse.pde.ui-20100428-1600,(default package),X,0,0,1,1,7,1,0,0,-1.0,0,0
eclipse.pde.ui-20100428-1600,(default package),X,0,0,1,1,7,1,0,0,-1.0,0,0
eclipse.pde.ui-20100428-1600,(default package),X,0,0,1,1,7,1,0,0,-1.0,0,0
eclipse.pde.ui-20100428-1600,(default package),X,0,0,1,1,8,1,0,0,-1.0,0,0
eclipse.pde.ui-20100428-1600,(default package),X,0,0,1,1,8,1,0,0,-1.0,0,0
eclipse.pde.ui-20100428-1600,(default package),X,0,0,1,1,7,1,0,0,-1.0,0,0
eclipse.pde.ui-20100428-1600,(default package),X,0,0,1,1,7,1,0,0,-1.0,0,0
eclipse.pde.ui-20100428-1600,(default package),X,0,0,1,1,7,1,0,0,-1.0,0,0
eclipse.pde.ui-20100428-1600,(default package),X,0,0,1,1,7,1,0,0,-1.0,0,0
eclipse.pde.ui-20100428-1600,(default package),X,0,0,1,1,7,1,0,0,-1.0,0,0
eclipse.pde.ui-20100428-1600,(default package),X,0,0,1,1,7,1,0,0,-1.0,0,0
eclipse.pde.ui-20100428-1600,(default package),X,0,0,1,1,7,1,0,0,-1.0,0,0
eclipse.pde.ui-20100428-1600,(default package),X,0,0,1,1,7,1,0,0,-1.0,0,0
eclipse.pde.ui-20100428-1600,(default package),X,0,0,1,1,7,1,0,0,-1.0,0,0
eclipse.pde.ui-20100428-1600,(default package),X,0,0,1,1,7,1,0,0,-1.0,0,0
eclipse.pde.ui-20100428-1600,(default package),X,0,0,1,1,7,1,0,0,-1.0,0,0
eclipse.pde.ui-20100428-1600,(default package),X,0,0,1,1,7,1,0,0,-1.0,0,0
eclipse.pde.ui-20100428-1600,(default package),X,0,0,1,1,4,1,0,0,-1.0,0,0
eclipse.pde.ui-20100428-1600,(default package),X,0,0,1,1,4,1,0,0,-1.0,0,0
eclipse.pde.ui-20100428-1600,(default package),X,0,0,1,1,7,1,0,0,-1.0,0,0
eclipse.pde.ui-20100428-1600,(default package),X,0,0,1,1,7,1,0,0,-1.0,0,0
eclipse.pde.ui-20100428-1600,(default package),X,0,0,1,1,7,1,0,0,-1.0,0,0
eclipse.pde.ui-20100428-1600,(default package),X,0,0,1,1,7,1,0,0,-1.0,0,0
eclipse.pde.ui-20100428-1600,(default package),X,0,0,1,1,7,1,0,0,-1.0,0,0
eclipse.pde.ui-20100428-1600,(default package),X,0,0,1,1,7,1,0,0,-1.0,0,0
eclipse.pde.ui-20100428-1600,(default package),X,0,0,1,1,8,1,0,0,-1.0,0,0
eclipse.pde.ui-20100428-1600,(default package),X,0,0,1,1,8,1,0,0,-1.0,0,0
eclipse.pde.ui-20100428-1600,(default package),X,0,0,1,1,7,1,0,0,-1.0,0,0
eclipse.pde.ui-20100428-1600,(default package),X,0,0,1,1,7,1,0,0,-1.0,0,0
eclipse.pde.ui-20100428-1600,(default package),X,0,0,1,1,4,1,0,0,-1.0,0,0
eclipse.pde.ui-20100428-1600,(default package),X,0,0,1,1,7,1,0,0,-1.0,0,0
eclipse.pde.ui-20100428-1600,(default package),X,0,0,1,1,7,1,0,0,-1.0,0,0
eclipse.pde.ui-20100428-1600,(default package),X,0,0,1,1,7,1,0,0,-1.0,0,0
eclipse.pde.ui-20100428-1600,(default package),X,0,0,1,1,7,1,0,0,-1.0,0,0
eclipse.pde.ui-20100428-1600,(default package),X,0,0,1,1,7,1,0,0,-1.0,0,0
eclipse.pde.ui-20100428-1600,(default package),X,0,0,1,0,8,1,0,0,-1.0,0,0
eclipse.pde.ui-20100428-1600,(default package),X,0,0,1,0,7,1,0,0,-1.0,0,0
eclipse.pde.ui-20100428-1600,(default package),X,0,0,1,0,7,1,0,0,-1.0,0,0
eclipse.pde.ui-20100428-1600,(default package),X,0,0,1,0,7,1,0,0,-1.0,0,0
eclipse.pde.ui-20100428-1600,(default package),X,0,0,1,1,6,1,0,0,-1.0,0,0
eclipse.pde.ui-20100428-1600,(default package),X,0,0,0,0,5,0,0,0,-1.0,0,0
eclipse.pde.ui-20100428-1600,(default package),X,0,0,1,1,8,1,0,0,-1.0,0,0
eclipse.pde.ui-20100428-1600,(default package),X,0,0,1,1,8,1,0,0,-1.0,0,0
eclipse.pde.ui-20100428-1600,(default package),X,0,0,1,1,7,1,0,0,-1.0,0,0
eclipse.pde.ui-20100428-1600,(default package),X,0,0,0,0,5,0,0,0,-1.0,0,0
eclipse.pde.ui-20100428-1600,(default package),X,0,0,1,1,7,1,0,0,-1.0,0,0
eclipse.pde.ui-20100428-1600,(default package),X,0,0,0,0,5,0,0,0,-1.0,0,0
eclipse.pde.ui-20100428-1600,(default package),X,0,0,1,1,7,1,0,0,-1.0,0,0
eclipse.pde.ui-20100428-1600,(default package),X,0,0,0,0,5,0,0,0,-1.0,0,0
eclipse.pde.ui-20100428-1600,(default package),X,0,0,1,1,7,1,0,0,-1.0,0,0
eclipse.pde.ui-20100428-1600,(default package),X,0,0,0,0,5,0,0,0,-1.0,0,0
eclipse.pde.ui-20100428-1600,(default package),X,0,0,1,0,7,1,0,0,-1.0,0,0
eclipse.pde.ui-20100428-1600,(default package),X,0,0,1,0,7,1,0,0,-1.0,0,0
eclipse.pde.ui-20100428-1600,(default package),X,0,0,1,1,7,1,0,0,-1.0,0,0
eclipse.pde.ui-20100428-1600,(default package),Y,0,0,1,1,7,1,0,0,-1.0,0,0
eclipse.pde.ui-20100428-1600,(default package),X,0,0,0,0,5,0,0,0,-1.0,0,0
eclipse.pde.ui-20100428-1600,(default package),Y,0,0,1,1,7,1,0,0,-1.0,0,0
eclipse.pde.ui-20100428-1600,(default package),X,0,0,1,0,7,1,0,0,-1.0,0,0
eclipse.pde.ui-20100428-1600,(default package),Y,0,0,1,0,7,1,0,0,-1.0,0,0
eclipse.pde.ui-20100428-1600,(default package),X,0,0,0,0,5,0,0,0,-1.0,0,0
eclipse.pde.ui-20100428-1600,(default package),Y,0,0,1,0,7,1,0,0,-1.0,0,0
eclipse.pde.ui-20100428-1600,(default package),X,0,0,1,1,8,1,0,0,-1.0,0,0
eclipse.pde.ui-20100428-1600,(default package),X,0,0,0,0,5,0,0,0,-1.0,0,0
eclipse.pde.ui-20100428-1600,(default package),X,0,0,1,1,8,1,0,0,-1.0,0,0
eclipse.pde.ui-20100428-1600,(default package),Y,0,0,0,0,5,0,0,0,-1.0,0,0
eclipse.pde.ui-20100428-1600,(default package),X,0,0,0,0,5,0,0,0,-1.0,0,0
eclipse.pde.ui-20100428-1600,(default package),Y,0,0,0,0,5,0,0,0,-1.0,0,0
eclipse.pde.ui-20100428-1600,(default package),X,0,0,1,1,7,1,0,0,-1.0,0,0
eclipse.pde.ui-20100428-1600,(default package),X,0,0,1,1,7,1,0,0,-1.0,0,0
eclipse.pde.ui-20100428-1600,(default package),X,0,0,1,1,8,1,0,0,-1.0,0,0
eclipse.pde.ui-20100428-1600,(default package),X,0,0,1,1,8,1,0,0,-1.0,0,0
eclipse.pde.ui-20100428-1600,(default package),X,0,0,1,1,7,1,0,0,-1.0,0,0
eclipse.pde.ui-20100428-1600,(default package),X,0,0,1,1,7,1,0,0,-1.0,0,0
eclipse.pde.ui-20100428-1600,(default package),X,0,0,1,0,7,1,0,0,-1.0,0,0
eclipse.pde.ui-20100428-1600,(default package),Y,0,0,0,0,5,0,0,0,-1.0,0,0
eclipse.pde.ui-20100428-1600,(default package),X,0,0,0,0,5,0,0,0,-1.0,0,0
eclipse.pde.ui-20100428-1600,(default package),Y,0,0,0,0,5,0,0,0,-1.0,0,0
eclipse.pde.ui-20100428-1600,(default package),I,0,0,1,0,6,1,0,0,-1.0,0,0
eclipse.pde.ui-20100428-1600,(default package),J,0,0,1,0,6,1,0,0,-1.0,0,0
eclipse.pde.ui-20100428-1600,(default package),I,0,0,0,0,5,0,0,0,-1.0,0,0
eclipse.pde.ui-20100428-1600,(default package),J,0,0,1,0,6,1,0,0,-1.0,0,0
eclipse.pde.ui-20100428-1600,(default package),X,0,0,1,1,7,1,0,0,-1.0,0,0
eclipse.pde.ui-20100428-1600,(default package),X,0,0,1,1,7,1,0,0,-1.0,0,0
eclipse.pde.ui-20100428-1600,(default package),X,0,0,1,1,7,1,0,0,-1.0,0,0
eclipse.pde.ui-20100428-1600,(default package),X,0,0,1,1,7,1,0,0,-1.0,0,0
eclipse.pde.ui-20100428-1600,(default package),X,0,0,1,1,7,1,0,0,-1.0,0,0
eclipse.pde.ui-20100428-1600,(default package),X,0,0,0,0,5,0,0,0,-1.0,0,0
eclipse.pde.ui-20100428-1600,(default package),X,0,0,1,1,7,1,0,0,-1.0,0,0
eclipse.pde.ui-20100428-1600,(default package),X,0,0,0,0,5,0,0,0,-1.0,0,0
eclipse.pde.ui-20100428-1600,(default package),X,0,0,1,1,7,1,0,0,-1.0,0,0
eclipse.pde.ui-20100428-1600,(default package),X,0,0,1,1,7,1,0,0,-1.0,0,0
eclipse.pde.ui-20100428-1600,(default package),X,0,0,1,1,7,1,0,0,-1.0,0,0
eclipse.pde.ui-20100428-1600,(default package),X,0,0,1,1,7,1,0,0,-1.0,0,0
eclipse.pde.ui-20100428-1600,(default package),X,0,0,2,2,9,2,0,0,-1.0,0,0
eclipse.pde.ui-20100428-1600,(default package),X,0,0,1,1,7,1,0,0,-1.0,0,0
eclipse.pde.ui-20100428-1600,(default package),X,0,0,1,1,7,1,0,0,-1.0,0,0
eclipse.pde.ui-20100428-1600,(default package),X,0,0,1,1,8,1,0,0,-1.0,0,0
eclipse.pde.ui-20100428-1600,(default package),X,0,0,2,2,9,2,0,0,-1.0,0,0
eclipse.pde.ui-20100428-1600,(default package),X,0,0,1,1,7,1,0,0,-1.0,0,0
eclipse.pde.ui-20100428-1600,(default package),X,0,0,1,1,7,1,0,0,-1.0,0,0
eclipse.pde.ui-20100428-1600,(default package),X,0,0,1,1,7,1,0,0,-1.0,0,0
eclipse.pde.ui-20100428-1600,(default package),X,0,0,1,1,7,1,0,0,-1.0,0,0
eclipse.pde.ui-20100428-1600,(default package),X,0,0,1,1,7,1,0,0,-1.0,0,0
eclipse.pde.ui-20100428-1600,(default package),X,0,0,0,0,5,0,0,0,-1.0,0,0
eclipse.pde.ui-20100428-1600,(default package),X,0,0,0,0,5,0,0,0,-1.0,0,0
eclipse.pde.ui-20100428-1600,(default package),X,0,0,0,0,5,0,0,0,-1.0,0,0
eclipse.pde.ui-20100428-1600,(default package),X,0,0,0,0,5,0,0,0,-1.0,0,0
eclipse.pde.ui-20100428-1600,(default package),X,0,0,0,0,5,0,0,0,-1.0,0,0
eclipse.pde.ui-20100428-1600,(default package),X,0,0,0,0,5,0,0,0,-1.0,0,0
eclipse.pde.ui-20100428-1600,(default package),X,0,0,0,0,5,0,0,0,-1.0,0,0
eclipse.pde.ui-20100428-1600,(default package),X,0,0,0,0,5,0,0,0,-1.0,0,0
eclipse.pde.ui-20100428-1600,(default package),X,0,0,0,0,5,0,0,0,-1.0,0,0
eclipse.pde.ui-20100428-1600,(default package),X,0,0,0,0,5,0,0,0,-1.0,0,0
eclipse.pde.ui-20100428-1600,(default package),X,0,0,0,0,5,0,0,0,-1.0,0,0
eclipse.pde.ui-20100428-1600,(default package),X,0,0,0,0,5,0,0,0,-1.0,0,0
eclipse.pde.ui-20100428-1600,(default package),X,0,0,2,2,9,2,0,0,-1.0,0,0
eclipse.pde.ui-20100428-1600,(default package),X,0,0,1,1,7,1,0,0,-1.0,0,0
eclipse.pde.ui-20100428-1600,(default package),X,0,0,0,0,5,0,0,0,-1.0,0,0
eclipse.pde.ui-20100428-1600,(default package),X,0,0,0,0,5,0,0,0,-1.0,0,0
eclipse.pde.ui-20100428-1600,(default package),X,0,0,0,0,5,0,0,0,-1.0,0,0
eclipse.pde.ui-20100428-1600,(default package),X,0,0,0,0,5,0,0,0,-1.0,0,0
eclipse.pde.ui-20100428-1600,(default package),X,0,0,2,2,9,2,0,0,-1.0,0,0
eclipse.pde.ui-20100428-1600,(default package),X,0,0,1,1,7,1,0,0,-1.0,0,0
eclipse.pde.ui-20100428-1600,(default package),X,0,0,2,2,9,2,0,0,-1.0,0,0
eclipse.pde.ui-20100428-1600,(default package),X,0,0,1,1,7,1,0,0,-1.0,0,0
eclipse.pde.ui-20100428-1600,(default package),X,0,0,1,1,7,1,0,0,-1.0,0,0
eclipse.pde.ui-20100428-1600,(default package),X,0,0,1,1,7,1,0,0,-1.0,0,0
eclipse.pde.ui-20100428-1600,(default package),X,0,0,0,0,5,0,0,0,-1.0,0,0
eclipse.pde.ui-20100428-1600,(default package),X,0,0,0,0,5,0,0,0,-1.0,0,0
eclipse.pde.ui-20100428-1600,(default package),X,0,0,0,0,5,0,0,0,-1.0,0,0
eclipse.pde.ui-20100428-1600,(default package),X,0,0,0,0,5,0,0,0,-1.0,0,0
eclipse.pde.ui-20100428-1600,(default package),X,0,0,0,0,5,0,0,0,-1.0,0,0
eclipse.pde.ui-20100428-1600,(default package),X,0,0,0,0,5,0,0,0,-1.0,0,0
eclipse.pde.ui-20100428-1600,(default package),X,0,0,0,0,5,0,0,0,-1.0,0,0
eclipse.pde.ui-20100428-1600,(default package),X,0,0,0,0,5,0,0,0,-1.0,0,0
eclipse.pde.ui-20100428-1600,(default package),X,0,0,0,0,5,0,0,0,-1.0,0,0
eclipse.pde.ui-20100428-1600,(default package),X,0,0,0,0,5,0,0,0,-1.0,0,0
eclipse.pde.ui-20100428-1600,(default package),X,1,1,0,0,6,0,0,0,-1.0,0,0
eclipse.pde.ui-20100428-1600,(default package),X,1,1,0,0,6,0,0,0,-1.0,0,0
eclipse.pde.ui-20100428-1600,(default package),X,1,0,4,4,12,4,0,0,1.0,0,0
eclipse.pde.ui-20100428-1600,(default package),X2,1,0,4,4,12,4,0,0,1.0,0,0
eclipse.pde.ui-20100428-1600,c,classref,0,0,0,0,4,0,0,0,-1.0,1,0
eclipse.pde.ui-20100428-1600,c,classref,0,0,0,0,5,0,0,0,-1.0,0,0
eclipse.pde.ui-20100428-1600,c,classref,0,0,0,0,4,0,0,0,-1.0,0,0
eclipse.pde.ui-20100428-1600,c,classref,0,0,0,0,5,0,0,0,-1.0,0,0
eclipse.pde.ui-20100428-1600,c,classref,0,0,0,0,4,0,0,0,-1.0,0,0
eclipse.pde.ui-20100428-1600,c,classref,0,0,0,0,6,0,0,0,-1.0,0,0
eclipse.pde.ui-20100428-1600,c,BaseImpl1,0,0,0,0,2,0,1,0,-1.0,0,0
eclipse.pde.ui-20100428-1600,c,BaseImpl1_2_3_4,0,0,0,0,2,0,0,0,-1.0,0,0
eclipse.pde.ui-20100428-1600,c,BaseImpl2,0,0,0,0,2,0,1,0,-1.0,0,0
eclipse.pde.ui-20100428-1600,c,BaseImpl3,0,0,0,0,2,0,0,1,-1.0,0,0
eclipse.pde.ui-20100428-1600,c,BaseImplExt,0,0,0,0,2,0,0,1,-1.0,0,0
eclipse.pde.ui-20100428-1600,c,ClassUsageClass,0,0,0,0,12,0,0,0,-1.0,4,0
eclipse.pde.ui-20100428-1600,c,inner,0,0,0,0,6,0,0,0,-1.0,0,0
eclipse.pde.ui-20100428-1600,c,outer,0,0,0,0,6,0,0,0,-1.0,0,0
eclipse.pde.ui-20100428-1600,c,GenericClassUsageClass,0,0,0,0,6,0,0,0,-1.0,2,0
eclipse.pde.ui-20100428-1600,c,NoExtendC,0,0,0,0,5,0,0,0,-1.0,0,0
eclipse.pde.ui-20100428-1600,c,NoInstantiateC,0,0,0,0,5,0,0,0,-1.0,0,0
eclipse.pde.ui-20100428-1600,i,interref,0,0,0,0,4,0,0,0,-1.0,0,0
eclipse.pde.ui-20100428-1600,i,interref,0,0,0,0,6,0,0,0,-1.0,0,0
eclipse.pde.ui-20100428-1600,i,interref,0,0,0,0,4,0,0,0,-1.0,0,0
eclipse.pde.ui-20100428-1600,i,interref,0,0,0,0,5,0,0,0,-1.0,0,0
eclipse.pde.ui-20100428-1600,i,interref,0,0,0,0,4,0,0,0,-1.0,0,0
eclipse.pde.ui-20100428-1600,i,interref,0,0,0,0,5,0,0,0,-1.0,0,0
eclipse.pde.ui-20100428-1600,i,IExtInterface1,0,0,0,0,2,0,1,1,-1.0,0,0
eclipse.pde.ui-20100428-1600,i,IExtInterface2,0,0,0,0,2,0,1,2,-1.0,0,0
eclipse.pde.ui-20100428-1600,i,IExtInterface3,0,0,0,0,2,0,0,3,-1.0,0,0
eclipse.pde.ui-20100428-1600,i,IExtInterface4,0,0,0,0,2,0,0,1,-1.0,0,0
eclipse.pde.ui-20100428-1600,i,IExtInterface5,0,0,0,0,2,0,0,1,-1.0,0,0
eclipse.pde.ui-20100428-1600,i,INoImpl1,0,0,0,0,5,0,1,0,-1.0,0,0
eclipse.pde.ui-20100428-1600,i,INoImpl2,0,0,0,0,5,0,2,0,-1.0,0,0
eclipse.pde.ui-20100428-1600,i,INoImpl3,0,0,0,0,5,0,0,0,-1.0,0,0
eclipse.pde.ui-20100428-1600,i,INoImpl4,0,0,0,0,5,0,1,0,-1.0,0,0
eclipse.pde.ui-20100428-1600,i,INoImpl5,0,0,0,0,2,0,0,2,-1.0,0,0
eclipse.pde.ui-20100428-1600,i,INoImpl6,0,0,0,0,2,0,1,1,-1.0,0,0
eclipse.pde.ui-20100428-1600,i,InterfaceUsageInterface,0,0,0,0,10,0,0,0,-1.0,5,0
eclipse.pde.ui-20100428-1600,i,Iinner,0,0,0,0,5,0,0,0,-1.0,0,0
eclipse.pde.ui-20100428-1600,i,InterfaceUsageInterface2,0,0,0,0,10,0,0,0,-1.0,3,0
eclipse.pde.ui-20100428-1600,i,Iinner,0,0,0,0,5,0,0,0,-1.0,0,0
eclipse.pde.ui-20100428-1600,i,NoExtendI,0,0,0,0,5,0,0,0,-1.0,0,0
eclipse.pde.ui-20100428-1600,pack.multi.part,mpClassRef,0,0,0,0,4,0,0,0,-1.0,1,0
eclipse.pde.ui-20100428-1600,pack.multi.part,mpClassRef,0,0,0,0,5,0,0,0,-1.0,0,0
eclipse.pde.ui-20100428-1600,pack.multi.part,mpClassRef,0,0,0,0,4,0,0,0,-1.0,0,0
eclipse.pde.ui-20100428-1600,pack.multi.part,mpClassRef,0,0,0,0,5,0,0,0,-1.0,0,0
eclipse.pde.ui-20100428-1600,m,constref,0,0,1,1,9,1,0,0,-1.0,0,0
eclipse.pde.ui-20100428-1600,m,constref,0,0,1,1,10,1,0,0,-1.0,0,0
eclipse.pde.ui-20100428-1600,m,methodref,0,0,1,1,8,1,0,0,-1.0,1,0
eclipse.pde.ui-20100428-1600,m,methodref,0,0,1,1,9,1,0,0,-1.0,0,0
eclipse.pde.ui-20100428-1600,m,methodref,0,0,1,1,8,1,0,0,-1.0,0,0
eclipse.pde.ui-20100428-1600,m,methodref,0,0,1,1,9,1,0,0,-1.0,0,0
eclipse.pde.ui-20100428-1600,m,ConstNoRef,0,0,1,1,10,1,0,0,-1.0,0,0
eclipse.pde.ui-20100428-1600,m,ConstructorUsageClass,0,0,6,6,53,6,0,0,-1.0,8,0
eclipse.pde.ui-20100428-1600,m,inner,0,0,2,2,17,2,0,0,-1.0,0,0
eclipse.pde.ui-20100428-1600,m,inner2,0,0,2,2,17,2,0,0,-1.0,0,0
eclipse.pde.ui-20100428-1600,m,outer2,0,0,2,2,17,2,0,0,-1.0,0,0
eclipse.pde.ui-20100428-1600,m,GenericMethodUsageClass,1,0,2,2,17,2,0,0,1.0,4,0
eclipse.pde.ui-20100428-1600,m,GenericMethodUsageClass2,0,0,1,1,7,1,0,0,-1.0,4,0
eclipse.pde.ui-20100428-1600,m,MethodUsageClass,0,0,15,15,88,15,0,0,-1.0,8,0
eclipse.pde.ui-20100428-1600,m,inner,0,0,6,6,34,6,0,0,-1.0,0,0
eclipse.pde.ui-20100428-1600,m,inner2,0,0,3,3,18,3,0,0,-1.0,0,0
eclipse.pde.ui-20100428-1600,m,outer,0,0,6,6,34,6,0,0,-1.0,0,0
eclipse.pde.ui-20100428-1600,m,MethodUsageImpl,0,0,3,3,19,3,0,1,-1.0,0,0
eclipse.pde.ui-20100428-1600,m,MethodUsageInterface,0,0,3,3,17,3,1,0,-1.0,4,0
eclipse.pde.ui-20100428-1600,f,fieldref,1,1,0,0,7,0,0,0,-1.0,1,0
eclipse.pde.ui-20100428-1600,f,fieldref,1,1,0,0,8,0,0,0,-1.0,0,0
eclipse.pde.ui-20100428-1600,f,FieldUsageClass,8,8,0,0,38,0,0,0,-1.0,17,0
eclipse.pde.ui-20100428-1600,f,inner,4,4,0,0,18,0,0,0,-1.0,0,0
eclipse.pde.ui-20100428-1600,f,FieldUsageInterface,5,4,0,0,24,0,0,0,-1.0,4,0
eclipse.pde.ui-20100428-1600,classes,Test1,0,0,0,0,5,0,0,0,-1.0,0,0
eclipse.pde.ui-20100428-1600,classes,Test10,2,0,1,1,17,1,0,0,0.0,0,0
eclipse.pde.ui-20100428-1600,classes,Test11,0,0,1,1,10,1,0,0,-1.0,0,0
eclipse.pde.ui-20100428-1600,classes,Test12,0,0,1,1,11,1,0,0,-1.0,0,0
eclipse.pde.ui-20100428-1600,classes,Test13,0,0,3,2,20,3,0,1,-1.0,0,1
eclipse.pde.ui-20100428-1600,classes,Super,0,0,1,0,5,1,1,0,-1.0,0,0
eclipse.pde.ui-20100428-1600,classes,Test13A,0,0,2,2,10,2,0,0,-1.0,1,0
eclipse.pde.ui-20100428-1600,classes,Test2,0,0,0,0,5,0,0,0,-1.0,0,0
eclipse.pde.ui-20100428-1600,classes,Test3,0,0,0,0,11,0,0,0,-1.0,0,0
eclipse.pde.ui-20100428-1600,classes,Inner,0,0,0,0,2,0,0,0,-1.0,0,0
eclipse.pde.ui-20100428-1600,classes,Inner2,0,0,0,0,4,0,0,0,-1.0,0,0
eclipse.pde.ui-20100428-1600,classes,Inner3,0,0,0,0,2,0,0,0,-1.0,0,0
eclipse.pde.ui-20100428-1600,classes,Test3Outer,0,0,0,0,4,0,0,0,-1.0,0,0
eclipse.pde.ui-20100428-1600,classes,Inner,0,0,0,0,2,0,0,0,-1.0,0,0
eclipse.pde.ui-20100428-1600,classes,Test4,0,0,0,0,10,0,0,0,-1.0,0,0
eclipse.pde.ui-20100428-1600,classes,Inner,0,0,0,0,4,0,0,0,-1.0,0,0
eclipse.pde.ui-20100428-1600,classes,Inner2,0,0,0,0,2,0,0,0,-1.0,0,0
eclipse.pde.ui-20100428-1600,classes,Inner2,0,0,0,0,2,0,0,0,-1.0,0,0
eclipse.pde.ui-20100428-1600,classes,Test4Outer,0,0,0,0,4,0,0,0,-1.0,0,0
eclipse.pde.ui-20100428-1600,classes,Inner,0,0,0,0,2,0,0,0,-1.0,0,0
eclipse.pde.ui-20100428-1600,classes,Test5,0,0,0,0,5,0,0,1,-1.0,0,0
eclipse.pde.ui-20100428-1600,classes,ITest5,0,0,0,0,2,0,1,0,-1.0,0,0
eclipse.pde.ui-20100428-1600,classes,Test6,0,0,1,1,8,1,0,1,-1.0,0,0
eclipse.pde.ui-20100428-1600,classes,Test6Abstract,0,0,0,0,2,0,1,0,-1.0,0,0
eclipse.pde.ui-20100428-1600,classes,Test7,0,0,12,4,41,12,0,0,-1.0,0,0
eclipse.pde.ui-20100428-1600,classes,Test8,0,0,2,1,11,2,0,0,-1.0,0,0
eclipse.pde.ui-20100428-1600,classes,Test8Outer,0,0,0,0,2,0,0,0,-1.0,0,0
eclipse.pde.ui-20100428-1600,classes,Test9,4,1,1,1,13,1,0,0,0.0,0,0
eclipse.pde.ui-20100428-1600,javadoc,JavadocTestClass1,0,0,0,0,5,0,0,0,-1.0,0,0
eclipse.pde.ui-20100428-1600,javadoc,JavadocTestClass2,0,0,0,0,7,0,0,0,-1.0,0,0
eclipse.pde.ui-20100428-1600,javadoc,Inner,0,0,0,0,2,0,0,0,-1.0,0,0
eclipse.pde.ui-20100428-1600,javadoc,JavadocTestClass3,0,0,2,1,9,2,0,0,-1.0,0,0
eclipse.pde.ui-20100428-1600,javadoc,JavadocTestClass4,2,1,0,0,7,0,0,0,-1.0,0,0
eclipse.pde.ui-20100428-1600,javadoc,JavadocTestClass5,2,1,0,0,11,0,0,0,-1.0,0,0
eclipse.pde.ui-20100428-1600,javadoc,Inner,2,1,0,0,6,0,0,0,-1.0,0,0
eclipse.pde.ui-20100428-1600,javadoc,Inner2,2,1,0,0,4,0,0,0,-1.0,0,0
eclipse.pde.ui-20100428-1600,javadoc,JavadocTestClass6,0,0,2,1,13,2,0,0,-1.0,0,0
eclipse.pde.ui-20100428-1600,javadoc,Inner,0,0,2,1,8,2,0,0,-1.0,0,0
eclipse.pde.ui-20100428-1600,javadoc,Inner2,0,0,2,1,6,2,0,0,-1.0,0,0
eclipse.pde.ui-20100428-1600,javadoc,JavadocTestClass7,1,1,1,1,5,1,0,0,0.0,0,0
eclipse.pde.ui-20100428-1600,javadoc,JavadocTestClass8,0,0,1,1,8,1,0,0,-1.0,0,0
eclipse.pde.ui-20100428-1600,x,C1,0,0,0,0,4,0,0,0,-1.0,0,0
eclipse.pde.ui-20100428-1600,x,C2,0,0,0,0,4,0,0,0,-1.0,0,0
eclipse.pde.ui-20100428-1600,x.y,C3,1,0,1,1,8,1,0,0,0.0,0,0
eclipse.pde.ui-20100428-1600,p.internal,X2,0,0,0,0,2,0,0,0,-1.0,0,0
eclipse.pde.ui-20100428-1600,p.internal,Y,0,0,1,1,4,1,0,0,-1.0,0,0
eclipse.pde.ui-20100428-1600,p.internal,Y,0,0,0,0,2,0,0,0,-1.0,0,0
eclipse.pde.ui-20100428-1600,internal.p,Z,0,0,0,0,2,0,0,0,-1.0,0,0
eclipse.pde.ui-20100428-1600,internal.p,Y,0,0,0,0,2,0,0,0,-1.0,0,0
eclipse.pde.ui-20100428-1600,internal.p,Y,0,0,0,0,2,0,0,0,-1.0,0,0
eclipse.pde.ui-20100428-1600,internal.p,Z,0,0,0,0,2,0,0,0,-1.0,0,0
eclipse.pde.ui-20100428-1600,internal.p,Y,0,0,0,0,2,0,0,0,-1.0,0,0
eclipse.pde.ui-20100428-1600,internal.p,Z,0,0,0,0,2,0,0,0,-1.0,0,0
eclipse.pde.ui-20100428-1600,internal.p,Y,0,0,0,0,2,0,0,0,-1.0,0,0
eclipse.pde.ui-20100428-1600,internal.p,Y,0,0,0,0,2,0,0,0,-1.0,0,0
eclipse.pde.ui-20100428-1600,internal.p,Y,0,0,0,0,2,0,0,0,-1.0,0,0
eclipse.pde.ui-20100428-1600,internal.p,Y,0,0,1,0,4,1,0,0,-1.0,0,0
eclipse.pde.ui-20100428-1600,internal.p,I,0,0,0,0,2,0,0,0,-1.0,0,0
eclipse.pde.ui-20100428-1600,internal.p,I,0,0,0,0,2,0,0,0,-1.0,0,0
eclipse.pde.ui-20100428-1600,internal.p,X,0,0,0,0,2,0,0,0,-1.0,0,0
eclipse.pde.ui-20100428-1600,internal.p,X,0,0,0,0,2,0,0,0,-1.0,0,0
eclipse.pde.ui-20100428-1600,internal.p,X,0,0,0,0,4,0,0,0,-1.0,0,0
eclipse.pde.ui-20100428-1600,internal.p,B,0,0,0,0,2,0,0,0,-1.0,0,0
eclipse.pde.ui-20100428-1600,internal.p,X,0,0,0,0,4,0,0,0,-1.0,0,0
eclipse.pde.ui-20100428-1600,internal.p,B,0,0,0,0,2,0,0,0,-1.0,0,0
eclipse.pde.ui-20100428-1600,internal.p,X,0,0,0,0,4,0,0,0,-1.0,0,0
eclipse.pde.ui-20100428-1600,internal.p,B,0,0,0,0,2,0,0,0,-1.0,0,0
eclipse.pde.ui-20100428-1600,internal.p,X,0,0,0,0,4,0,0,0,-1.0,0,0
eclipse.pde.ui-20100428-1600,internal.p,B,0,0,0,0,2,0,0,0,-1.0,0,0
eclipse.pde.ui-20100428-1600,internal.p,X,0,0,0,0,2,0,0,0,-1.0,0,0
eclipse.pde.ui-20100428-1600,internal.p,X,0,0,0,0,2,0,0,0,-1.0,0,0
eclipse.pde.ui-20100428-1600,internal.p,Y,0,0,0,0,2,0,0,0,-1.0,0,0
eclipse.pde.ui-20100428-1600,internal.p,Y,1,0,0,0,3,0,0,0,-1.0,0,0
eclipse.pde.ui-20100428-1600,internal.p,X,0,0,0,0,2,0,0,0,-1.0,0,0
eclipse.pde.ui-20100428-1600,internal.p,X,0,0,0,0,2,0,0,0,-1.0,0,0
eclipse.pde.ui-20100428-1600,internal,Y,0,0,1,1,3,1,0,0,-1.0,0,0
eclipse.pde.ui-20100428-1600,internal,Y,0,0,1,1,4,1,0,0,-1.0,0,0
eclipse.pde.ui-20100428-1600,org.eclipse.pde.api.tools.ui.internal,ActionFilterAdapterFactory,0,0,2,2,22,4,0,0,-1.0,1,0
eclipse.pde.ui-20100428-1600,org.eclipse.pde.api.tools.ui.internal,ApiImageDescriptor,5,2,12,3,103,17,0,0,0.0,3,3
eclipse.pde.ui-20100428-1600,org.eclipse.pde.api.tools.ui.internal,ApiToolsLabelProvider,1,0,8,4,202,48,0,0,0.25,0,12
eclipse.pde.ui-20100428-1600,org.eclipse.pde.api.tools.ui.internal,ApiUIPlugin,13,2,24,20,273,38,0,0,0.2916666666666667,42,7
eclipse.pde.ui-20100428-1600,org.eclipse.pde.api.tools.ui.internal,CompositeApiImageDescriptor,5,2,9,3,88,16,0,0,0.0,1,3
eclipse.pde.ui-20100428-1600,org.eclipse.pde.api.tools.ui.internal,IApiToolsConstants,33,33,0,0,138,0,0,0,-1.0,31,0
eclipse.pde.ui-20100428-1600,org.eclipse.pde.api.tools.ui.internal,IApiToolsHelpContextIds,17,17,0,0,65,0,0,0,-1.0,16,0
eclipse.pde.ui-20100428-1600,org.eclipse.pde.api.tools.ui.internal,JavaElementActionFilter,0,0,1,1,45,21,0,0,-1.0,0,0
eclipse.pde.ui-20100428-1600,org.eclipse.pde.api.tools.ui.internal,Messages,4,3,1,0,14,1,0,0,0.0,1,0
eclipse.pde.ui-20100428-1600,org.eclipse.pde.api.tools.ui.internal,SWTFactory,0,0,29,29,503,44,0,0,-1.0,22,1
eclipse.pde.ui-20100428-1600,org.eclipse.pde.api.tools.ui.internal,StringMatcher,11,0,13,7,277,72,0,0,0.0,3,1
eclipse.pde.ui-20100428-1600,org.eclipse.pde.api.tools.ui.internal,Position,2,0,3,3,14,3,0,0,0.0,0,0
eclipse.pde.ui-20100428-1600,org.eclipse.pde.api.tools.ui.internal.actions,ActionMessages,53,52,1,0,62,1,0,0,0.0,14,0
eclipse.pde.ui-20100428-1600,org.eclipse.pde.api.tools.ui.internal.actions,ApiToolingSetupObjectContribution,0,0,3,3,21,3,0,0,-1.0,0,3
eclipse.pde.ui-20100428-1600,org.eclipse.pde.api.tools.ui.internal.actions,CollapseAllAction,1,0,2,2,24,2,0,0,0.0,1,1
eclipse.pde.ui-20100428-1600,org.eclipse.pde.api.tools.ui.internal.actions,CompareWithAction,2,0,3,3,27,4,0,0,0.0,0,2
eclipse.pde.ui-20100428-1600,org.eclipse.pde.api.tools.ui.internal.actions,ConfigureProblemFiltersAction,1,0,4,3,47,8,0,0,0.5,0,4
eclipse.pde.ui-20100428-1600,org.eclipse.pde.api.tools.ui.internal.actions,DeltaSession,36,16,26,22,468,139,0,0,0.23076923076923078,5,14
eclipse.pde.ui-20100428-1600,org.eclipse.pde.api.tools.ui.internal.actions,TreeNode,29,16,18,16,258,58,0,0,0.16666666666666666,5,6
eclipse.pde.ui-20100428-1600,org.eclipse.pde.api.tools.ui.internal.actions,TreeModel,1,0,2,1,9,2,0,0,0.0,1,2
eclipse.pde.ui-20100428-1600,org.eclipse.pde.api.tools.ui.internal.actions,TreeBuilder,1,0,3,2,174,39,0,0,0.0,0,10
eclipse.pde.ui-20100428-1600,org.eclipse.pde.api.tools.ui.internal.actions,ExpandAllAction,1,0,2,2,24,2,0,0,0.0,1,3
eclipse.pde.ui-20100428-1600,org.eclipse.pde.api.tools.ui.internal.actions,ExportDialog,10,0,20,7,258,39,0,0,0.1,1,5
eclipse.pde.ui-20100428-1600,org.eclipse.pde.api.tools.ui.internal.actions,ExportSessionAction,4,0,4,3,159,30,0,0,0.5,1,11
eclipse.pde.ui-20100428-1600,org.eclipse.pde.api.tools.ui.internal.actions,NavigateAction,3,0,2,2,41,5,0,0,0.0,1,5
eclipse.pde.ui-20100428-1600,org.eclipse.pde.api.tools.ui.internal.actions,RemoveActiveSessionAction,0,0,2,2,26,4,0,0,-1.0,0,4
eclipse.pde.ui-20100428-1600,org.eclipse.pde.api.tools.ui.internal.actions,RemoveAllSessionsAction,0,0,2,2,16,2,0,0,-1.0,0,2
eclipse.pde.ui-20100428-1600,org.eclipse.pde.api.tools.ui.internal.actions,SelectSessionAction,1,0,5,5,42,7,0,0,1.0,0,6
eclipse.pde.ui-20100428-1600,org.eclipse.pde.api.tools.ui.internal.actions,TreeViewerNavigator,1,0,14,2,145,50,0,0,0.0,1,2
eclipse.pde.ui-20100428-1600,org.eclipse.pde.api.tools.ui.internal.completion,APIToolsJavadocCompletionProposal,4,0,15,15,87,19,0,0,0.5333333333333333,0,1
eclipse.pde.ui-20100428-1600,org.eclipse.pde.api.tools.ui.internal.completion,APIToolsJavadocCompletionProposalComputer,4,0,10,6,265,51,0,0,0.2,0,4
eclipse.pde.ui-20100428-1600,org.eclipse.pde.api.tools.ui.internal.completion,TagCollector,0,0,1,1,25,5,0,0,-1.0,0,1
eclipse.pde.ui-20100428-1600,org.eclipse.pde.api.tools.ui.internal.markers,ApiMarkerResolutionGenerator,1,0,6,2,182,34,0,0,0.0,2,11
eclipse.pde.ui-20100428-1600,org.eclipse.pde.api.tools.ui.internal.markers,CreateApiFilterOperation,2,0,3,2,94,14,0,0,0.0,2,11
eclipse.pde.ui-20100428-1600,org.eclipse.pde.api.tools.ui.internal.markers,DefaultApiProfileResolution,0,0,5,5,26,5,0,0,-1.0,0,4
eclipse.pde.ui-20100428-1600,org.eclipse.pde.api.tools.ui.internal.markers,DuplicateTagResolution,0,0,2,2,23,2,0,1,-1.0,0,2
eclipse.pde.ui-20100428-1600,org.eclipse.pde.api.tools.ui.internal.markers,FilterProblemResolution,4,0,9,7,132,23,1,0,0.3333333333333333,0,9
eclipse.pde.ui-20100428-1600,org.eclipse.pde.api.tools.ui.internal.markers,FilterProblemWithCommentResolution,0,0,3,3,33,5,0,1,-1.0,0,3
eclipse.pde.ui-20100428-1600,org.eclipse.pde.api.tools.ui.internal.markers,JavadocTagOperation,1,0,11,1,127,19,0,0,0.36363636363636365,0,3
eclipse.pde.ui-20100428-1600,org.eclipse.pde.api.tools.ui.internal.markers,MarkerMessages,60,59,1,0,69,1,0,0,0.0,16,0
eclipse.pde.ui-20100428-1600,org.eclipse.pde.api.tools.ui.internal.markers,NodeFinder,2,0,11,10,75,20,0,0,0.18181818181818182,3,0
eclipse.pde.ui-20100428-1600,org.eclipse.pde.api.tools.ui.internal.markers,OpenPropertyPageResolution,3,0,6,6,51,6,0,0,0.3333333333333333,0,5
eclipse.pde.ui-20100428-1600,org.eclipse.pde.api.tools.ui.internal.markers,RemoveFilterProblemResolution,3,0,7,7,114,18,0,0,0.2857142857142857,0,13
eclipse.pde.ui-20100428-1600,org.eclipse.pde.api.tools.ui.internal.markers,RemoveUnsupportedTagOperation,1,0,2,2,104,14,0,0,0.0,1,5
eclipse.pde.ui-20100428-1600,org.eclipse.pde.api.tools.ui.internal.markers,SinceTagResolution,2,0,6,6,59,12,0,0,0.3333333333333333,0,5
eclipse.pde.ui-20100428-1600,org.eclipse.pde.api.tools.ui.internal.markers,UnsupportedTagResolution,2,0,7,7,56,11,1,0,0.5714285714285714,0,6
eclipse.pde.ui-20100428-1600,org.eclipse.pde.api.tools.ui.internal.markers,UpdateBundleVersionOperation,2,0,3,2,52,14,0,0,0.0,1,10
eclipse.pde.ui-20100428-1600,org.eclipse.pde.api.tools.ui.internal.markers,UpdateProjectSettingResolution,3,0,6,5,59,9,0,0,0.5,0,6
eclipse.pde.ui-20100428-1600,org.eclipse.pde.api.tools.ui.internal.markers,UpdateProjectSettingsOperation,1,0,2,2,62,10,0,0,0.0,1,7
eclipse.pde.ui-20100428-1600,org.eclipse.pde.api.tools.ui.internal.markers,UpdateSinceTagOperation,3,0,2,2,160,27,0,0,0.0,1,6
eclipse.pde.ui-20100428-1600,org.eclipse.pde.api.tools.ui.internal.markers,VersionNumberingResolution,3,0,6,6,80,21,0,0,0.3333333333333333,0,7
eclipse.pde.ui-20100428-1600,org.eclipse.pde.api.tools.ui.internal.preferences,ApiBaselinePreferencePage,15,1,22,13,292,51,0,0,0.13636363636363635,3,10
eclipse.pde.ui-20100428-1600,org.eclipse.pde.api.tools.ui.internal.preferences,BaselineLabelProvider,0,0,1,0,8,1,0,0,-1.0,0,0
eclipse.pde.ui-20100428-1600,org.eclipse.pde.api.tools.ui.internal.preferences,ApiBaselinesConfigurationBlock,16,0,25,19,330,47,0,0,0.12,1,8
eclipse.pde.ui-20100428-1600,org.eclipse.pde.api.tools.ui.internal.preferences,ControlData,2,0,5,5,36,8,0,0,0.0,2,1
eclipse.pde.ui-20100428-1600,org.eclipse.pde.api.tools.ui.internal.preferences,Key,2,0,6,5,76,11,0,0,0.0,4,0
eclipse.pde.ui-20100428-1600,org.eclipse.pde.api.tools.ui.internal.preferences,ApiErrorsWarningsConfigurationBlock,125,0,51,29,940,123,0,0,0.058823529411764705,2,10
eclipse.pde.ui-20100428-1600,org.eclipse.pde.api.tools.ui.internal.preferences,ControlData,2,0,5,5,36,8,0,0,0.0,0,1
eclipse.pde.ui-20100428-1600,org.eclipse.pde.api.tools.ui.internal.preferences,Key,2,0,6,5,76,11,0,0,0.3333333333333333,0,0
eclipse.pde.ui-20100428-1600,org.eclipse.pde.api.tools.ui.internal.preferences,SetAllSelectionAdapter,2,0,2,2,24,6,0,0,0.0,0,0
eclipse.pde.ui-20100428-1600,org.eclipse.pde.api.tools.ui.internal.preferences,ApiErrorsWarningsPreferencePage,4,1,10,7,94,18,0,0,0.3,1,8
eclipse.pde.ui-20100428-1600,org.eclipse.pde.api.tools.ui.internal.preferences,PreferenceMessages,144,143,1,0,151,1,0,0,0.0,7,0
eclipse.pde.ui-20100428-1600,org.eclipse.pde.api.tools.ui.internal.preferences,ProjectSelectionDialog,6,0,11,7,130,16,0,0,0.36363636363636365,1,6
eclipse.pde.ui-20100428-1600,org.eclipse.pde.api.tools.ui.internal.preferences,ApiJavaElementContentProvider,0,0,1,1,22,4,0,0,-1.0,0,1
eclipse.pde.ui-20100428-1600,org.eclipse.pde.api.tools.ui.internal.properties,ApiErrorsWarningsPropertyPage,4,0,11,6,108,19,0,0,0.18181818181818182,0,6
eclipse.pde.ui-20100428-1600,org.eclipse.pde.api.tools.ui.internal.properties,ApiFiltersPropertyPage,10,0,27,18,420,79,0,0,0.2222222222222222,0,15
eclipse.pde.ui-20100428-1600,org.eclipse.pde.api.tools.ui.internal.properties,CommentChange,2,0,3,3,18,3,0,0,0.0,0,1
eclipse.pde.ui-20100428-1600,org.eclipse.pde.api.tools.ui.internal.properties,ApiFilterComparator,0,0,1,1,11,2,0,0,-1.0,0,0
eclipse.pde.ui-20100428-1600,org.eclipse.pde.api.tools.ui.internal.properties,TreeContentProvider,0,0,6,6,40,9,0,0,-1.0,0,1
eclipse.pde.ui-20100428-1600,org.eclipse.pde.api.tools.ui.internal.properties,PropertiesMessages,11,10,1,0,18,1,0,0,0.0,2,0
eclipse.pde.ui-20100428-1600,org.eclipse.pde.api.tools.ui.internal.refactoring,FilterChange,5,0,12,6,94,16,1,0,0.25,1,4
eclipse.pde.ui-20100428-1600,org.eclipse.pde.api.tools.ui.internal.refactoring,FilterDeleteParticipant,1,0,5,4,36,8,0,0,0.6,0,2
eclipse.pde.ui-20100428-1600,org.eclipse.pde.api.tools.ui.internal.refactoring,FilterMoveParticipant,1,0,5,4,36,8,0,0,0.6,0,2
eclipse.pde.ui-20100428-1600,org.eclipse.pde.api.tools.ui.internal.refactoring,FilterRenameParticipant,1,0,5,4,36,8,0,0,0.6,0,2
eclipse.pde.ui-20100428-1600,org.eclipse.pde.api.tools.ui.internal.refactoring,RefactoringMessages,5,4,1,0,14,1,0,0,0.0,5,0
eclipse.pde.ui-20100428-1600,org.eclipse.pde.api.tools.ui.internal.refactoring,RefactoringUtils,0,0,10,0,186,29,0,0,-1.0,4,8
eclipse.pde.ui-20100428-1600,org.eclipse.pde.api.tools.ui.internal.refactoring,TypeFilterChange,2,0,3,1,32,4,0,1,1.0,0,2
eclipse.pde.ui-20100428-1600,org.eclipse.pde.api.tools.ui.internal.use,ApiUseLaunchDelegate,25,25,2,2,68,2,0,0,1.0,3,2
eclipse.pde.ui-20100428-1600,org.eclipse.pde.api.tools.ui.internal.use,ApiUsePatternTab,15,0,24,19,313,56,0,0,0.25,0,8
eclipse.pde.ui-20100428-1600,org.eclipse.pde.api.tools.ui.internal.use,Labels,0,0,2,2,40,9,0,0,-1.0,0,2
eclipse.pde.ui-20100428-1600,org.eclipse.pde.api.tools.ui.internal.use,RegexValidator,0,0,1,1,14,2,0,0,-1.0,0,2
eclipse.pde.ui-20100428-1600,org.eclipse.pde.api.tools.ui.internal.use,Pattern,7,0,2,2,12,2,0,0,0.0,6,0
eclipse.pde.ui-20100428-1600,org.eclipse.pde.api.tools.ui.internal.use,ApiUseScanJob,2,0,16,2,398,61,0,0,0.125,1,23
eclipse.pde.ui-20100428-1600,org.eclipse.pde.api.tools.ui.internal.use,ApiUseScanTab,28,0,36,19,630,92,0,0,0.16666666666666666,0,12
eclipse.pde.ui-20100428-1600,org.eclipse.pde.api.tools.ui.internal.use,ApiUseTabGroup,0,0,1,1,7,1,0,0,-1.0,0,0
eclipse.pde.ui-20100428-1600,org.eclipse.pde.api.tools.ui.internal.use,ArchivePatternPage,5,0,9,7,94,18,0,1,0.3333333333333333,1,4
eclipse.pde.ui-20100428-1600,org.eclipse.pde.api.tools.ui.internal.use,DescriptionPatternPage,5,0,8,7,80,12,0,1,0.25,1,5
eclipse.pde.ui-20100428-1600,org.eclipse.pde.api.tools.ui.internal.use,Messages,94,93,1,0,103,1,0,0,0.0,10,0
eclipse.pde.ui-20100428-1600,org.eclipse.pde.api.tools.ui.internal.use,PatternSelectionPage,8,0,11,9,103,15,0,0,0.18181818181818182,1,7
eclipse.pde.ui-20100428-1600,org.eclipse.pde.api.tools.ui.internal.use,PatternElement,4,0,1,1,9,1,0,0,0.0,0,0
eclipse.pde.ui-20100428-1600,org.eclipse.pde.api.tools.ui.internal.use,LP,0,0,2,2,12,3,0,0,-1.0,0,1
eclipse.pde.ui-20100428-1600,org.eclipse.pde.api.tools.ui.internal.use,PatternWizard,2,0,6,6,83,15,0,0,0.3333333333333333,1,4
eclipse.pde.ui-20100428-1600,org.eclipse.pde.api.tools.ui.internal.use,ReportPatternPage,6,0,9,8,94,14,0,1,0.0,1,5
eclipse.pde.ui-20100428-1600,org.eclipse.pde.api.tools.ui.internal.use,UsePatternPage,1,0,6,2,33,6,3,0,0.8333333333333334,1,0
eclipse.pde.ui-20100428-1600,org.eclipse.pde.api.tools.ui.internal.views,APIToolingView,14,2,29,23,409,96,0,0,0.4827586206896552,3,19
eclipse.pde.ui-20100428-1600,org.eclipse.pde.api.tools.ui.internal.views,ViewContentProvider,1,0,6,6,33,10,0,0,0.6666666666666666,0,2
eclipse.pde.ui-20100428-1600,org.eclipse.pde.api.tools.ui.internal.views,ViewLabelProvider,0,0,3,2,178,52,0,0,-1.0,0,10
eclipse.pde.ui-20100428-1600,org.eclipse.pde.api.tools.ui.internal.wizards,ApiBaselineWizard,2,0,6,6,60,7,0,0,0.3333333333333333,1,4
eclipse.pde.ui-20100428-1600,org.eclipse.pde.api.tools.ui.internal.wizards,ApiBaselineWizardPage,14,0,32,24,523,81,0,0,0.34375,1,17
eclipse.pde.ui-20100428-1600,org.eclipse.pde.api.tools.ui.internal.wizards,EEEntry,1,0,2,2,15,2,0,0,0.0,0,0
eclipse.pde.ui-20100428-1600,org.eclipse.pde.api.tools.ui.internal.wizards,ContentProvider,0,0,6,6,47,10,0,0,-1.0,0,2
eclipse.pde.ui-20100428-1600,org.eclipse.pde.api.tools.ui.internal.wizards,ReloadOperation,2,0,3,2,102,13,0,0,0.0,0,10
eclipse.pde.ui-20100428-1600,org.eclipse.pde.api.tools.ui.internal.wizards,WorkingCopyOperation,2,0,3,3,43,5,0,0,0.0,1,5
eclipse.pde.ui-20100428-1600,org.eclipse.pde.api.tools.ui.internal.wizards,ApiToolingSetupRefactoring,1,0,6,6,44,11,0,0,0.5,2,1
eclipse.pde.ui-20100428-1600,org.eclipse.pde.api.tools.ui.internal.wizards,ApiToolingSetupWizard,0,0,3,2,23,3,0,0,-1.0,1,1
eclipse.pde.ui-20100428-1600,org.eclipse.pde.api.tools.ui.internal.wizards,ApiToolingSetupWizardPage,11,0,26,16,394,69,0,0,0.15384615384615385,0,14
eclipse.pde.ui-20100428-1600,org.eclipse.pde.api.tools.ui.internal.wizards,UpdateJob,1,0,3,3,39,4,0,0,0.6666666666666666,0,1
eclipse.pde.ui-20100428-1600,org.eclipse.pde.api.tools.ui.internal.wizards,StringFilter,2,0,2,2,30,6,0,0,0.0,1,1
eclipse.pde.ui-20100428-1600,org.eclipse.pde.api.tools.ui.internal.wizards,CompareOperation,2,0,8,3,177,32,0,0,0.5,2,15
eclipse.pde.ui-20100428-1600,org.eclipse.pde.api.tools.ui.internal.wizards,CompareToBaselineWizard,1,0,3,3,22,3,0,0,0.6666666666666666,1,0
eclipse.pde.ui-20100428-1600,org.eclipse.pde.api.tools.ui.internal.wizards,CompareToBaselineWizardPage,6,0,10,4,168,24,0,0,0.0,0,14
eclipse.pde.ui-20100428-1600,org.eclipse.pde.api.tools.ui.internal.wizards,ProjectUpdateChange,1,0,6,6,50,8,0,0,0.5,0,7
eclipse.pde.ui-20100428-1600,org.eclipse.pde.api.tools.ui.internal.wizards,WizardMessages,48,47,1,0,55,1,0,0,0.0,10,0
eclipse.pde.ui-20100428-1600,org.eclipse.pde.api.tools.internal,AnyValue,0,0,3,3,14,3,0,0,-1.0,1,0
eclipse.pde.ui-20100428-1600,org.eclipse.pde.api.tools.internal,ApiAccess,2,1,7,7,54,10,0,0,0.0,1,2
eclipse.pde.ui-20100428-1600,org.eclipse.pde.api.tools.internal,NormalAccess,0,0,1,1,5,1,0,0,-1.0,0,1
eclipse.pde.ui-20100428-1600,org.eclipse.pde.api.tools.internal,ApiAnnotations,5,4,6,6,38,7,0,0,0.0,1,3
eclipse.pde.ui-20100428-1600,org.eclipse.pde.api.tools.internal,ApiBaselineManager,12,1,29,18,541,88,0,0,0.1724137931034483,21,13
eclipse.pde.ui-20100428-1600,org.eclipse.pde.api.tools.internal,ApiDescription,12,0,36,22,500,84,1,0,0.05555555555555555,4,12
eclipse.pde.ui-20100428-1600,org.eclipse.pde.api.tools.internal,ManifestNode,5,0,9,5,140,24,2,0,0.2222222222222222,4,6
eclipse.pde.ui-20100428-1600,org.eclipse.pde.api.tools.internal,ApiDescriptionManager,3,1,18,8,336,56,0,0,0.3888888888888889,6,16
eclipse.pde.ui-20100428-1600,org.eclipse.pde.api.tools.internal,ApiDescriptionProcessor,9,0,28,11,669,110,0,0,0.2857142857142857,6,23
eclipse.pde.ui-20100428-1600,org.eclipse.pde.api.tools.internal,DescriptionVisitor,5,0,5,3,98,12,0,0,0.0,1,7
eclipse.pde.ui-20100428-1600,org.eclipse.pde.api.tools.internal,ASTTagVisitor,4,0,11,5,208,44,0,0,0.0,1,9
eclipse.pde.ui-20100428-1600,org.eclipse.pde.api.tools.internal,ApiDescriptionXmlCreator,6,0,6,5,147,17,0,0,0.3333333333333333,3,10
eclipse.pde.ui-20100428-1600,org.eclipse.pde.api.tools.internal,ApiFilterStore,10,2,28,19,820,174,0,0,0.14285714285714285,6,12
eclipse.pde.ui-20100428-1600,org.eclipse.pde.api.tools.internal,ApiJavadocTag,6,0,12,11,114,18,0,0,0.0,1,1
eclipse.pde.ui-20100428-1600,org.eclipse.pde.api.tools.internal,ApiPluginPreferenceInitializer,0,0,2,2,44,4,0,0,-1.0,0,2
eclipse.pde.ui-20100428-1600,org.eclipse.pde.api.tools.internal,BundleVersionRange,1,0,10,10,49,11,0,0,0.0,1,1
eclipse.pde.ui-20100428-1600,org.eclipse.pde.api.tools.internal,CRCVisitor,1,0,2,2,36,7,0,0,0.0,3,2
eclipse.pde.ui-20100428-1600,org.eclipse.pde.api.tools.internal,CompilationUnit,3,0,5,5,50,7,0,0,0.0,7,0
eclipse.pde.ui-20100428-1600,org.eclipse.pde.api.tools.internal,CompositeApiDescription,1,0,13,13,81,24,0,0,0.5384615384615384,0,6
eclipse.pde.ui-20100428-1600,org.eclipse.pde.api.tools.internal,CoreMessages,8,7,1,0,17,1,0,0,0.0,2,0
eclipse.pde.ui-20100428-1600,org.eclipse.pde.api.tools.internal,IApiCoreConstants,9,9,0,0,42,0,0,0,-1.0,15,0
eclipse.pde.ui-20100428-1600,org.eclipse.pde.api.tools.internal,IApiXmlConstants,86,84,0,0,321,0,0,0,-1.0,26,1
eclipse.pde.ui-20100428-1600,org.eclipse.pde.api.tools.internal,JavadocTagManager,2,0,6,5,120,14,0,0,0.0,6,3
eclipse.pde.ui-20100428-1600,org.eclipse.pde.api.tools.internal,NonApiProjectDescription,0,0,2,1,21,3,0,2,-1.0,0,1
eclipse.pde.ui-20100428-1600,org.eclipse.pde.api.tools.internal,ProjectApiDescription,10,2,30,12,627,99,1,1,0.1,3,22
eclipse.pde.ui-20100428-1600,org.eclipse.pde.api.tools.internal,PackageNode,1,0,4,2,59,10,0,1,0.0,0,5
eclipse.pde.ui-20100428-1600,org.eclipse.pde.api.tools.internal,TypeNode,4,0,4,2,154,20,0,1,0.0,1,11
eclipse.pde.ui-20100428-1600,org.eclipse.pde.api.tools.internal,RequiredComponentDescription,4,0,9,9,64,10,0,0,0.2222222222222222,1,2
eclipse.pde.ui-20100428-1600,org.eclipse.pde.api.tools.internal,SessionManager,3,0,11,8,77,22,0,0,0.0,0,2
eclipse.pde.ui-20100428-1600,org.eclipse.pde.api.tools.internal,SystemApiDescriptionProcessor,0,0,10,2,227,32,0,0,-1.0,1,16
eclipse.pde.ui-20100428-1600,org.eclipse.pde.api.tools.internal,TypeAnnotations,2,0,4,4,24,4,0,0,0.0,2,1
eclipse.pde.ui-20100428-1600,org.eclipse.pde.api.tools.internal,WorkspaceDeltaProcessor,3,0,4,3,238,61,0,0,0.0,1,4
eclipse.pde.ui-20100428-1600,org.eclipse.pde.api.tools.internal.builder,AbstractIllegalMethodReference,2,0,5,1,48,8,2,1,0.6,0,6
eclipse.pde.ui-20100428-1600,org.eclipse.pde.api.tools.internal.builder,AbstractIllegalTypeReference,1,0,9,1,65,13,3,1,0.6666666666666666,0,5
eclipse.pde.ui-20100428-1600,org.eclipse.pde.api.tools.internal.builder,AbstractLeakProblemDetector,1,0,3,1,57,9,2,1,0.6666666666666666,0,5
eclipse.pde.ui-20100428-1600,org.eclipse.pde.api.tools.internal.builder,AbstractProblemDetector,2,0,26,4,508,87,5,0,0.2692307692307692,1,15
eclipse.pde.ui-20100428-1600,org.eclipse.pde.api.tools.internal.builder,AbstractTypeLeakDetector,0,0,9,2,83,17,3,2,-1.0,0,8
eclipse.pde.ui-20100428-1600,org.eclipse.pde.api.tools.internal.builder,ApiAnalysisBuilder,11,0,26,2,738,128,0,0,0.0,5,19
eclipse.pde.ui-20100428-1600,org.eclipse.pde.api.tools.internal.builder,BaseApiAnalyzer,11,0,47,6,1656,309,0,0,0.06382978723404255,2,42
eclipse.pde.ui-20100428-1600,org.eclipse.pde.api.tools.internal.builder,ReexportedBundleVersionInfo,2,0,1,0,8,1,0,0,0.0,1,0
eclipse.pde.ui-20100428-1600,org.eclipse.pde.api.tools.internal.builder,BuildContext,5,0,19,19,150,39,0,0,0.10526315789473684,1,0
eclipse.pde.ui-20100428-1600,org.eclipse.pde.api.tools.internal.builder,BuildStamps,1,0,2,2,32,4,0,0,0.0,5,0
eclipse.pde.ui-20100428-1600,org.eclipse.pde.api.tools.internal.builder,BuildState,8,0,22,16,432,64,0,0,0.09090909090909091,9,8
eclipse.pde.ui-20100428-1600,org.eclipse.pde.api.tools.internal.builder,BuilderMessages,57,56,1,0,64,1,0,0,0.0,27,0
eclipse.pde.ui-20100428-1600,org.eclipse.pde.api.tools.internal.builder,IllegalExtendsProblemDetector,3,0,12,4,214,44,0,2,0.5,1,7
eclipse.pde.ui-20100428-1600,org.eclipse.pde.api.tools.internal.builder,MethodFinder,3,0,3,3,55,11,0,0,0.0,0,1
eclipse.pde.ui-20100428-1600,org.eclipse.pde.api.tools.internal.builder,IllegalFieldReferenceDetector,2,0,11,2,63,13,0,1,0.8181818181818182,1,6
eclipse.pde.ui-20100428-1600,org.eclipse.pde.api.tools.internal.builder,IllegalImplementsProblemDetector,1,0,11,2,164,38,0,2,0.5454545454545454,1,11
eclipse.pde.ui-20100428-1600,org.eclipse.pde.api.tools.internal.builder,IllegalInstantiateProblemDetector,0,0,4,1,23,5,0,2,-1.0,1,3
eclipse.pde.ui-20100428-1600,org.eclipse.pde.api.tools.internal.builder,IllegalMethodReferenceDetector,0,0,6,1,34,8,0,2,-1.0,1,5
eclipse.pde.ui-20100428-1600,org.eclipse.pde.api.tools.internal.builder,IllegalOverrideProblemDetector,0,0,7,1,29,7,0,2,-1.0,1,5
eclipse.pde.ui-20100428-1600,org.eclipse.pde.api.tools.internal.builder,IncrementalApiBuilder,16,0,15,3,499,99,0,0,0.0,1,16
eclipse.pde.ui-20100428-1600,org.eclipse.pde.api.tools.internal.builder,Change,6,0,2,0,27,2,0,0,0.0,0,0
eclipse.pde.ui-20100428-1600,org.eclipse.pde.api.tools.internal.builder,ResourceDeltaVisitor,2,0,2,1,71,18,0,0,0.0,0,9
eclipse.pde.ui-20100428-1600,org.eclipse.pde.api.tools.internal.builder,LeakExtendsProblemDetector,0,0,9,3,149,31,0,3,-1.0,0,12
eclipse.pde.ui-20100428-1600,org.eclipse.pde.api.tools.internal.builder,LeakFieldProblemDetector,0,0,10,2,71,16,0,3,-1.0,0,10
eclipse.pde.ui-20100428-1600,org.eclipse.pde.api.tools.internal.builder,LeakImplementsProblemDetector,0,0,4,2,21,4,0,3,-1.0,0,3
eclipse.pde.ui-20100428-1600,org.eclipse.pde.api.tools.internal.builder,LeakParameterTypeDetector,0,0,4,2,25,5,0,3,-1.0,0,4
eclipse.pde.ui-20100428-1600,org.eclipse.pde.api.tools.internal.builder,LeakReturnTypeDetector,0,0,4,2,21,4,0,3,-1.0,0,3
eclipse.pde.ui-20100428-1600,org.eclipse.pde.api.tools.internal.builder,MethodLeakDetector,0,0,11,2,141,26,2,2,-1.0,0,15
eclipse.pde.ui-20100428-1600,org.eclipse.pde.api.tools.internal.builder,ProblemDetectorBuilder,15,4,12,5,258,42,0,0,0.0,2,15
eclipse.pde.ui-20100428-1600,org.eclipse.pde.api.tools.internal.builder,Reference,11,0,27,23,615,137,0,0,0.0,13,18
eclipse.pde.ui-20100428-1600,org.eclipse.pde.api.tools.internal.builder,ReferenceAnalyzer,9,0,12,9,279,42,0,0,0.16666666666666666,3,17
eclipse.pde.ui-20100428-1600,org.eclipse.pde.api.tools.internal.builder,Visitor,1,0,4,4,51,12,0,0,0.0,0,5
eclipse.pde.ui-20100428-1600,org.eclipse.pde.api.tools.internal.builder,ReferenceExtractor,44,2,75,53,1068,207,0,0,0.09333333333333334,4,18
eclipse.pde.ui-20100428-1600,org.eclipse.pde.api.tools.internal.builder,ClassFileSignatureVisitor,7,0,19,17,108,26,0,0,0.2631578947368421,0,2
eclipse.pde.ui-20100428-1600,org.eclipse.pde.api.tools.internal.builder,ClassFileMethodVisitor,8,0,15,14,300,70,0,0,0.13333333333333333,0,5
eclipse.pde.ui-20100428-1600,org.eclipse.pde.api.tools.internal.builder,FieldTracker,3,0,4,4,58,10,0,0,0.0,1,2
eclipse.pde.ui-20100428-1600,org.eclipse.pde.api.tools.internal.builder,LinePositionTracker,4,0,6,2,96,21,0,0,0.0,2,3
eclipse.pde.ui-20100428-1600,org.eclipse.pde.api.tools.internal.builder,LabelInfo,2,2,2,2,13,2,0,0,0.0,2,1
eclipse.pde.ui-20100428-1600,org.eclipse.pde.api.tools.internal.builder,LineInfo,2,0,4,3,23,5,0,0,0.0,3,1
eclipse.pde.ui-20100428-1600,org.eclipse.pde.api.tools.internal.builder,LocalLineNumberMarker,2,0,3,3,18,4,0,0,0.0,3,1
eclipse.pde.ui-20100428-1600,org.eclipse.pde.api.tools.internal.builder,ReferenceResolver,1,0,5,2,126,19,0,0,0.4,4,5
eclipse.pde.ui-20100428-1600,org.eclipse.pde.api.tools.internal.builder,SinceTagChecker,7,0,16,14,152,34,0,0,0.1875,1,1
eclipse.pde.ui-20100428-1600,org.eclipse.pde.api.tools.internal.builder,SystemApiDetector,1,0,13,4,334,67,0,1,0.6923076923076923,1,15
eclipse.pde.ui-20100428-1600,org.eclipse.pde.api.tools.internal.builder,TagValidator,3,0,10,3,347,59,0,0,0.0,1,10
eclipse.pde.ui-20100428-1600,org.eclipse.pde.api.tools.internal.builder,TypeScope,2,0,8,8,98,19,0,0,0.375,0,7
eclipse.pde.ui-20100428-1600,org.eclipse.pde.api.tools.internal.comparator,ClassFileComparator,12,0,36,5,1764,420,0,0,0.05555555555555555,3,23
eclipse.pde.ui-20100428-1600,org.eclipse.pde.api.tools.internal.comparator,ComparatorMessages,4,3,1,0,13,1,0,0,0.0,1,0
eclipse.pde.ui-20100428-1600,org.eclipse.pde.api.tools.internal.comparator,Delta,15,2,23,22,255,68,0,0,0.13043478260869565,6,9
eclipse.pde.ui-20100428-1600,org.eclipse.pde.api.tools.internal.comparator,DeltaXmlVisitor,2,0,5,4,73,11,0,0,0.4,2,5
eclipse.pde.ui-20100428-1600,org.eclipse.pde.api.tools.internal.comparator,Messages,2,1,4,2,457,171,0,0,0.5,2,4
eclipse.pde.ui-20100428-1600,org.eclipse.pde.api.tools.internal.comparator,SignatureDecoder,9,0,17,17,90,26,0,0,0.6470588235294118,0,1
eclipse.pde.ui-20100428-1600,org.eclipse.pde.api.tools.internal.comparator,SignatureDescriptor,9,0,9,9,83,21,0,0,0.2222222222222222,2,1
eclipse.pde.ui-20100428-1600,org.eclipse.pde.api.tools.internal.comparator,TypeParameterDescriptor,4,0,4,4,42,10,0,0,0.0,2,1
eclipse.pde.ui-20100428-1600,org.eclipse.pde.api.tools.internal.descriptors,ComponentDescriptorImpl,2,0,8,8,54,12,0,2,0.375,0,0
eclipse.pde.ui-20100428-1600,org.eclipse.pde.api.tools.internal.descriptors,ElementDescriptorImpl,1,0,5,4,43,8,1,0,0.6,2,3
eclipse.pde.ui-20100428-1600,org.eclipse.pde.api.tools.internal.descriptors,FieldDescriptorImpl,0,0,5,4,34,6,0,3,-1.0,0,3
eclipse.pde.ui-20100428-1600,org.eclipse.pde.api.tools.internal.descriptors,MemberDescriptorImpl,1,0,4,3,37,6,3,2,0.0,0,1
eclipse.pde.ui-20100428-1600,org.eclipse.pde.api.tools.internal.descriptors,MethodDescriptorImpl,1,0,7,6,46,8,0,3,0.5714285714285714,0,3
eclipse.pde.ui-20100428-1600,org.eclipse.pde.api.tools.internal.descriptors,NamedElementDescriptorImpl,1,0,3,1,27,3,3,1,0.0,0,0
eclipse.pde.ui-20100428-1600,org.eclipse.pde.api.tools.internal.descriptors,PackageDescriptorImpl,0,0,7,7,46,10,0,2,-1.0,0,3
eclipse.pde.ui-20100428-1600,org.eclipse.pde.api.tools.internal.descriptors,ReferenceTypeDescriptorImpl,3,0,14,11,116,23,0,3,0.5714285714285714,0,2
eclipse.pde.ui-20100428-1600,org.eclipse.pde.api.tools.internal.model,AbstractApiTypeContainer,1,0,11,6,169,34,2,1,0.2727272727272727,0,7
eclipse.pde.ui-20100428-1600,org.eclipse.pde.api.tools.internal.model,AbstractApiTypeRoot,0,0,4,3,38,7,4,1,-1.0,2,6
eclipse.pde.ui-20100428-1600,org.eclipse.pde.api.tools.internal.model,ApiBaseline,13,0,43,30,732,134,1,1,0.16279069767441862,2,12
eclipse.pde.ui-20100428-1600,org.eclipse.pde.api.tools.internal.model,ApiElement,3,0,8,5,69,10,8,0,0.25,0,2
eclipse.pde.ui-20100428-1600,org.eclipse.pde.api.tools.internal.model,ApiField,2,0,7,6,68,11,0,2,0.42857142857142855,2,4
eclipse.pde.ui-20100428-1600,org.eclipse.pde.api.tools.internal.model,ApiMember,3,0,11,9,92,15,3,1,0.45454545454545453,0,2
eclipse.pde.ui-20100428-1600,org.eclipse.pde.api.tools.internal.model,ApiMethod,5,0,11,10,89,17,0,2,0.7272727272727273,3,4
eclipse.pde.ui-20100428-1600,org.eclipse.pde.api.tools.internal.model,ApiModelCache,5,0,16,9,318,63,0,0,0.4375,7,5
eclipse.pde.ui-20100428-1600,org.eclipse.pde.api.tools.internal.model,Cache,0,0,4,2,26,4,0,0,-1.0,0,0
eclipse.pde.ui-20100428-1600,org.eclipse.pde.api.tools.internal.model,ApiModelFactory,1,0,8,6,107,13,0,0,0.625,19,6
eclipse.pde.ui-20100428-1600,org.eclipse.pde.api.tools.internal.model,ApiType,22,0,41,38,453,90,0,2,0.24390243902439024,5,15
eclipse.pde.ui-20100428-1600,org.eclipse.pde.api.tools.internal.model,ArchiveApiTypeContainer,4,0,18,17,261,36,0,1,0.5555555555555556,2,6
eclipse.pde.ui-20100428-1600,org.eclipse.pde.api.tools.internal.model,ArchiveApiTypeRoot,1,0,7,7,91,10,0,2,0.5714285714285714,5,4
eclipse.pde.ui-20100428-1600,org.eclipse.pde.api.tools.internal.model,BundleComponent,12,0,49,21,1043,172,1,3,0.061224489795918366,5,22
eclipse.pde.ui-20100428-1600,org.eclipse.pde.api.tools.internal.model,Component,2,0,16,12,103,20,2,2,0.6875,1,8
eclipse.pde.ui-20100428-1600,org.eclipse.pde.api.tools.internal.model,CompositeApiTypeContainer,1,0,3,2,36,5,0,2,0.0,1,2
eclipse.pde.ui-20100428-1600,org.eclipse.pde.api.tools.internal.model,DirectoryApiTypeContainer,3,0,17,15,222,39,0,1,0.5882352941176471,5,6
eclipse.pde.ui-20100428-1600,org.eclipse.pde.api.tools.internal.model,LocalApiTypeRoot,1,0,6,6,57,7,0,2,0.6666666666666666,0,3
eclipse.pde.ui-20100428-1600,org.eclipse.pde.api.tools.internal.model,Messages,8,7,1,0,15,1,0,0,0.0,3,0
eclipse.pde.ui-20100428-1600,org.eclipse.pde.api.tools.internal.model,MethodKey,4,0,5,4,52,7,0,0,0.0,1,1
eclipse.pde.ui-20100428-1600,org.eclipse.pde.api.tools.internal.model,ProjectComponent,5,0,15,5,310,59,0,4,0.13333333333333333,9,16
eclipse.pde.ui-20100428-1600,org.eclipse.pde.api.tools.internal.model,ProjectTypeContainer,4,0,12,10,167,25,0,1,0.3333333333333333,0,5
eclipse.pde.ui-20100428-1600,org.eclipse.pde.api.tools.internal.model,ContainerVisitor,2,0,2,2,24,3,0,0,0.0,0,1
eclipse.pde.ui-20100428-1600,org.eclipse.pde.api.tools.internal.model,ResourceApiTypeRoot,1,0,6,6,54,7,0,2,0.5,1,4
eclipse.pde.ui-20100428-1600,org.eclipse.pde.api.tools.internal.model,StubApiComponent,2,0,10,5,146,37,0,4,0.6,8,6
eclipse.pde.ui-20100428-1600,org.eclipse.pde.api.tools.internal.model,StubArchiveApiTypeContainer,5,0,19,17,254,38,0,1,0.47368421052631576,2,7
eclipse.pde.ui-20100428-1600,org.eclipse.pde.api.tools.internal.model,ArchiveApiTypeRoot,1,0,7,7,74,10,0,2,1.0,0,5
eclipse.pde.ui-20100428-1600,org.eclipse.pde.api.tools.internal.model,SystemLibraryApiComponent,5,0,20,15,124,24,1,3,0.65,0,5
eclipse.pde.ui-20100428-1600,org.eclipse.pde.api.tools.internal.model,TypeStructureBuilder,11,0,21,20,308,55,0,0,0.23809523809523808,5,10
eclipse.pde.ui-20100428-1600,org.eclipse.pde.api.tools.internal.model,EnclosingMethodSetter,4,0,2,2,33,7,0,0,1.0,3,0
eclipse.pde.ui-20100428-1600,org.eclipse.pde.api.tools.internal.model,TypeNameFinder,1,0,2,2,12,3,1,0,0.0,0,1
eclipse.pde.ui-20100428-1600,org.eclipse.pde.api.tools.internal.model,TypeNameFinderInConstructor,3,0,5,5,30,9,0,1,0.6,0,1
eclipse.pde.ui-20100428-1600,org.eclipse.pde.api.tools.internal.model,WorkspaceBaseline,0,0,4,4,30,6,0,2,-1.0,0,4
eclipse.pde.ui-20100428-1600,org.eclipse.pde.api.tools.internal.natures,ApiToolProjectNature,1,0,6,4,74,11,0,0,0.0,0,1
eclipse.pde.ui-20100428-1600,org.eclipse.pde.api.tools.internal.problems,ApiProblem,16,6,32,30,511,113,0,0,0.0,3,6
eclipse.pde.ui-20100428-1600,org.eclipse.pde.api.tools.internal.problems,ApiProblemFactory,2,1,21,21,733,174,0,0,0.14285714285714285,70,8
eclipse.pde.ui-20100428-1600,org.eclipse.pde.api.tools.internal.problems,ApiProblemFilter,5,2,11,10,91,15,0,0,0.0,4,2
eclipse.pde.ui-20100428-1600,org.eclipse.pde.api.tools.internal.provisional,ApiDescriptionVisitor,0,0,2,2,22,2,0,0,-1.0,7,2
eclipse.pde.ui-20100428-1600,org.eclipse.pde.api.tools.internal.provisional,ApiPlugin,41,19,23,21,462,68,0,0,0.17391304347826086,121,21
eclipse.pde.ui-20100428-1600,org.eclipse.pde.api.tools.internal.provisional,Factory,0,0,9,9,102,10,0,0,-1.0,27,7
eclipse.pde.ui-20100428-1600,org.eclipse.pde.api.tools.internal.provisional,IApiAccess,2,2,1,1,21,1,0,0,-1.0,6,0
eclipse.pde.ui-20100428-1600,org.eclipse.pde.api.tools.internal.provisional,IApiAnnotations,0,0,2,2,16,2,0,0,-1.0,31,0
eclipse.pde.ui-20100428-1600,org.eclipse.pde.api.tools.internal.provisional,IApiBaselineManager,0,0,8,8,50,8,0,0,-1.0,9,1
eclipse.pde.ui-20100428-1600,org.eclipse.pde.api.tools.internal.provisional,IApiDescription,1,1,12,12,94,12,0,0,-1.0,25,3
eclipse.pde.ui-20100428-1600,org.eclipse.pde.api.tools.internal.provisional,IApiFilterStore,0,0,7,7,43,7,0,0,-1.0,13,3
eclipse.pde.ui-20100428-1600,org.eclipse.pde.api.tools.internal.provisional,IApiJavadocTag,13,13,5,5,90,5,0,0,-1.0,8,0
eclipse.pde.ui-20100428-1600,org.eclipse.pde.api.tools.internal.provisional,IApiMarkerConstants,27,27,0,0,116,0,0,0,-1.0,22,1
eclipse.pde.ui-20100428-1600,org.eclipse.pde.api.tools.internal.provisional,IRequiredComponentDescription,0,0,4,4,26,4,0,0,-1.0,7,0
eclipse.pde.ui-20100428-1600,org.eclipse.pde.api.tools.internal.provisional,ISession,0,0,2,2,7,2,0,0,-1.0,9,0
eclipse.pde.ui-20100428-1600,org.eclipse.pde.api.tools.internal.provisional,ISessionListener,0,0,3,3,22,3,0,0,-1.0,3,1
eclipse.pde.ui-20100428-1600,org.eclipse.pde.api.tools.internal.provisional,ISessionManager,0,0,8,8,49,8,0,0,-1.0,4,2
eclipse.pde.ui-20100428-1600,org.eclipse.pde.api.tools.internal.provisional,ITreeModel,0,0,1,1,3,1,0,0,-1.0,2,0
eclipse.pde.ui-20100428-1600,org.eclipse.pde.api.tools.internal.provisional,ITreeNode,5,5,4,0,11,4,0,0,-1.0,4,0
eclipse.pde.ui-20100428-1600,org.eclipse.pde.api.tools.internal.provisional,IVersionRange,0,0,5,5,32,5,0,0,-1.0,2,0
eclipse.pde.ui-20100428-1600,org.eclipse.pde.api.tools.internal.provisional,ProfileModifiers,26,26,21,20,258,44,0,0,0.19047619047619047,6,1
eclipse.pde.ui-20100428-1600,org.eclipse.pde.api.tools.internal.provisional,RestrictionModifiers,7,7,8,7,141,22,0,0,0.25,37,1
eclipse.pde.ui-20100428-1600,org.eclipse.pde.api.tools.internal.provisional,VisibilityModifiers,6,6,6,5,110,14,0,0,0.3333333333333333,45,2
eclipse.pde.ui-20100428-1600,org.eclipse.pde.api.tools.internal.provisional.builder,IApiAnalyzer,0,0,3,3,30,3,0,0,-1.0,1,5
eclipse.pde.ui-20100428-1600,org.eclipse.pde.api.tools.internal.provisional.builder,IApiProblemDetector,0,0,3,3,22,3,0,0,-1.0,3,1
eclipse.pde.ui-20100428-1600,org.eclipse.pde.api.tools.internal.provisional.builder,IBuildContext,0,0,14,14,79,14,0,0,-1.0,2,0
eclipse.pde.ui-20100428-1600,org.eclipse.pde.api.tools.internal.provisional.builder,IReference,35,35,9,9,226,9,0,0,-1.0,41,0
eclipse.pde.ui-20100428-1600,org.eclipse.pde.api.tools.internal.provisional.comparator,ApiComparator,2,1,16,13,818,202,0,0,0.1875,22,18
eclipse.pde.ui-20100428-1600,org.eclipse.pde.api.tools.internal.provisional.comparator,ApiScope,2,0,4,4,74,14,0,0,0.0,4,9
eclipse.pde.ui-20100428-1600,org.eclipse.pde.api.tools.internal.provisional.comparator,CompareApiScopeVisitor,6,0,11,10,141,27,0,0,0.0,1,8
eclipse.pde.ui-20100428-1600,org.eclipse.pde.api.tools.internal.provisional.comparator,DeltaProcessor,1,0,14,3,490,174,0,0,0.0,18,4
eclipse.pde.ui-20100428-1600,org.eclipse.pde.api.tools.internal.provisional.comparator,CompatibleVisitor,1,0,2,2,12,4,0,1,0.0,0,2
eclipse.pde.ui-20100428-1600,org.eclipse.pde.api.tools.internal.provisional.comparator,DeltaVisitor,0,0,2,2,16,2,1,0,-1.0,2,1
eclipse.pde.ui-20100428-1600,org.eclipse.pde.api.tools.internal.provisional.comparator,IDelta,79,79,14,14,468,14,0,0,-1.0,74,1
eclipse.pde.ui-20100428-1600,org.eclipse.pde.api.tools.internal.provisional.descriptors,IComponentDescriptor,0,0,2,2,18,2,0,1,-1.0,9,0
eclipse.pde.ui-20100428-1600,org.eclipse.pde.api.tools.internal.provisional.descriptors,IElementDescriptor,6,6,3,3,45,3,3,0,-1.0,82,0
eclipse.pde.ui-20100428-1600,org.eclipse.pde.api.tools.internal.provisional.descriptors,IFieldDescriptor,0,0,0,0,6,0,0,2,-1.0,12,0
eclipse.pde.ui-20100428-1600,org.eclipse.pde.api.tools.internal.provisional.descriptors,IMemberDescriptor,0,0,3,3,21,3,3,1,-1.0,8,0
eclipse.pde.ui-20100428-1600,org.eclipse.pde.api.tools.internal.provisional.descriptors,IMethodDescriptor,0,0,2,2,16,2,0,2,-1.0,16,0
eclipse.pde.ui-20100428-1600,org.eclipse.pde.api.tools.internal.provisional.descriptors,IPackageDescriptor,0,0,3,3,24,3,0,1,-1.0,16,0
eclipse.pde.ui-20100428-1600,org.eclipse.pde.api.tools.internal.provisional.descriptors,IReferenceTypeDescriptor,0,0,8,8,50,8,0,2,-1.0,25,0
eclipse.pde.ui-20100428-1600,org.eclipse.pde.api.tools.internal.provisional.model,ApiScopeVisitor,0,0,8,8,61,8,0,0,-1.0,2,4
eclipse.pde.ui-20100428-1600,org.eclipse.pde.api.tools.internal.provisional.model,ApiTypeContainerVisitor,0,0,8,8,62,8,0,0,-1.0,16,3
eclipse.pde.ui-20100428-1600,org.eclipse.pde.api.tools.internal.provisional.model,IApiBaseline,0,0,14,14,85,14,0,1,-1.0,76,1
eclipse.pde.ui-20100428-1600,org.eclipse.pde.api.tools.internal.provisional.model,IApiComponent,0,0,20,20,119,20,0,2,-1.0,97,0
eclipse.pde.ui-20100428-1600,org.eclipse.pde.api.tools.internal.provisional.model,IApiElement,7,7,5,5,63,5,4,0,-1.0,43,0
eclipse.pde.ui-20100428-1600,org.eclipse.pde.api.tools.internal.provisional.model,IApiField,0,0,2,2,20,2,0,2,-1.0,10,0
eclipse.pde.ui-20100428-1600,org.eclipse.pde.api.tools.internal.provisional.model,IApiMember,0,0,6,6,43,6,3,1,-1.0,19,0
eclipse.pde.ui-20100428-1600,org.eclipse.pde.api.tools.internal.provisional.model,IApiMethod,0,0,6,6,38,6,0,2,-1.0,17,0
eclipse.pde.ui-20100428-1600,org.eclipse.pde.api.tools.internal.provisional.model,IApiScope,0,0,4,2,28,4,0,0,-1.0,5,2
eclipse.pde.ui-20100428-1600,org.eclipse.pde.api.tools.internal.provisional.model,IApiType,0,0,21,21,126,21,0,2,-1.0,35,0
eclipse.pde.ui-20100428-1600,org.eclipse.pde.api.tools.internal.provisional.model,IApiTypeContainer,4,4,6,6,59,6,1,1,-1.0,29,1
eclipse.pde.ui-20100428-1600,org.eclipse.pde.api.tools.internal.provisional.model,IApiTypeRoot,0,0,3,3,22,3,0,1,-1.0,34,0
eclipse.pde.ui-20100428-1600,org.eclipse.pde.api.tools.internal.provisional.problems,IApiProblem,47,47,16,16,349,16,0,0,-1.0,94,0
eclipse.pde.ui-20100428-1600,org.eclipse.pde.api.tools.internal.provisional.problems,IApiProblemFilter,0,0,3,3,22,3,0,0,-1.0,16,0
eclipse.pde.ui-20100428-1600,org.eclipse.pde.api.tools.internal.provisional.problems,IApiProblemTypes,94,94,0,0,146,0,0,0,-1.0,26,1
eclipse.pde.ui-20100428-1600,org.eclipse.pde.api.tools.internal.provisional.scanner,ScannerMessages,10,9,1,0,17,1,0,0,0.0,4,0
eclipse.pde.ui-20100428-1600,org.eclipse.pde.api.tools.internal.provisional.scanner,TagScanner,7,0,25,15,420,78,0,0,0.64,7,19
eclipse.pde.ui-20100428-1600,org.eclipse.pde.api.tools.internal.provisional.scanner,Visitor,5,0,20,11,324,68,0,0,0.0,1,15
eclipse.pde.ui-20100428-1600,org.eclipse.pde.api.tools.internal.provisional.search,ApiSearchEngine,9,1,13,8,292,45,0,0,0.15384615384615385,5,16
eclipse.pde.ui-20100428-1600,org.eclipse.pde.api.tools.internal.provisional.search,ReferenceExtractor,6,0,7,6,57,10,0,0,0.0,0,8
eclipse.pde.ui-20100428-1600,org.eclipse.pde.api.tools.internal.provisional.search,IApiSearchReporter,0,0,3,3,22,3,0,0,-1.0,7,3
eclipse.pde.ui-20100428-1600,org.eclipse.pde.api.tools.internal.provisional.search,IApiSearchRequestor,3,3,9,9,70,9,0,0,-1.0,8,4
eclipse.pde.ui-20100428-1600,org.eclipse.pde.api.tools.internal.provisional.search,IMetadata,0,0,1,1,13,1,0,0,-1.0,5,0
eclipse.pde.ui-20100428-1600,org.eclipse.pde.api.tools.internal.search,ApiDescriptionModifier,3,0,6,3,98,18,0,0,0.0,2,5
eclipse.pde.ui-20100428-1600,org.eclipse.pde.api.tools.internal.search,HTMLConvertor,35,35,1,1,156,1,1,0,0.0,0,0
eclipse.pde.ui-20100428-1600,org.eclipse.pde.api.tools.internal.search,IReferenceDescriptor,0,0,10,10,57,10,1,0,-1.0,6,0
eclipse.pde.ui-20100428-1600,org.eclipse.pde.api.tools.internal.search,MigrationReportConvertor,0,0,13,1,62,14,0,2,-1.0,1,2
eclipse.pde.ui-20100428-1600,org.eclipse.pde.api.tools.internal.search,ReferenceDescriptor,9,0,13,13,74,17,0,1,0.0,1,5
eclipse.pde.ui-20100428-1600,org.eclipse.pde.api.tools.internal.search,ReferenceLookupVisitor,14,0,11,9,197,33,0,1,0.0,1,17
eclipse.pde.ui-20100428-1600,org.eclipse.pde.api.tools.internal.search,SearchMessages,110,109,1,0,119,1,0,0,0.0,6,0
eclipse.pde.ui-20100428-1600,org.eclipse.pde.api.tools.internal.search,SkippedComponent,3,0,16,15,140,23,0,0,0.375,2,2
eclipse.pde.ui-20100428-1600,org.eclipse.pde.api.tools.internal.search,UseMetadata,23,13,25,25,307,32,0,0,0.08,3,2
eclipse.pde.ui-20100428-1600,org.eclipse.pde.api.tools.internal.search,UseReportConverter,56,6,68,23,1715,220,1,1,0.058823529411764705,5,23
eclipse.pde.ui-20100428-1600,org.eclipse.pde.api.tools.internal.search,Visitor,7,0,10,7,295,50,0,1,0.0,0,11
eclipse.pde.ui-20100428-1600,org.eclipse.pde.api.tools.internal.search,Report,3,0,0,0,8,0,0,0,-1.0,2,1
eclipse.pde.ui-20100428-1600,org.eclipse.pde.api.tools.internal.search,Type,2,0,1,1,10,1,0,0,0.0,2,2
eclipse.pde.ui-20100428-1600,org.eclipse.pde.api.tools.internal.search,Member,3,0,1,1,11,1,0,0,0.0,2,2
eclipse.pde.ui-20100428-1600,org.eclipse.pde.api.tools.internal.search,Reference,4,0,1,1,14,1,0,0,0.0,5,1
eclipse.pde.ui-20100428-1600,org.eclipse.pde.api.tools.internal.search,CountGroup,15,0,6,6,38,6,0,0,0.0,5,0
eclipse.pde.ui-20100428-1600,org.eclipse.pde.api.tools.internal.search,MissingHandler,2,0,1,1,21,4,0,0,0.0,1,2
eclipse.pde.ui-20100428-1600,org.eclipse.pde.api.tools.internal.search,UseScanParser,10,0,26,11,368,63,0,0,0.11538461538461539,2,10
eclipse.pde.ui-20100428-1600,org.eclipse.pde.api.tools.internal.search,ReferenceHandler,1,0,2,2,16,2,0,0,0.0,0,0
eclipse.pde.ui-20100428-1600,org.eclipse.pde.api.tools.internal.search,UseScanVisitor,0,0,9,9,63,9,2,0,-1.0,1,3
eclipse.pde.ui-20100428-1600,org.eclipse.pde.api.tools.internal.search,UseSearchRequestor,5,0,14,11,174,33,0,0,0.2857142857142857,2,14
eclipse.pde.ui-20100428-1600,org.eclipse.pde.api.tools.internal.search,XmlReferenceDescriptorWriter,8,3,15,3,449,68,0,0,0.13333333333333333,3,12
eclipse.pde.ui-20100428-1600,org.eclipse.pde.api.tools.internal.search,XmlSearchReporter,3,0,5,4,136,17,0,0,0.4,0,10
eclipse.pde.ui-20100428-1600,org.eclipse.pde.api.tools.internal.util,ExcludedElements,2,0,8,7,66,19,0,0,0.0,8,0
eclipse.pde.ui-20100428-1600,org.eclipse.pde.api.tools.internal.util,FileManager,2,0,4,3,62,9,0,0,0.75,4,2
eclipse.pde.ui-20100428-1600,org.eclipse.pde.api.tools.internal.util,Signatures,0,0,36,29,639,111,0,0,-1.0,28,8
eclipse.pde.ui-20100428-1600,org.eclipse.pde.api.tools.internal.util,SinceTagVersion,5,0,5,5,122,28,0,0,0.0,3,0
eclipse.pde.ui-20100428-1600,org.eclipse.pde.api.tools.internal.util,SourceDefaultHandler,4,0,3,3,16,4,0,0,0.6666666666666666,1,0
eclipse.pde.ui-20100428-1600,org.eclipse.pde.api.tools.internal.util,TarEntry,8,2,13,12,110,13,0,0,0.0,5,1
eclipse.pde.ui-20100428-1600,org.eclipse.pde.api.tools.internal.util,TarException,1,0,3,3,27,3,0,0,1.0,1,0
eclipse.pde.ui-20100428-1600,org.eclipse.pde.api.tools.internal.util,TarFile,11,0,19,13,381,61,0,0,0.42105263157894735,1,2
eclipse.pde.ui-20100428-1600,org.eclipse.pde.api.tools.internal.util,TarInputStream,6,0,9,4,266,47,0,0,0.0,1,1
eclipse.pde.ui-20100428-1600,org.eclipse.pde.api.tools.internal.util,Util,25,17,92,81,2089,412,0,0,0.6630434782608695,112,27
eclipse.pde.ui-20100428-1600,org.eclipse.pde.api.tools.internal.util,BuildJob,2,0,7,3,99,22,0,0,0.42857142857142855,2,6
eclipse.pde.ui-20100428-1600,org.eclipse.pde.api.tools.internal.util,UtilMessages,7,6,1,0,14,1,0,0,0.0,3,0
eclipse.pde.ui-20100428-1600,org.eclipse.pde.api.tools.internal.tasks,APIDeprecationReportConversionTask,21,0,22,13,320,66,0,0,0.13636363636363635,0,7
eclipse.pde.ui-20100428-1600,org.eclipse.pde.api.tools.internal.tasks,ConverterDefaultHandler,10,0,5,4,76,14,0,0,0.0,3,3
eclipse.pde.ui-20100428-1600,org.eclipse.pde.api.tools.internal.tasks,Entry,8,0,3,3,73,17,0,0,0.0,4,3
eclipse.pde.ui-20100428-1600,org.eclipse.pde.api.tools.internal.tasks,APIDeprecationTask,3,0,7,7,162,25,0,1,0.5714285714285714,0,10
eclipse.pde.ui-20100428-1600,org.eclipse.pde.api.tools.internal.tasks,APIFreezeReportConversionTask,21,0,22,13,372,86,0,0,0.13636363636363635,0,7
eclipse.pde.ui-20100428-1600,org.eclipse.pde.api.tools.internal.tasks,ConverterDefaultHandler,10,0,5,4,76,14,0,0,0.4,0,3
eclipse.pde.ui-20100428-1600,org.eclipse.pde.api.tools.internal.tasks,Entry,8,0,3,3,125,37,0,0,0.0,0,3
eclipse.pde.ui-20100428-1600,org.eclipse.pde.api.tools.internal.tasks,APIFreezeTask,3,0,7,7,162,25,0,1,0.5714285714285714,0,10
eclipse.pde.ui-20100428-1600,org.eclipse.pde.api.tools.internal.tasks,APIToolsAnalysisTask,14,3,38,23,770,136,0,1,0.4473684210526316,2,19
eclipse.pde.ui-20100428-1600,org.eclipse.pde.api.tools.internal.tasks,AntFilterStore,3,0,13,8,251,57,0,0,0.5384615384615384,2,9
eclipse.pde.ui-20100428-1600,org.eclipse.pde.api.tools.internal.tasks,Summary,4,0,6,4,83,12,0,0,0.0,2,1
eclipse.pde.ui-20100428-1600,org.eclipse.pde.api.tools.internal.tasks,AnalysisReportConversionTask,21,0,30,20,386,75,0,0,0.1,0,9
eclipse.pde.ui-20100428-1600,org.eclipse.pde.api.tools.internal.tasks,Problem,2,0,2,2,13,2,0,0,0.0,2,0
eclipse.pde.ui-20100428-1600,org.eclipse.pde.api.tools.internal.tasks,ConverterDefaultHandler,3,0,3,3,44,12,0,0,0.0,0,2
eclipse.pde.ui-20100428-1600,org.eclipse.pde.api.tools.internal.tasks,Report,4,0,8,7,56,15,0,0,0.5,3,1
eclipse.pde.ui-20100428-1600,org.eclipse.pde.api.tools.internal.tasks,Summary,5,0,2,2,18,2,0,0,0.0,0,2
eclipse.pde.ui-20100428-1600,org.eclipse.pde.api.tools.internal.tasks,ApiFileGenerationTask,12,0,21,14,456,77,0,0,0.09523809523809523,1,11
eclipse.pde.ui-20100428-1600,org.eclipse.pde.api.tools.internal.tasks,APIToolsNatureDefaultHandler,4,0,5,5,31,9,0,0,0.4,1,1
eclipse.pde.ui-20100428-1600,org.eclipse.pde.api.tools.internal.tasks,ApiMigrationReportConversionTask,5,0,7,7,77,9,0,1,0.2857142857142857,0,4
eclipse.pde.ui-20100428-1600,org.eclipse.pde.api.tools.internal.tasks,ApiMigrationTask,5,0,12,7,251,36,0,1,0.4166666666666667,0,6
eclipse.pde.ui-20100428-1600,org.eclipse.pde.api.tools.internal.tasks,ApiUseReportConversionTask,5,0,7,7,77,9,0,1,0.2857142857142857,0,3
eclipse.pde.ui-20100428-1600,org.eclipse.pde.api.tools.internal.tasks,ApiUseTask,10,0,19,12,327,47,0,1,0.21052631578947367,0,10
eclipse.pde.ui-20100428-1600,org.eclipse.pde.api.tools.internal.tasks,CommonUtilsTask,13,0,11,1,241,39,8,0,0.6363636363636364,8,6
eclipse.pde.ui-20100428-1600,org.eclipse.pde.api.tools.internal.tasks,CompareTask,6,0,8,8,202,29,0,1,0.625,0,14
eclipse.pde.ui-20100428-1600,org.eclipse.pde.api.tools.internal.tasks,ExcludeListDeltaVisitor,6,3,5,2,221,114,0,0,0.0,3,5
eclipse.pde.ui-20100428-1600,org.eclipse.pde.api.tools.internal.tasks,Messages,73,72,1,0,83,1,0,0,0.0,15,0
eclipse.pde.ui-20100428-1600,org.eclipse.pde.internal.ds.core,Activator,3,2,6,6,42,10,0,0,0.5,12,2
eclipse.pde.ui-20100428-1600,org.eclipse.pde.internal.ds.core,IDSComponent,0,0,30,30,155,30,0,1,-1.0,21,5
eclipse.pde.ui-20100428-1600,org.eclipse.pde.internal.ds.core,IDSConstants,58,58,0,0,64,0,0,0,-1.0,18,0
eclipse.pde.ui-20100428-1600,org.eclipse.pde.internal.ds.core,IDSDocumentFactory,0,0,7,7,57,7,0,0,-1.0,10,0
eclipse.pde.ui-20100428-1600,org.eclipse.pde.internal.ds.core,IDSImplementation,0,0,2,2,18,2,0,1,-1.0,8,0
eclipse.pde.ui-20100428-1600,org.eclipse.pde.internal.ds.core,IDSModel,0,0,4,4,27,4,0,0,-1.0,14,1
eclipse.pde.ui-20100428-1600,org.eclipse.pde.internal.ds.core,IDSObject,0,0,7,7,41,7,7,0,-1.0,5,0
eclipse.pde.ui-20100428-1600,org.eclipse.pde.internal.ds.core,IDSProperties,0,0,2,2,17,2,0,1,-1.0,8,0
eclipse.pde.ui-20100428-1600,org.eclipse.pde.internal.ds.core,IDSProperty,0,0,8,8,47,8,0,1,-1.0,8,0
eclipse.pde.ui-20100428-1600,org.eclipse.pde.internal.ds.core,IDSProvide,0,0,2,2,18,2,0,1,-1.0,11,0
eclipse.pde.ui-20100428-1600,org.eclipse.pde.internal.ds.core,IDSReference,0,0,14,14,78,14,0,1,-1.0,10,0
eclipse.pde.ui-20100428-1600,org.eclipse.pde.internal.ds.core,IDSService,0,0,5,5,33,5,0,1,-1.0,10,1
eclipse.pde.ui-20100428-1600,org.eclipse.pde.internal.ds.core,Messages,25,24,0,0,30,0,0,0,-1.0,12,0
eclipse.pde.ui-20100428-1600,org.eclipse.pde.internal.ds.core.builders,DSBuilder,4,0,7,4,90,18,0,0,0.0,0,5
eclipse.pde.ui-20100428-1600,org.eclipse.pde.internal.ds.core.builders,ResourceVisitor,1,0,2,2,25,5,0,0,0.0,0,1
eclipse.pde.ui-20100428-1600,org.eclipse.pde.internal.ds.core.builders,DeltaVisitor,1,0,2,2,28,6,0,0,0.0,0,1
eclipse.pde.ui-20100428-1600,org.eclipse.pde.internal.ds.core.builders,DSErrorReporter,3,3,42,2,429,111,0,1,0.047619047619047616,1,15
eclipse.pde.ui-20100428-1600,org.eclipse.pde.internal.ds.core.builders,DSJavaHelper,0,0,1,1,12,2,0,0,-1.0,1,0
eclipse.pde.ui-20100428-1600,org.eclipse.pde.internal.ds.core.builders,DSMarkerFactory,3,3,2,2,19,2,0,0,0.0,2,0
eclipse.pde.ui-20100428-1600,org.eclipse.pde.internal.ds.core.builders,DefaultSAXParser,0,0,1,1,26,2,0,0,-1.0,1,2
eclipse.pde.ui-20100428-1600,org.eclipse.pde.internal.ds.core.builders,XMLErrorReporter,17,3,29,18,247,62,1,0,0.06896551724137931,1,3
eclipse.pde.ui-20100428-1600,org.eclipse.pde.internal.ds.core.builders,ElementData,2,0,1,1,7,1,0,0,0.0,0,0
eclipse.pde.ui-20100428-1600,org.eclipse.pde.internal.ds.core.text,DSComponent,1,0,37,37,152,44,0,1,0.8918918918918919,0,7
eclipse.pde.ui-20100428-1600,org.eclipse.pde.internal.ds.core.text,DSDocumentFactory,1,0,16,9,86,26,0,0,0.0,0,3
eclipse.pde.ui-20100428-1600,org.eclipse.pde.internal.ds.core.text,DSDocumentHandler,1,0,3,1,19,3,0,0,0.0,1,1
eclipse.pde.ui-20100428-1600,org.eclipse.pde.internal.ds.core.text,DSImplementation,1,0,9,9,37,9,0,1,0.7777777777777778,0,2
eclipse.pde.ui-20100428-1600,org.eclipse.pde.internal.ds.core.text,DSModel,3,0,5,3,33,8,0,0,0.6,13,4
eclipse.pde.ui-20100428-1600,org.eclipse.pde.internal.ds.core.text,DSObject,1,0,9,7,41,11,7,0,0.8888888888888888,0,3
eclipse.pde.ui-20100428-1600,org.eclipse.pde.internal.ds.core.text,DSProperties,1,0,9,9,40,9,0,1,0.7777777777777778,0,2
eclipse.pde.ui-20100428-1600,org.eclipse.pde.internal.ds.core.text,DSProperty,1,0,15,15,52,15,0,1,0.7333333333333333,0,2
eclipse.pde.ui-20100428-1600,org.eclipse.pde.internal.ds.core.text,DSProvide,1,0,9,9,32,9,0,1,0.7777777777777778,0,2
eclipse.pde.ui-20100428-1600,org.eclipse.pde.internal.ds.core.text,DSReference,1,0,21,21,71,21,0,1,0.7619047619047619,0,2
eclipse.pde.ui-20100428-1600,org.eclipse.pde.internal.ds.core.text,DSService,1,0,11,11,41,12,0,1,1.0,0,3
eclipse.pde.ui-20100428-1600,org.eclipse.pde.internal.ds.tests,AbstractDSModelTestCase,7,1,6,1,59,10,9,0,0.3333333333333333,0,2
eclipse.pde.ui-20100428-1600,org.eclipse.pde.internal.ds.tests,Activator,2,1,4,4,27,4,0,0,0.5,1,1
eclipse.pde.ui-20100428-1600,org.eclipse.pde.internal.ds.tests,AllDSModelTests,0,0,1,1,15,1,0,0,-1.0,0,9
eclipse.pde.ui-20100428-1600,org.eclipse.pde.internal.ds.tests,DSComponentTestCase,0,0,3,3,96,3,0,1,-1.0,1,8
eclipse.pde.ui-20100428-1600,org.eclipse.pde.internal.ds.tests,DSImplementationTestCase,0,0,3,3,52,3,0,1,-1.0,1,3
eclipse.pde.ui-20100428-1600,org.eclipse.pde.internal.ds.tests,DSObjectTestCase,0,0,1,1,35,1,0,1,-1.0,1,8
eclipse.pde.ui-20100428-1600,org.eclipse.pde.internal.ds.tests,DSPropertiesTestCase,0,0,4,4,86,5,0,1,-1.0,1,3
eclipse.pde.ui-20100428-1600,org.eclipse.pde.internal.ds.tests,DSPropertyTestCase,0,0,1,1,26,1,0,1,-1.0,1,2
eclipse.pde.ui-20100428-1600,org.eclipse.pde.internal.ds.tests,DSProvideTestCase,0,0,2,2,52,2,0,1,-1.0,1,4
eclipse.pde.ui-20100428-1600,org.eclipse.pde.internal.ds.tests,DSReferenceTestCase,0,0,2,2,51,2,0,1,-1.0,1,2
eclipse.pde.ui-20100428-1600,org.eclipse.pde.internal.ds.tests,DSServiceTestCase,0,0,5,5,131,6,0,1,-1.0,1,7
eclipse.pde.ui-20100428-1600,org.eclipse.pde.internal.ds.tests,DSv10tov11TestCase,0,0,2,1,23,3,0,1,-1.0,1,1
eclipse.pde.ui-20100428-1600,org.eclipse.pde.internal.ds.ui,Activator,2,1,11,9,82,16,0,0,0.36363636363636365,5,3
eclipse.pde.ui-20100428-1600,org.eclipse.pde.internal.ds.ui,IConstants,2,2,0,0,4,0,0,0,-1.0,2,0
eclipse.pde.ui-20100428-1600,org.eclipse.pde.internal.ds.ui,Messages,128,127,0,0,133,0,0,0,-1.0,4,0
eclipse.pde.ui-20100428-1600,org.eclipse.pde.internal.ds.ui,SWTUtil,0,0,5,5,54,14,0,0,-1.0,7,1
eclipse.pde.ui-20100428-1600,org.eclipse.pde.internal.ds.ui,SharedImages,21,18,4,3,42,6,0,0,0.75,8,2
eclipse.pde.ui-20100428-1600,org.eclipse.pde.internal.ds.ui.editor,DSContentProvider,0,0,6,6,30,10,0,0,-1.0,0,0
eclipse.pde.ui-20100428-1600,org.eclipse.pde.internal.ds.ui.editor,DSEditor,0,0,18,8,93,21,0,0,-1.0,0,6
eclipse.pde.ui-20100428-1600,org.eclipse.pde.internal.ds.ui.editor,DSEditorContributor,0,0,3,3,11,3,0,0,-1.0,0,0
eclipse.pde.ui-20100428-1600,org.eclipse.pde.internal.ds.ui.editor,DSFormOutlinePage,0,0,3,2,11,3,0,0,-1.0,0,2
eclipse.pde.ui-20100428-1600,org.eclipse.pde.internal.ds.ui.editor,DSHyperlinkDetector,0,0,4,1,57,19,0,0,-1.0,0,8
eclipse.pde.ui-20100428-1600,org.eclipse.pde.internal.ds.ui.editor,DSInputContext,1,1,5,2,51,9,0,0,1.0,5,2
eclipse.pde.ui-20100428-1600,org.eclipse.pde.internal.ds.ui.editor,DSInputContextManager,0,0,2,2,9,2,0,0,-1.0,0,3
eclipse.pde.ui-20100428-1600,org.eclipse.pde.internal.ds.ui.editor,DSLabelProvider,0,0,4,3,66,23,0,0,-1.0,2,7
eclipse.pde.ui-20100428-1600,org.eclipse.pde.internal.ds.ui.editor,DSOverviewPage,1,1,4,2,32,4,0,0,0.75,1,4
eclipse.pde.ui-20100428-1600,org.eclipse.pde.internal.ds.ui.editor,DSServicesPage,1,1,4,2,25,4,0,0,0.75,0,4
eclipse.pde.ui-20100428-1600,org.eclipse.pde.internal.ds.ui.editor,DSSourcePage,0,0,15,10,75,22,0,0,-1.0,0,5
eclipse.pde.ui-20100428-1600,org.eclipse.pde.internal.ds.ui.editor,DSSourceViewerConfiguration,3,0,4,4,30,7,0,0,0.75,0,5
eclipse.pde.ui-20100428-1600,org.eclipse.pde.internal.ds.ui.editor,DSTextHover,1,0,3,2,18,6,0,0,0.0,1,3
eclipse.pde.ui-20100428-1600,org.eclipse.pde.internal.ds.ui.editor,DSTypeSelectionExtension,2,0,5,5,27,7,0,0,0.6,0,3
eclipse.pde.ui-20100428-1600,org.eclipse.pde.internal.ds.ui.editor,TypeInfoFilterExtension,1,0,2,2,14,3,0,0,0.0,0,1
eclipse.pde.ui-20100428-1600,org.eclipse.pde.internal.ds.ui.editor,FormEntryAdapter,2,0,10,10,38,12,0,0,0.4,0,2
eclipse.pde.ui-20100428-1600,org.eclipse.pde.internal.ds.ui.editor,FormLayoutFactory,43,43,12,11,266,16,0,0,0.5833333333333334,12,0
eclipse.pde.ui-20100428-1600,org.eclipse.pde.internal.ds.ui.editor.contentassist,DSAttrCompletionProposal,0,0,3,2,49,12,0,1,-1.0,2,3
eclipse.pde.ui-20100428-1600,org.eclipse.pde.internal.ds.ui.editor.contentassist,DSCompletionProposal,3,0,9,8,76,23,0,0,0.4444444444444444,1,3
eclipse.pde.ui-20100428-1600,org.eclipse.pde.internal.ds.ui.editor.contentassist,DSContentAssistProcessor,7,0,25,6,320,92,0,1,0.16,1,13
eclipse.pde.ui-20100428-1600,org.eclipse.pde.internal.ds.ui.editor.contentassist,DSContentAssistText,2,0,6,4,93,15,0,0,0.3333333333333333,2,1
eclipse.pde.ui-20100428-1600,org.eclipse.pde.internal.ds.ui.editor.contentassist,TypeCompletionProposal,7,0,15,15,77,19,1,0,0.4666666666666667,1,0
eclipse.pde.ui-20100428-1600,org.eclipse.pde.internal.ds.ui.editor.contentassist,TypePackageCompletionProcessor,3,0,23,12,172,41,1,0,0.5217391304347826,0,2
eclipse.pde.ui-20100428-1600,org.eclipse.pde.internal.ds.ui.editor.contentassist,ProposalGenerator,0,0,2,0,4,2,0,0,-1.0,0,0
eclipse.pde.ui-20100428-1600,org.eclipse.pde.internal.ds.ui.editor.contentassist,TypePackageCompletionRequestor,0,0,2,2,30,5,0,0,-1.0,0,0
eclipse.pde.ui-20100428-1600,org.eclipse.pde.internal.ds.ui.editor.dialogs,DSEditPropertiesDialog,3,0,17,9,143,35,0,0,0.35294117647058826,1,10
eclipse.pde.ui-20100428-1600,org.eclipse.pde.internal.ds.ui.editor.dialogs,DSEditPropertyDialog,7,0,21,12,216,55,0,0,0.38095238095238093,1,12
eclipse.pde.ui-20100428-1600,org.eclipse.pde.internal.ds.ui.editor.dialogs,DSEditProvideDialog,3,0,14,7,120,25,0,0,0.2857142857142857,1,9
eclipse.pde.ui-20100428-1600,org.eclipse.pde.internal.ds.ui.editor.dialogs,DSEditReferenceDialog,11,0,16,7,201,42,0,0,0.25,1,11
eclipse.pde.ui-20100428-1600,org.eclipse.pde.internal.ds.ui.editor.sections,DSComponentSection,8,0,17,13,206,47,0,0,0.0,0,12
eclipse.pde.ui-20100428-1600,org.eclipse.pde.internal.ds.ui.editor.sections,DSOptionsSection,6,0,14,10,130,25,0,0,0.0,0,10
eclipse.pde.ui-20100428-1600,org.eclipse.pde.internal.ds.ui.editor.sections,DSPropertiesSection,7,0,31,13,324,77,0,0,0.12903225806451613,2,18
eclipse.pde.ui-20100428-1600,org.eclipse.pde.internal.ds.ui.editor.sections,ContentProvider,0,0,1,1,30,7,0,0,-1.0,0,3
eclipse.pde.ui-20100428-1600,org.eclipse.pde.internal.ds.ui.editor.sections,DSProvideSection,4,0,25,12,245,53,0,0,0.16,1,15
eclipse.pde.ui-20100428-1600,org.eclipse.pde.internal.ds.ui.editor.sections,ContentProvider,0,0,3,3,19,6,0,0,-1.0,0,3
eclipse.pde.ui-20100428-1600,org.eclipse.pde.internal.ds.ui.editor.sections,DSReferenceSection,5,0,30,14,302,69,0,0,0.16666666666666666,1,14
eclipse.pde.ui-20100428-1600,org.eclipse.pde.internal.ds.ui.editor.sections,ReferenceLabelProvider,1,0,2,2,26,5,0,0,0.0,0,2
eclipse.pde.ui-20100428-1600,org.eclipse.pde.internal.ds.ui.editor.sections,ContentProvider,0,0,3,3,14,5,0,0,-1.0,0,2
eclipse.pde.ui-20100428-1600,org.eclipse.pde.internal.ds.ui.parts,ComboPart,1,0,17,17,79,33,0,0,0.11764705882352941,3,0
eclipse.pde.ui-20100428-1600,org.eclipse.pde.internal.ds.ui.parts,FormEntry,8,1,27,22,259,67,0,0,0.07407407407407407,9,3
eclipse.pde.ui-20100428-1600,org.eclipse.pde.internal.ds.ui.parts,IFormEntryListener,0,0,5,0,23,5,0,0,-1.0,1,1
eclipse.pde.ui-20100428-1600,org.eclipse.pde.internal.ds.ui.wizards,DSCreationOperation,4,0,12,2,145,35,0,0,0.0,0,17
eclipse.pde.ui-20100428-1600,org.eclipse.pde.internal.ds.ui.wizards,DSFileWizardPage,11,1,23,12,205,46,0,0,0.2608695652173913,1,10
eclipse.pde.ui-20100428-1600,org.eclipse.pde.internal.ds.ui.wizards,DSNewClassCreationWizard,0,0,1,1,5,1,0,0,-1.0,6,0
eclipse.pde.ui-20100428-1600,org.eclipse.pde.internal.ds.ui.wizards,DSNewWizard,1,0,4,4,32,5,0,0,0.5,0,3
eclipse.pde.ui-20100428-1600,org.eclipse.pde.internal.ua.core,Activator,2,1,4,4,27,4,0,0,0.5,1,1
eclipse.pde.ui-20100428-1600,org.eclipse.pde.internal.ua.core,CheatSheetUtil,0,0,2,1,68,11,0,0,-1.0,2,1
eclipse.pde.ui-20100428-1600,org.eclipse.pde.internal.ua.core.cheatsheet.comp,CompCS,3,0,16,11,93,23,0,1,0.3125,0,6
eclipse.pde.ui-20100428-1600,org.eclipse.pde.internal.ua.core.cheatsheet.comp,CompCSDataObject,2,0,14,8,49,16,2,1,0.5714285714285714,0,5
eclipse.pde.ui-20100428-1600,org.eclipse.pde.internal.ua.core.cheatsheet.comp,CompCSDependency,2,0,13,8,51,15,0,1,0.5384615384615384,0,4
eclipse.pde.ui-20100428-1600,org.eclipse.pde.internal.ua.core.cheatsheet.comp,CompCSIntro,1,0,3,3,19,3,0,2,1.0,0,2
eclipse.pde.ui-20100428-1600,org.eclipse.pde.internal.ua.core.cheatsheet.comp,CompCSModel,3,0,10,8,74,15,1,0,0.6,0,5
eclipse.pde.ui-20100428-1600,org.eclipse.pde.internal.ua.core.cheatsheet.comp,CompCSModelFactory,1,0,8,8,30,8,0,0,0.0,0,2
eclipse.pde.ui-20100428-1600,org.eclipse.pde.internal.ua.core.cheatsheet.comp,CompCSObject,5,0,24,12,167,31,5,0,0.2916666666666667,0,5
eclipse.pde.ui-20100428-1600,org.eclipse.pde.internal.ua.core.cheatsheet.comp,CompCSOnCompletion,1,0,3,3,19,3,0,2,1.0,0,2
eclipse.pde.ui-20100428-1600,org.eclipse.pde.internal.ua.core.cheatsheet.comp,CompCSParam,3,0,15,10,69,19,0,1,0.4666666666666667,0,4
eclipse.pde.ui-20100428-1600,org.eclipse.pde.internal.ua.core.cheatsheet.comp,CompCSTask,2,0,13,11,83,21,0,2,0.38461538461538464,0,6
eclipse.pde.ui-20100428-1600,org.eclipse.pde.internal.ua.core.cheatsheet.comp,CompCSTaskGroup,2,0,21,19,153,40,0,2,0.19047619047619047,0,8
eclipse.pde.ui-20100428-1600,org.eclipse.pde.internal.ua.core.cheatsheet.comp,CompCSTaskObject,8,0,26,21,158,44,2,1,0.2692307692307692,0,9
eclipse.pde.ui-20100428-1600,org.eclipse.pde.internal.ua.core.cheatsheet.comp,CompCSWorkspaceModel,4,0,13,12,114,19,0,1,0.0,1,2
eclipse.pde.ui-20100428-1600,org.eclipse.pde.internal.ua.core.cheatsheet.simple,ISimpleCS,0,0,17,17,91,17,0,2,-1.0,11,2
eclipse.pde.ui-20100428-1600,org.eclipse.pde.internal.ua.core.cheatsheet.simple,ISimpleCSAction,0,0,7,7,38,7,0,4,-1.0,1,0
eclipse.pde.ui-20100428-1600,org.eclipse.pde.internal.ua.core.cheatsheet.simple,ISimpleCSCommand,0,0,4,4,6,4,0,4,-1.0,2,0
eclipse.pde.ui-20100428-1600,org.eclipse.pde.internal.ua.core.cheatsheet.simple,ISimpleCSConditionalSubItem,0,0,5,5,27,5,0,3,-1.0,2,1
eclipse.pde.ui-20100428-1600,org.eclipse.pde.internal.ua.core.cheatsheet.simple,ISimpleCSConstants,41,41,0,0,46,0,1,0,-1.0,12,0
eclipse.pde.ui-20100428-1600,org.eclipse.pde.internal.ua.core.cheatsheet.simple,ISimpleCSDescription,0,0,2,2,12,2,0,2,-1.0,7,0
eclipse.pde.ui-20100428-1600,org.eclipse.pde.internal.ua.core.cheatsheet.simple,ISimpleCSHelpObject,0,0,4,4,22,4,2,2,-1.0,1,0
eclipse.pde.ui-20100428-1600,org.eclipse.pde.internal.ua.core.cheatsheet.simple,ISimpleCSIntro,0,0,2,2,12,2,0,3,-1.0,5,1
eclipse.pde.ui-20100428-1600,org.eclipse.pde.internal.ua.core.cheatsheet.simple,ISimpleCSItem,0,0,23,23,124,23,0,3,-1.0,15,3
eclipse.pde.ui-20100428-1600,org.eclipse.pde.internal.ua.core.cheatsheet.simple,ISimpleCSModel,0,0,2,0,10,2,0,0,-1.0,19,0
eclipse.pde.ui-20100428-1600,org.eclipse.pde.internal.ua.core.cheatsheet.simple,ISimpleCSModelFactory,0,0,11,11,46,11,0,0,-1.0,2,1
eclipse.pde.ui-20100428-1600,org.eclipse.pde.internal.ua.core.cheatsheet.simple,ISimpleCSObject,0,0,9,5,40,9,9,1,-1.0,10,1
eclipse.pde.ui-20100428-1600,org.eclipse.pde.internal.ua.core.cheatsheet.simple,ISimpleCSOnCompletion,0,0,2,2,12,2,0,2,-1.0,3,0
eclipse.pde.ui-20100428-1600,org.eclipse.pde.internal.ua.core.cheatsheet.simple,ISimpleCSPerformWhen,0,0,5,5,27,5,0,3,-1.0,3,1
eclipse.pde.ui-20100428-1600,org.eclipse.pde.internal.ua.core.cheatsheet.simple,ISimpleCSRepeatedSubItem,0,0,4,4,22,4,0,3,-1.0,2,1
eclipse.pde.ui-20100428-1600,org.eclipse.pde.internal.ua.core.cheatsheet.simple,ISimpleCSRun,0,0,2,2,12,2,2,2,-1.0,1,1
eclipse.pde.ui-20100428-1600,org.eclipse.pde.internal.ua.core.cheatsheet.simple,ISimpleCSRunContainerObject,0,0,0,0,2,0,2,2,-1.0,6,0
eclipse.pde.ui-20100428-1600,org.eclipse.pde.internal.ua.core.cheatsheet.simple,ISimpleCSRunObject,0,0,8,8,42,8,2,3,-1.0,2,0
eclipse.pde.ui-20100428-1600,org.eclipse.pde.internal.ua.core.cheatsheet.simple,ISimpleCSSubItem,0,0,6,6,32,6,0,3,-1.0,9,0
eclipse.pde.ui-20100428-1600,org.eclipse.pde.internal.ua.core.cheatsheet.simple,ISimpleCSSubItemObject,0,0,0,0,2,0,3,2,-1.0,7,0
eclipse.pde.ui-20100428-1600,org.eclipse.pde.internal.ua.core.cheatsheet.simple.text,SimpleCS,1,0,21,21,71,21,0,1,0.9523809523809523,0,3
eclipse.pde.ui-20100428-1600,org.eclipse.pde.internal.ua.core.cheatsheet.simple.text,SimpleCSAction,2,0,12,12,61,16,0,2,0.8333333333333334,0,1
eclipse.pde.ui-20100428-1600,org.eclipse.pde.internal.ua.core.cheatsheet.simple.text,SimpleCSCommand,1,0,9,9,33,9,0,2,1.0,0,1
eclipse.pde.ui-20100428-1600,org.eclipse.pde.internal.ua.core.cheatsheet.simple.text,SimpleCSConditionalSubItem,1,0,9,9,34,9,0,1,1.0,0,2
eclipse.pde.ui-20100428-1600,org.eclipse.pde.internal.ua.core.cheatsheet.simple.text,SimpleCSDescription,1,0,7,7,27,7,0,1,0.8571428571428571,0,1
eclipse.pde.ui-20100428-1600,org.eclipse.pde.internal.ua.core.cheatsheet.simple.text,SimpleCSDocumentFactory,2,0,29,15,243,61,0,0,0.10344827586206896,1,5
eclipse.pde.ui-20100428-1600,org.eclipse.pde.internal.ua.core.cheatsheet.simple.text,SimpleCSDocumentHandler,1,0,3,1,17,3,0,0,0.0,1,1
eclipse.pde.ui-20100428-1600,org.eclipse.pde.internal.ua.core.cheatsheet.simple.text,SimpleCSDocumentTextNode,2,0,2,2,18,2,0,0,1.0,0,1
eclipse.pde.ui-20100428-1600,org.eclipse.pde.internal.ua.core.cheatsheet.simple.text,SimpleCSIntro,1,0,10,10,36,10,0,1,1.0,0,2
eclipse.pde.ui-20100428-1600,org.eclipse.pde.internal.ua.core.cheatsheet.simple.text,SimpleCSItem,1,0,33,33,107,33,0,1,0.9696969696969697,0,5
eclipse.pde.ui-20100428-1600,org.eclipse.pde.internal.ua.core.cheatsheet.simple.text,SimpleCSModel,3,0,6,3,37,8,0,0,0.3333333333333333,5,4
eclipse.pde.ui-20100428-1600,org.eclipse.pde.internal.ua.core.cheatsheet.simple.text,SimpleCSObject,1,0,11,10,34,11,10,0,0.9090909090909091,1,2
eclipse.pde.ui-20100428-1600,org.eclipse.pde.internal.ua.core.cheatsheet.simple.text,SimpleCSOnCompletion,1,0,7,7,27,7,0,1,1.0,0,1
eclipse.pde.ui-20100428-1600,org.eclipse.pde.internal.ua.core.cheatsheet.simple.text,SimpleCSPerformWhen,1,0,9,9,34,9,0,1,1.0,0,2
eclipse.pde.ui-20100428-1600,org.eclipse.pde.internal.ua.core.cheatsheet.simple.text,SimpleCSRepeatedSubItem,1,0,8,8,30,8,0,1,1.0,0,2
eclipse.pde.ui-20100428-1600,org.eclipse.pde.internal.ua.core.cheatsheet.simple.text,SimpleCSRunObject,1,0,9,9,34,9,2,1,1.0,0,1
eclipse.pde.ui-20100428-1600,org.eclipse.pde.internal.ua.core.cheatsheet.simple.text,SimpleCSSubItem,1,0,12,12,42,12,0,1,0.9166666666666666,2,3
eclipse.pde.ui-20100428-1600,org.eclipse.pde.internal.ua.core.ctxhelp,ICtxHelpConstants,16,16,0,0,22,0,0,0,-1.0,4,0
eclipse.pde.ui-20100428-1600,org.eclipse.pde.internal.ua.core.ctxhelp.text,CtxHelpCommand,1,0,10,10,54,10,0,1,0.9,1,1
eclipse.pde.ui-20100428-1600,org.eclipse.pde.internal.ua.core.ctxhelp.text,CtxHelpContext,1,0,12,12,85,16,0,1,0.9166666666666666,2,3
eclipse.pde.ui-20100428-1600,org.eclipse.pde.internal.ua.core.ctxhelp.text,CtxHelpDescription,1,0,11,9,50,11,0,1,0.9090909090909091,2,1
eclipse.pde.ui-20100428-1600,org.eclipse.pde.internal.ua.core.ctxhelp.text,CtxHelpDescriptionTextNode,2,0,2,2,15,2,0,0,1.0,0,1
eclipse.pde.ui-20100428-1600,org.eclipse.pde.internal.ua.core.ctxhelp.text,CtxHelpDocumentFactory,1,0,12,7,76,17,0,0,0.0,1,3
eclipse.pde.ui-20100428-1600,org.eclipse.pde.internal.ua.core.ctxhelp.text,CtxHelpDocumentHandler,1,0,7,5,43,9,0,0,0.0,1,2
eclipse.pde.ui-20100428-1600,org.eclipse.pde.internal.ua.core.ctxhelp.text,CtxHelpMarkerManager,0,0,3,3,42,8,0,0,-1.0,3,3
eclipse.pde.ui-20100428-1600,org.eclipse.pde.internal.ua.core.ctxhelp.text,CtxHelpModel,5,0,11,8,63,17,0,0,0.5454545454545454,14,4
eclipse.pde.ui-20100428-1600,org.eclipse.pde.internal.ua.core.ctxhelp.text,CtxHelpObject,1,0,21,19,142,33,5,0,0.5714285714285714,6,4
eclipse.pde.ui-20100428-1600,org.eclipse.pde.internal.ua.core.ctxhelp.text,CtxHelpRoot,1,0,7,7,32,7,0,1,1.0,1,1
eclipse.pde.ui-20100428-1600,org.eclipse.pde.internal.ua.core.ctxhelp.text,CtxHelpTopic,1,0,10,10,63,12,0,1,0.9,2,1
eclipse.pde.ui-20100428-1600,org.eclipse.pde.internal.ua.core.icheatsheet,ICSConstants,3,3,0,0,5,0,0,0,-1.0,0,0
eclipse.pde.ui-20100428-1600,org.eclipse.pde.internal.ua.core.icheatsheet.comp,ICompCS,0,0,4,4,22,4,0,2,-1.0,3,1
eclipse.pde.ui-20100428-1600,org.eclipse.pde.internal.ua.core.icheatsheet.comp,ICompCSConstants,27,27,0,0,32,0,1,0,-1.0,12,0
eclipse.pde.ui-20100428-1600,org.eclipse.pde.internal.ua.core.icheatsheet.comp,ICompCSDataObject,0,0,2,2,15,2,2,2,-1.0,0,0
eclipse.pde.ui-20100428-1600,org.eclipse.pde.internal.ua.core.icheatsheet.comp,ICompCSDependency,0,0,2,2,15,2,0,2,-1.0,2,0
eclipse.pde.ui-20100428-1600,org.eclipse.pde.internal.ua.core.icheatsheet.comp,ICompCSIntro,0,0,0,0,5,0,0,3,-1.0,4,0
eclipse.pde.ui-20100428-1600,org.eclipse.pde.internal.ua.core.icheatsheet.comp,ICompCSModel,0,0,2,0,13,2,0,0,-1.0,16,0
eclipse.pde.ui-20100428-1600,org.eclipse.pde.internal.ua.core.icheatsheet.comp,ICompCSModelFactory,0,0,7,7,36,7,0,0,-1.0,8,1
eclipse.pde.ui-20100428-1600,org.eclipse.pde.internal.ua.core.icheatsheet.comp,ICompCSObject,0,0,10,6,44,10,5,1,-1.0,17,1
eclipse.pde.ui-20100428-1600,org.eclipse.pde.internal.ua.core.icheatsheet.comp,ICompCSOnCompletion,0,0,0,0,2,0,0,3,-1.0,4,0
eclipse.pde.ui-20100428-1600,org.eclipse.pde.internal.ua.core.icheatsheet.comp,ICompCSParam,0,0,4,4,22,4,0,2,-1.0,3,0
eclipse.pde.ui-20100428-1600,org.eclipse.pde.internal.ua.core.icheatsheet.comp,ICompCSTask,0,0,5,5,28,5,0,3,-1.0,3,1
eclipse.pde.ui-20100428-1600,org.eclipse.pde.internal.ua.core.icheatsheet.comp,ICompCSTaskGroup,0,0,13,13,76,13,0,3,-1.0,7,1
eclipse.pde.ui-20100428-1600,org.eclipse.pde.internal.ua.core.icheatsheet.comp,ICompCSTaskObject,0,0,15,15,77,15,2,2,-1.0,10,3
eclipse.pde.ui-20100428-1600,org.eclipse.pde.internal.ua.core.toc,ITocConstants,14,14,0,0,20,0,0,0,-1.0,6,0
eclipse.pde.ui-20100428-1600,org.eclipse.pde.internal.ua.core.toc.text,Toc,1,0,7,7,46,7,0,2,1.0,2,1
eclipse.pde.ui-20100428-1600,org.eclipse.pde.internal.ua.core.toc.text,TocAnchor,1,0,7,7,38,7,0,1,0.8571428571428571,2,1
eclipse.pde.ui-20100428-1600,org.eclipse.pde.internal.ua.core.toc.text,TocDocumentFactory,1,0,13,8,103,18,0,0,0.0,2,3
eclipse.pde.ui-20100428-1600,org.eclipse.pde.internal.ua.core.toc.text,TocDocumentHandler,1,0,7,5,39,9,0,0,0.0,1,2
eclipse.pde.ui-20100428-1600,org.eclipse.pde.internal.ua.core.toc.text,TocLink,1,0,8,8,55,9,0,1,0.625,2,1
eclipse.pde.ui-20100428-1600,org.eclipse.pde.internal.ua.core.toc.text,TocMarkerManager,0,0,3,3,41,8,0,0,-1.0,3,4
eclipse.pde.ui-20100428-1600,org.eclipse.pde.internal.ua.core.toc.text,TocModel,5,0,12,9,63,17,0,0,0.3333333333333333,14,4
eclipse.pde.ui-20100428-1600,org.eclipse.pde.internal.ua.core.toc.text,TocObject,1,0,15,14,122,25,3,0,0.5333333333333333,11,4
eclipse.pde.ui-20100428-1600,org.eclipse.pde.internal.ua.core.toc.text,TocTopic,1,0,17,17,114,19,1,1,0.8235294117647058,3,2
eclipse.pde.ui-20100428-1600,org.eclipse.pde.internal.ua.tests,Activator,2,1,4,4,27,4,0,0,0.5,1,1
eclipse.pde.ui-20100428-1600,org.eclipse.pde.internal.ua.tests,AllUATests,0,0,1,1,9,1,0,0,-1.0,0,3
eclipse.pde.ui-20100428-1600,org.eclipse.pde.internal.ua.tests.cheatsheet,AbstractCheatSheetModelTestCase,6,0,6,1,58,10,3,0,0.3333333333333333,0,2
eclipse.pde.ui-20100428-1600,org.eclipse.pde.internal.ua.tests.cheatsheet,AllCheatSheetModelTests,0,0,1,1,12,1,0,0,-1.0,1,6
eclipse.pde.ui-20100428-1600,org.eclipse.pde.internal.ua.tests.cheatsheet,CheatSheetModelTestCase,0,0,25,0,218,26,4,1,-1.0,0,13
eclipse.pde.ui-20100428-1600,org.eclipse.pde.internal.ua.tests.cheatsheet,SimpleCSIntroTestCase,2,0,9,9,171,9,0,1,0.8888888888888888,1,4
eclipse.pde.ui-20100428-1600,org.eclipse.pde.internal.ua.tests.cheatsheet,SimpleCSItemAPITestCase,0,0,11,10,64,11,0,2,-1.0,1,2
eclipse.pde.ui-20100428-1600,org.eclipse.pde.internal.ua.tests.cheatsheet,SimpleCSItemTestCase,0,0,10,10,59,10,0,2,-1.0,1,2
eclipse.pde.ui-20100428-1600,org.eclipse.pde.internal.ua.tests.cheatsheet,SimpleCSSSpellCheckTestCase,3,0,15,11,335,20,0,1,0.0,1,6
eclipse.pde.ui-20100428-1600,org.eclipse.pde.internal.ua.tests.cheatsheet,SimpleCSSubItemAPITestCase,0,0,17,16,113,27,0,2,-1.0,1,5
eclipse.pde.ui-20100428-1600,org.eclipse.pde.internal.ua.tests.cheatsheet,SimpleCSSubItemTestCase,0,0,16,16,108,26,0,2,-1.0,1,4
eclipse.pde.ui-20100428-1600,org.eclipse.pde.internal.ua.tests.ctxhelp,AllCtxHelpModelTests,0,0,1,1,6,1,0,0,-1.0,1,0
eclipse.pde.ui-20100428-1600,org.eclipse.pde.internal.ua.tests.toc,AllTocModelTests,0,0,1,1,6,1,0,0,-1.0,1,0
eclipse.pde.ui-20100428-1600,org.eclipse.pde.internal.ua.ui,IConstants,6,6,0,0,8,0,0,0,-1.0,8,1
eclipse.pde.ui-20100428-1600,org.eclipse.pde.internal.ua.ui,PDEUserAssistanceLabelProvider,0,0,11,7,164,44,0,0,-1.0,1,10
eclipse.pde.ui-20100428-1600,org.eclipse.pde.internal.ua.ui,PDEUserAssistanceUIPlugin,3,1,11,11,69,17,0,0,0.45454545454545453,47,3
eclipse.pde.ui-20100428-1600,org.eclipse.pde.internal.ua.ui,PDEUserAssistanceUIPluginImages,22,19,5,2,55,6,0,0,0.4,12,2
eclipse.pde.ui-20100428-1600,org.eclipse.pde.internal.ua.ui.editor.cheatsheet,CSAbstractDetails,2,0,16,14,80,17,1,1,0.4375,0,3
eclipse.pde.ui-20100428-1600,org.eclipse.pde.internal.ua.ui.editor.cheatsheet,CSAbstractEditor,1,0,11,4,68,13,0,0,0.0,0,4
eclipse.pde.ui-20100428-1600,org.eclipse.pde.internal.ua.ui.editor.cheatsheet,CSAbstractSubDetails,0,0,2,2,14,2,0,2,-1.0,0,1
eclipse.pde.ui-20100428-1600,org.eclipse.pde.internal.ua.ui.editor.cheatsheet,ICSDetails,0,0,3,3,15,3,1,0,-1.0,0,0
eclipse.pde.ui-20100428-1600,org.eclipse.pde.internal.ua.ui.editor.cheatsheet,ICSMaster,0,0,5,5,25,5,0,0,-1.0,12,0
eclipse.pde.ui-20100428-1600,org.eclipse.pde.internal.ua.ui.editor.cheatsheet,Messages,2,1,1,0,9,1,0,0,0.0,1,0
eclipse.pde.ui-20100428-1600,org.eclipse.pde.internal.ua.ui.editor.cheatsheet.comp,CompCSBlock,4,0,8,6,64,13,0,0,0.375,1,6
eclipse.pde.ui-20100428-1600,org.eclipse.pde.internal.ua.ui.editor.cheatsheet.comp,CompCSContentProvider,0,0,7,7,35,11,0,0,-1.0,0,0
eclipse.pde.ui-20100428-1600,org.eclipse.pde.internal.ua.ui.editor.cheatsheet.comp,CompCSEditor,0,0,16,8,67,17,0,0,-1.0,0,5
eclipse.pde.ui-20100428-1600,org.eclipse.pde.internal.ua.ui.editor.cheatsheet.comp,CompCSEditorContributor,0,0,1,1,11,1,0,0,-1.0,0,0
eclipse.pde.ui-20100428-1600,org.eclipse.pde.internal.ua.ui.editor.cheatsheet.comp,CompCSFileValidator,0,0,5,2,45,8,0,0,-1.0,0,3
eclipse.pde.ui-20100428-1600,org.eclipse.pde.internal.ua.ui.editor.cheatsheet.comp,CompCSFormOutlinePage,0,0,7,4,62,15,0,0,-1.0,0,7
eclipse.pde.ui-20100428-1600,org.eclipse.pde.internal.ua.ui.editor.cheatsheet.comp,CompCSLabelProvider,0,0,2,2,14,3,0,0,-1.0,0,0
eclipse.pde.ui-20100428-1600,org.eclipse.pde.internal.ua.ui.editor.cheatsheet.comp,CompCSGroupValidator,3,0,6,4,84,17,0,0,0.0,1,6
eclipse.pde.ui-20100428-1600,org.eclipse.pde.internal.ua.ui.editor.cheatsheet.comp,CompCSInputContext,1,1,6,2,65,11,0,0,1.0,6,5
eclipse.pde.ui-20100428-1600,org.eclipse.pde.internal.ua.ui.editor.cheatsheet.comp,CompCSInputContextManager,0,0,2,2,18,3,0,0,-1.0,0,3
eclipse.pde.ui-20100428-1600,org.eclipse.pde.internal.ua.ui.editor.cheatsheet.comp,CompCSMasterTreeSection,15,0,30,8,463,88,0,0,0.06666666666666667,1,11
eclipse.pde.ui-20100428-1600,org.eclipse.pde.internal.ua.ui.editor.cheatsheet.comp,CompCSPage,2,1,8,5,93,19,0,0,0.375,2,10
eclipse.pde.ui-20100428-1600,org.eclipse.pde.internal.ua.ui.editor.cheatsheet.comp,Messages,18,17,1,0,25,1,0,0,0.0,4,0
eclipse.pde.ui-20100428-1600,org.eclipse.pde.internal.ua.ui.editor.cheatsheet.comp.actions,ActionsMessages,4,3,1,0,11,1,0,0,0.0,3,0
eclipse.pde.ui-20100428-1600,org.eclipse.pde.internal.ua.ui.editor.cheatsheet.comp.actions,CompCSAbstractAddAction,1,0,3,2,24,4,2,0,1.0,0,3
eclipse.pde.ui-20100428-1600,org.eclipse.pde.internal.ua.ui.editor.cheatsheet.comp.actions,CompCSAddGroupAction,0,0,2,2,24,5,0,1,-1.0,1,5
eclipse.pde.ui-20100428-1600,org.eclipse.pde.internal.ua.ui.editor.cheatsheet.comp.actions,CompCSAddTaskAction,0,0,2,2,24,5,0,1,-1.0,1,6
eclipse.pde.ui-20100428-1600,org.eclipse.pde.internal.ua.ui.editor.cheatsheet.comp.actions,CompCSRemoveTaskObjectAction,2,0,5,4,48,9,0,0,0.0,1,5
eclipse.pde.ui-20100428-1600,org.eclipse.pde.internal.ua.ui.editor.cheatsheet.comp.details,CompCSConclusionTextListener,2,0,10,6,89,16,0,0,0.2,1,4
eclipse.pde.ui-20100428-1600,org.eclipse.pde.internal.ua.ui.editor.cheatsheet.comp.details,CompCSDetails,3,0,11,8,80,15,0,0,0.0,1,5
eclipse.pde.ui-20100428-1600,org.eclipse.pde.internal.ua.ui.editor.cheatsheet.comp.details,CompCSEnclosingTextDetails,15,0,24,10,269,38,0,0,0.08333333333333333,2,13
eclipse.pde.ui-20100428-1600,org.eclipse.pde.internal.ua.ui.editor.cheatsheet.comp.details,CompCSIntroductionTextListener,2,0,10,6,89,16,0,0,0.2,1,4
eclipse.pde.ui-20100428-1600,org.eclipse.pde.internal.ua.ui.editor.cheatsheet.comp.details,CompCSTaskDetails,8,0,32,14,370,68,0,0,0.0,1,15
eclipse.pde.ui-20100428-1600,org.eclipse.pde.internal.ua.ui.editor.cheatsheet.comp.details,CompCSTaskGroupDetails,9,0,22,12,207,40,0,0,0.0,1,9
eclipse.pde.ui-20100428-1600,org.eclipse.pde.internal.ua.ui.editor.cheatsheet.comp.details,DetailsMessages,30,29,1,0,37,1,0,0,0.0,4,0
eclipse.pde.ui-20100428-1600,org.eclipse.pde.internal.ua.ui.editor.cheatsheet.simple,ISimpleCSCommandKeyListener,0,0,1,1,9,1,0,0,-1.0,1,1
eclipse.pde.ui-20100428-1600,org.eclipse.pde.internal.ua.ui.editor.cheatsheet.simple,NewCommandKeyEvent,3,0,3,3,30,3,0,0,0.0,3,0
eclipse.pde.ui-20100428-1600,org.eclipse.pde.internal.ua.ui.editor.cheatsheet.simple,SimpleCSBlock,5,0,8,6,70,14,0,0,0.375,1,7
eclipse.pde.ui-20100428-1600,org.eclipse.pde.internal.ua.ui.editor.cheatsheet.simple,SimpleCSCommandManager,4,0,12,10,115,20,0,0,0.16666666666666666,2,3
eclipse.pde.ui-20100428-1600,org.eclipse.pde.internal.ua.ui.editor.cheatsheet.simple,SimpleCSContentProvider,0,0,7,7,32,11,0,0,-1.0,0,0
eclipse.pde.ui-20100428-1600,org.eclipse.pde.internal.ua.ui.editor.cheatsheet.simple,SimpleCSDefinitionPage,3,1,8,6,121,26,0,0,0.375,3,13
eclipse.pde.ui-20100428-1600,org.eclipse.pde.internal.ua.ui.editor.cheatsheet.simple,SimpleCSEditor,0,0,19,9,84,22,0,0,-1.0,1,7
eclipse.pde.ui-20100428-1600,org.eclipse.pde.internal.ua.ui.editor.cheatsheet.simple,SimpleCSEditorContributor,1,0,5,4,34,5,0,0,0.4,2,2
eclipse.pde.ui-20100428-1600,org.eclipse.pde.internal.ua.ui.editor.cheatsheet.simple,SimpleCSFormOutlinePage,0,0,7,4,65,16,0,0,-1.0,0,7
eclipse.pde.ui-20100428-1600,org.eclipse.pde.internal.ua.ui.editor.cheatsheet.simple,SimpleCSLabelProvider,0,0,2,2,14,3,0,0,-1.0,0,0
eclipse.pde.ui-20100428-1600,org.eclipse.pde.internal.ua.ui.editor.cheatsheet.simple,SimpleCSHyperlinkDetector,0,0,2,1,46,11,0,0,-1.0,0,8
eclipse.pde.ui-20100428-1600,org.eclipse.pde.internal.ua.ui.editor.cheatsheet.simple,SimpleCSInputContext,1,1,6,3,58,11,0,0,1.0,10,3
eclipse.pde.ui-20100428-1600,org.eclipse.pde.internal.ua.ui.editor.cheatsheet.simple,SimpleCSInputContextManager,0,0,2,2,15,2,0,0,-1.0,0,3
eclipse.pde.ui-20100428-1600,org.eclipse.pde.internal.ua.ui.editor.cheatsheet.simple,SimpleCSMasterTreeSection,17,0,50,14,1035,232,0,0,0.16,1,10
eclipse.pde.ui-20100428-1600,org.eclipse.pde.internal.ua.ui.editor.cheatsheet.simple,SimpleCSSourcePage,0,0,15,9,108,26,0,0,-1.0,1,8
eclipse.pde.ui-20100428-1600,org.eclipse.pde.internal.ua.ui.editor.cheatsheet.simple,SimpleMessages,17,16,1,0,24,1,0,0,0.0,3,0
eclipse.pde.ui-20100428-1600,org.eclipse.pde.internal.ua.ui.editor.cheatsheet.simple.actions,SimpleActionMessages,10,9,1,0,17,1,0,0,0.0,6,0
eclipse.pde.ui-20100428-1600,org.eclipse.pde.internal.ua.ui.editor.cheatsheet.simple.actions,SimpleCSAddStepAction,3,0,5,3,77,12,0,0,0.4,0,10
eclipse.pde.ui-20100428-1600,org.eclipse.pde.internal.ua.ui.editor.cheatsheet.simple.actions,SimpleCSAddSubStepAction,2,0,5,3,74,14,0,0,0.4,0,8
eclipse.pde.ui-20100428-1600,org.eclipse.pde.internal.ua.ui.editor.cheatsheet.simple.actions,SimpleCSPreviewAction,2,0,4,4,48,6,0,0,0.0,2,4
eclipse.pde.ui-20100428-1600,org.eclipse.pde.internal.ua.ui.editor.cheatsheet.simple.actions,SimpleCSRemoveRunObjectAction,1,0,3,3,36,8,0,0,0.6666666666666666,0,7
eclipse.pde.ui-20100428-1600,org.eclipse.pde.internal.ua.ui.editor.cheatsheet.simple.actions,SimpleCSRemoveStepAction,2,0,5,4,45,8,0,0,0.0,0,4
eclipse.pde.ui-20100428-1600,org.eclipse.pde.internal.ua.ui.editor.cheatsheet.simple.actions,SimpleCSRemoveSubStepAction,2,0,6,4,64,12,0,0,0.0,0,7
eclipse.pde.ui-20100428-1600,org.eclipse.pde.internal.ua.ui.editor.cheatsheet.simple.details,SimpleCSCommandComboPart,2,0,15,13,129,23,0,0,0.3333333333333333,1,2
eclipse.pde.ui-20100428-1600,org.eclipse.pde.internal.ua.ui.editor.cheatsheet.simple.details,SimpleCSCommandDetails,8,0,23,9,362,65,0,0,0.08695652173913043,3,15
eclipse.pde.ui-20100428-1600,org.eclipse.pde.internal.ua.ui.editor.cheatsheet.simple.details,SimpleCSDetails,3,0,8,8,72,12,0,0,0.0,1,6
eclipse.pde.ui-20100428-1600,org.eclipse.pde.internal.ua.ui.editor.cheatsheet.simple.details,SimpleCSHelpDetails,10,0,10,9,190,28,0,0,0.2,2,9
eclipse.pde.ui-20100428-1600,org.eclipse.pde.internal.ua.ui.editor.cheatsheet.simple.details,SimpleCSIntroDetails,5,0,15,13,133,27,0,0,0.2,1,7
eclipse.pde.ui-20100428-1600,org.eclipse.pde.internal.ua.ui.editor.cheatsheet.simple.details,SimpleCSItemDetails,9,0,20,15,217,39,0,0,0.1,1,9
eclipse.pde.ui-20100428-1600,org.eclipse.pde.internal.ua.ui.editor.cheatsheet.simple.details,SimpleCSSubItemDetails,5,0,10,10,103,16,0,0,0.0,1,7
eclipse.pde.ui-20100428-1600,org.eclipse.pde.internal.ua.ui.editor.cheatsheet.simple.details,SimpleDetailsMessages,39,38,1,0,46,1,0,0,0.0,6,0
eclipse.pde.ui-20100428-1600,org.eclipse.pde.internal.ua.ui.editor.ctxhelp,CtxHelpBlock,1,0,8,6,66,15,0,0,0.25,1,3
eclipse.pde.ui-20100428-1600,org.eclipse.pde.internal.ua.ui.editor.ctxhelp,CtxHelpContentProvider,0,0,4,4,30,7,0,0,-1.0,0,1
eclipse.pde.ui-20100428-1600,org.eclipse.pde.internal.ua.ui.editor.ctxhelp,CtxHelpEditor,0,0,34,18,227,57,0,0,-1.0,0,12
eclipse.pde.ui-20100428-1600,org.eclipse.pde.internal.ua.ui.editor.ctxhelp,CtxHelpFormOutlinePage,0,0,6,4,48,11,0,0,-1.0,0,5
eclipse.pde.ui-20100428-1600,org.eclipse.pde.internal.ua.ui.editor.ctxhelp,CtxHelpLabelProvider,0,0,2,2,15,3,0,0,-1.0,0,1
eclipse.pde.ui-20100428-1600,org.eclipse.pde.internal.ua.ui.editor.ctxhelp,CtxHelpInputContext,1,1,6,3,54,10,0,0,1.0,7,3
eclipse.pde.ui-20100428-1600,org.eclipse.pde.internal.ua.ui.editor.ctxhelp,CtxHelpInputContextManager,0,0,2,2,17,3,0,0,-1.0,0,3
eclipse.pde.ui-20100428-1600,org.eclipse.pde.internal.ua.ui.editor.ctxhelp,CtxHelpMessages,31,30,1,0,38,1,0,0,0.0,5,0
eclipse.pde.ui-20100428-1600,org.eclipse.pde.internal.ua.ui.editor.ctxhelp,CtxHelpPage,2,1,9,6,94,20,0,0,0.3333333333333333,1,9
eclipse.pde.ui-20100428-1600,org.eclipse.pde.internal.ua.ui.editor.ctxhelp,CtxHelpSourcePage,0,0,12,7,56,15,0,0,-1.0,0,5
eclipse.pde.ui-20100428-1600,org.eclipse.pde.internal.ua.ui.editor.ctxhelp,CtxHelpTreeSection,20,0,51,26,687,142,0,0,0.21568627450980393,6,13
eclipse.pde.ui-20100428-1600,org.eclipse.pde.internal.ua.ui.editor.ctxhelp,OpenLinkAction,1,0,3,3,18,4,0,0,0.6666666666666666,0,1
eclipse.pde.ui-20100428-1600,org.eclipse.pde.internal.ua.ui.editor.ctxhelp.details,CtxHelpAbstractAddAction,2,0,4,3,50,7,0,0,0.0,1,1
eclipse.pde.ui-20100428-1600,org.eclipse.pde.internal.ua.ui.editor.ctxhelp.details,CtxHelpAbstractDetails,4,0,20,14,127,22,4,0,0.3,0,3
eclipse.pde.ui-20100428-1600,org.eclipse.pde.internal.ua.ui.editor.ctxhelp.details,CtxHelpCommandDetails,3,0,10,8,65,16,0,1,0.4,0,5
eclipse.pde.ui-20100428-1600,org.eclipse.pde.internal.ua.ui.editor.ctxhelp.details,CtxHelpContextDetails,4,0,11,9,90,21,0,1,0.36363636363636365,0,5
eclipse.pde.ui-20100428-1600,org.eclipse.pde.internal.ua.ui.editor.ctxhelp.details,CtxHelpDescriptionDetails,2,0,9,7,55,13,0,1,0.4444444444444444,0,5
eclipse.pde.ui-20100428-1600,org.eclipse.pde.internal.ua.ui.editor.ctxhelp.details,CtxHelpDetailsMessages,25,24,1,0,32,1,0,0,0.0,5,0
eclipse.pde.ui-20100428-1600,org.eclipse.pde.internal.ua.ui.editor.ctxhelp.details,CtxHelpRemoveAction,2,0,6,5,57,12,0,0,0.3333333333333333,1,2
eclipse.pde.ui-20100428-1600,org.eclipse.pde.internal.ua.ui.editor.ctxhelp.details,CtxHelpTopicDetails,3,0,15,10,111,24,0,1,0.26666666666666666,0,6
eclipse.pde.ui-20100428-1600,org.eclipse.pde.internal.ua.ui.editor.toc,HelpEditorUtil,3,2,6,4,82,15,0,0,0.5,8,6
eclipse.pde.ui-20100428-1600,org.eclipse.pde.internal.ua.ui.editor.toc,TocBlock,5,0,8,6,68,15,0,0,0.25,1,3
eclipse.pde.ui-20100428-1600,org.eclipse.pde.internal.ua.ui.editor.toc,TocContentProvider,0,0,5,5,33,9,0,0,-1.0,0,0
eclipse.pde.ui-20100428-1600,org.eclipse.pde.internal.ua.ui.editor.toc,TocDragAdapter,2,0,6,5,73,16,0,0,0.0,1,3
eclipse.pde.ui-20100428-1600,org.eclipse.pde.internal.ua.ui.editor.toc,TocDropAdapter,2,1,12,9,128,31,0,0,0.4166666666666667,1,5
eclipse.pde.ui-20100428-1600,org.eclipse.pde.internal.ua.ui.editor.toc,TocEditor,1,0,39,18,249,68,0,0,0.5897435897435898,0,10
eclipse.pde.ui-20100428-1600,org.eclipse.pde.internal.ua.ui.editor.toc,TocEditorContributor,0,0,2,2,8,2,0,0,-1.0,0,0
eclipse.pde.ui-20100428-1600,org.eclipse.pde.internal.ua.ui.editor.toc,TocFileValidator,1,0,4,2,33,8,0,0,0.0,0,4
eclipse.pde.ui-20100428-1600,org.eclipse.pde.internal.ua.ui.editor.toc,TocFoldingStructureProvider,1,0,3,2,30,6,0,0,0.6666666666666666,0,4
eclipse.pde.ui-20100428-1600,org.eclipse.pde.internal.ua.ui.editor.toc,TocFormOutlinePage,0,0,7,4,52,12,0,0,-1.0,0,6
eclipse.pde.ui-20100428-1600,org.eclipse.pde.internal.ua.ui.editor.toc,TocLabelProvider,0,0,2,2,14,3,0,0,-1.0,0,0
eclipse.pde.ui-20100428-1600,org.eclipse.pde.internal.ua.ui.editor.toc,TocHTMLTitleUtil,3,0,2,1,39,4,0,0,0.0,2,1
eclipse.pde.ui-20100428-1600,org.eclipse.pde.internal.ua.ui.editor.toc,TocHyperlinkDetector,0,0,2,1,40,11,0,0,-1.0,0,7
eclipse.pde.ui-20100428-1600,org.eclipse.pde.internal.ua.ui.editor.toc,TocInputContext,1,1,6,3,55,10,0,0,1.0,7,3
eclipse.pde.ui-20100428-1600,org.eclipse.pde.internal.ua.ui.editor.toc,TocInputContextManager,0,0,2,2,18,3,0,0,-1.0,0,3
eclipse.pde.ui-20100428-1600,org.eclipse.pde.internal.ua.ui.editor.toc,TocMessages,26,25,1,0,33,1,0,0,0.0,6,0
eclipse.pde.ui-20100428-1600,org.eclipse.pde.internal.ua.ui.editor.toc,TocPage,2,1,11,6,131,30,0,0,0.2727272727272727,1,12
eclipse.pde.ui-20100428-1600,org.eclipse.pde.internal.ua.ui.editor.toc,TocSourcePage,0,0,14,8,66,18,0,0,-1.0,0,7
eclipse.pde.ui-20100428-1600,org.eclipse.pde.internal.ua.ui.editor.toc,TocTreeSection,20,0,54,18,810,160,0,0,0.09259259259259259,8,17
eclipse.pde.ui-20100428-1600,org.eclipse.pde.internal.ua.ui.editor.toc,TocOpenLinkAction,1,0,3,3,14,4,0,0,0.6666666666666666,1,1
eclipse.pde.ui-20100428-1600,org.eclipse.pde.internal.ua.ui.editor.toc.actions,TocActionMessages,5,4,1,0,12,1,0,0,0.0,4,0
eclipse.pde.ui-20100428-1600,org.eclipse.pde.internal.ua.ui.editor.toc.actions,TocAddAnchorAction,0,0,2,2,16,3,0,1,-1.0,0,3
eclipse.pde.ui-20100428-1600,org.eclipse.pde.internal.ua.ui.editor.toc.actions,TocAddLinkAction,0,0,2,2,13,3,0,1,-1.0,0,3
eclipse.pde.ui-20100428-1600,org.eclipse.pde.internal.ua.ui.editor.toc.actions,TocAddObjectAction,2,0,4,3,46,6,3,0,0.0,0,1
eclipse.pde.ui-20100428-1600,org.eclipse.pde.internal.ua.ui.editor.toc.actions,TocAddTopicAction,0,0,2,2,13,3,0,1,-1.0,0,3
eclipse.pde.ui-20100428-1600,org.eclipse.pde.internal.ua.ui.editor.toc.actions,TocRemoveObjectAction,2,0,6,5,53,12,0,0,0.0,0,2
eclipse.pde.ui-20100428-1600,org.eclipse.pde.internal.ua.ui.editor.toc.details,HelpEditorFilter,0,0,1,1,24,6,0,0,-1.0,0,1
eclipse.pde.ui-20100428-1600,org.eclipse.pde.internal.ua.ui.editor.toc.details,TocAbstractDetails,4,0,26,14,133,30,4,0,0.23076923076923078,0,3
eclipse.pde.ui-20100428-1600,org.eclipse.pde.internal.ua.ui.editor.toc.details,TocAnchorDetails,2,0,15,8,80,19,0,1,0.26666666666666666,0,5
eclipse.pde.ui-20100428-1600,org.eclipse.pde.internal.ua.ui.editor.toc.details,TocDetails,4,0,26,12,167,35,0,1,0.15384615384615385,0,6
eclipse.pde.ui-20100428-1600,org.eclipse.pde.internal.ua.ui.editor.toc.details,TocDetailsMessages,28,27,1,0,35,1,0,0,0.0,4,0
eclipse.pde.ui-20100428-1600,org.eclipse.pde.internal.ua.ui.editor.toc.details,TocLinkDetails,2,0,19,10,100,24,0,1,0.2631578947368421,0,7
eclipse.pde.ui-20100428-1600,org.eclipse.pde.internal.ua.ui.editor.toc.details,TocTopicDetails,3,0,22,11,132,29,0,1,0.18181818181818182,0,6
eclipse.pde.ui-20100428-1600,org.eclipse.pde.internal.ua.ui.wizards.cheatsheet,BaseCSCreationOperation,1,0,7,4,65,13,2,0,0.42857142857142855,1,2
eclipse.pde.ui-20100428-1600,org.eclipse.pde.internal.ua.ui.wizards.cheatsheet,CSCategoryTrackerUtil,6,3,7,7,66,8,0,0,0.0,2,0
eclipse.pde.ui-20100428-1600,org.eclipse.pde.internal.ua.ui.wizards.cheatsheet,CSFileWizardPage,6,2,7,5,83,9,1,0,0.5714285714285714,1,2
eclipse.pde.ui-20100428-1600,org.eclipse.pde.internal.ua.ui.wizards.cheatsheet,CSWizardMessages,40,39,1,0,47,1,0,0,0.0,10,0
eclipse.pde.ui-20100428-1600,org.eclipse.pde.internal.ua.ui.wizards.cheatsheet,CompCSCreationOperation,0,0,6,4,67,6,0,1,-1.0,3,3
eclipse.pde.ui-20100428-1600,org.eclipse.pde.internal.ua.ui.wizards.cheatsheet,IRegisterCSData,0,0,9,9,41,9,1,0,-1.0,1,0
eclipse.pde.ui-20100428-1600,org.eclipse.pde.internal.ua.ui.wizards.cheatsheet,NewCSFileWizard,1,0,6,4,50,8,1,0,0.6666666666666666,0,4
eclipse.pde.ui-20100428-1600,org.eclipse.pde.internal.ua.ui.wizards.cheatsheet,NewCategoryNameDialog,2,0,13,2,101,13,0,0,0.15384615384615385,1,2
eclipse.pde.ui-20100428-1600,org.eclipse.pde.internal.ua.ui.wizards.cheatsheet,NewSimpleCSFileWizard,0,0,2,2,14,2,0,1,-1.0,1,0
eclipse.pde.ui-20100428-1600,org.eclipse.pde.internal.ua.ui.wizards.cheatsheet,RegisterCSOperation,8,6,27,6,394,69,0,0,0.07407407407407407,2,27
eclipse.pde.ui-20100428-1600,org.eclipse.pde.internal.ua.ui.wizards.cheatsheet,FindCSExtensionResult,2,2,3,3,25,3,0,0,0.0,1,0
eclipse.pde.ui-20100428-1600,org.eclipse.pde.internal.ua.ui.wizards.cheatsheet,RegisterCSWizard,2,0,5,4,45,7,0,0,0.4,1,5
eclipse.pde.ui-20100428-1600,org.eclipse.pde.internal.ua.ui.wizards.cheatsheet,RegisterCSWizardPage,15,4,44,15,421,71,2,1,0.09090909090909091,2,10
eclipse.pde.ui-20100428-1600,org.eclipse.pde.internal.ua.ui.wizards.cheatsheet,RegisterCompCSWizardPage,0,0,3,3,17,3,0,2,-1.0,0,1
eclipse.pde.ui-20100428-1600,org.eclipse.pde.internal.ua.ui.wizards.cheatsheet,RegisterSimpleCSWizardPage,0,0,3,3,17,3,0,2,-1.0,0,1
eclipse.pde.ui-20100428-1600,org.eclipse.pde.internal.ua.ui.wizards.cheatsheet,SimpleCSCreationOperation,0,0,4,2,44,4,0,1,-1.0,0,3
eclipse.pde.ui-20100428-1600,org.eclipse.pde.internal.ua.ui.wizards.cheatsheet,SimpleCSFileWizardPage,3,1,7,4,51,9,0,1,0.5714285714285714,1,2
eclipse.pde.ui-20100428-1600,org.eclipse.pde.internal.ua.ui.wizards.ctxhelp,CtxWizardMessages,14,13,1,0,21,1,0,0,0.0,6,0
eclipse.pde.ui-20100428-1600,org.eclipse.pde.internal.ua.ui.wizards.ctxhelp,NewCtxHelpOperation,1,0,5,2,57,11,0,0,0.0,0,7
eclipse.pde.ui-20100428-1600,org.eclipse.pde.internal.ua.ui.wizards.ctxhelp,NewCtxHelpWizard,1,0,5,3,38,5,0,0,0.6,0,3
eclipse.pde.ui-20100428-1600,org.eclipse.pde.internal.ua.ui.wizards.ctxhelp,NewCtxHelpWizardPage,1,0,3,2,19,3,0,0,1.0,1,1
eclipse.pde.ui-20100428-1600,org.eclipse.pde.internal.ua.ui.wizards.ctxhelp,RegisterCtxHelpOperation,8,2,13,1,192,41,0,0,0.0,0,21
eclipse.pde.ui-20100428-1600,org.eclipse.pde.internal.ua.ui.wizards.ctxhelp,RegisterCtxHelpWizard,3,0,6,5,68,6,0,0,0.5,1,4
eclipse.pde.ui-20100428-1600,org.eclipse.pde.internal.ua.ui.wizards.ctxhelp,RegisterCtxHelpWizardPage,1,0,3,2,35,3,0,0,0.6666666666666666,0,1
eclipse.pde.ui-20100428-1600,org.eclipse.pde.internal.ua.ui.wizards.toc,IRegisterTOCData,0,0,3,3,14,3,1,0,-1.0,1,0
eclipse.pde.ui-20100428-1600,org.eclipse.pde.internal.ua.ui.wizards.toc,NewTocFileWizard,2,0,6,4,38,7,0,1,0.5,0,3
eclipse.pde.ui-20100428-1600,org.eclipse.pde.internal.ua.ui.wizards.toc,RegisterTocOperation,10,8,23,6,306,52,0,0,0.08695652173913043,2,23
eclipse.pde.ui-20100428-1600,org.eclipse.pde.internal.ua.ui.wizards.toc,FindTocExtensionResult,2,2,3,3,25,3,0,0,0.0,1,0
eclipse.pde.ui-20100428-1600,org.eclipse.pde.internal.ua.ui.wizards.toc,RegisterTocWizard,2,0,5,4,40,5,0,0,0.4,1,5
eclipse.pde.ui-20100428-1600,org.eclipse.pde.internal.ua.ui.wizards.toc,RegisterTocWizardPage,8,3,19,7,167,33,0,1,0.10526315789473684,1,5
eclipse.pde.ui-20100428-1600,org.eclipse.pde.internal.ua.ui.wizards.toc,TocHTMLOperation,1,0,3,1,75,3,0,0,0.0,1,2
eclipse.pde.ui-20100428-1600,org.eclipse.pde.internal.ua.ui.wizards.toc,TocHTMLWizard,1,0,4,3,39,6,1,0,0.5,1,2
eclipse.pde.ui-20100428-1600,org.eclipse.pde.internal.ua.ui.wizards.toc,TocHTMLWizardPage,1,0,6,2,43,10,0,0,0.8333333333333334,0,3
eclipse.pde.ui-20100428-1600,org.eclipse.pde.internal.ua.ui.wizards.toc,TocOperation,2,0,6,2,51,12,0,0,0.0,0,7
eclipse.pde.ui-20100428-1600,org.eclipse.pde.internal.ua.ui.wizards.toc,TocWizardMessages,21,20,1,0,28,1,0,0,0.0,8,0
eclipse.pde.ui-20100428-1600,org.eclipse.pde.internal.ua.ui.wizards.toc,TocWizardPage,1,0,5,3,30,7,0,0,0.8,1,2
eclipse.pde.ui-20100428-1600,org.eclipse.pde.core,IBaseModel,0,0,4,0,27,4,1,0,-1.0,69,0
eclipse.pde.ui-20100428-1600,org.eclipse.pde.core,IEditable,0,0,4,3,28,4,1,0,-1.0,1,0
eclipse.pde.ui-20100428-1600,org.eclipse.pde.core,IEditableModel,0,0,1,0,12,1,0,1,-1.0,1,0
eclipse.pde.ui-20100428-1600,org.eclipse.pde.core,IIdentifiable,1,1,2,1,22,2,0,0,-1.0,6,0
eclipse.pde.ui-20100428-1600,org.eclipse.pde.core,IModel,0,0,9,5,58,9,0,1,-1.0,40,0
eclipse.pde.ui-20100428-1600,org.eclipse.pde.core,IModelChangeProvider,0,0,4,4,31,4,0,0,-1.0,12,2
eclipse.pde.ui-20100428-1600,org.eclipse.pde.core,IModelChangedEvent,4,0,6,6,54,6,1,0,-1.0,152,0
eclipse.pde.ui-20100428-1600,org.eclipse.pde.core,IModelChangedListener,0,0,1,1,12,1,0,0,-1.0,3,1
eclipse.pde.ui-20100428-1600,org.eclipse.pde.core,IModelProvider,0,0,3,1,24,3,0,0,-1.0,0,1
eclipse.pde.ui-20100428-1600,org.eclipse.pde.core,IModelProviderEvent,5,0,5,0,54,5,0,0,-1.0,10,0
eclipse.pde.ui-20100428-1600,org.eclipse.pde.core,IModelProviderListener,0,0,1,1,12,1,0,0,-1.0,3,1
eclipse.pde.ui-20100428-1600,org.eclipse.pde.core,ISourceObject,0,0,2,2,18,2,0,0,-1.0,1,0
eclipse.pde.ui-20100428-1600,org.eclipse.pde.core,IWritable,0,0,1,0,14,1,0,0,-1.0,1,0
eclipse.pde.ui-20100428-1600,org.eclipse.pde.core,ModelChangedEvent,6,0,8,8,82,8,0,1,0.0,0,1
eclipse.pde.ui-20100428-1600,org.eclipse.pde.core.build,IBuild,0,0,4,0,28,4,0,0,-1.0,20,1
eclipse.pde.ui-20100428-1600,org.eclipse.pde.core.build,IBuildEntry,7,7,8,0,77,8,0,0,-1.0,39,0
eclipse.pde.ui-20100428-1600,org.eclipse.pde.core.build,IBuildModel,0,0,3,0,22,3,0,0,-1.0,14,0
eclipse.pde.ui-20100428-1600,org.eclipse.pde.core.build,IBuildModelFactory,0,0,1,0,12,1,0,0,-1.0,3,0
eclipse.pde.ui-20100428-1600,org.eclipse.pde.core.plugin,IExtensions,1,0,8,0,54,8,1,1,-1.0,2,2
eclipse.pde.ui-20100428-1600,org.eclipse.pde.core.plugin,IExtensionsModel,0,0,0,0,7,0,0,2,-1.0,0,0
eclipse.pde.ui-20100428-1600,org.eclipse.pde.core.plugin,IExtensionsModelFactory,0,0,4,0,30,4,1,0,-1.0,0,2
eclipse.pde.ui-20100428-1600,org.eclipse.pde.core.plugin,IFragment,3,0,6,0,52,6,0,3,-1.0,0,0
eclipse.pde.ui-20100428-1600,org.eclipse.pde.core.plugin,IFragmentModel,0,0,1,0,12,1,0,3,-1.0,1,0
eclipse.pde.ui-20100428-1600,org.eclipse.pde.core.plugin,IMatchRules,12,0,0,0,55,0,1,0,-1.0,7,0
eclipse.pde.ui-20100428-1600,org.eclipse.pde.core.plugin,IPlugin,1,0,2,0,21,2,0,3,-1.0,4,0
eclipse.pde.ui-20100428-1600,org.eclipse.pde.core.plugin,IPluginAttribute,1,0,2,0,21,2,0,1,-1.0,4,0
eclipse.pde.ui-20100428-1600,org.eclipse.pde.core.plugin,IPluginBase,5,0,14,0,99,14,2,2,-1.0,35,2
eclipse.pde.ui-20100428-1600,org.eclipse.pde.core.plugin,IPluginElement,3,0,8,0,61,8,0,2,-1.0,26,0
eclipse.pde.ui-20100428-1600,org.eclipse.pde.core.plugin,IPluginExtension,1,0,3,0,24,3,0,2,-1.0,29,0
eclipse.pde.ui-20100428-1600,org.eclipse.pde.core.plugin,IPluginExtensionPoint,1,0,3,0,25,3,0,1,-1.0,9,0
eclipse.pde.ui-20100428-1600,org.eclipse.pde.core.plugin,IPluginImport,2,0,4,0,35,4,0,2,-1.0,12,0
eclipse.pde.ui-20100428-1600,org.eclipse.pde.core.plugin,IPluginLibrary,6,0,11,0,84,11,0,1,-1.0,11,0
eclipse.pde.ui-20100428-1600,org.eclipse.pde.core.plugin,IPluginModel,0,0,1,0,12,1,0,3,-1.0,0,0
eclipse.pde.ui-20100428-1600,org.eclipse.pde.core.plugin,IPluginModelBase,0,0,11,0,65,11,2,2,-1.0,190,0
eclipse.pde.ui-20100428-1600,org.eclipse.pde.core.plugin,IPluginModelFactory,0,0,2,0,17,2,0,1,-1.0,14,0
eclipse.pde.ui-20100428-1600,org.eclipse.pde.core.plugin,IPluginObject,1,0,11,0,65,11,6,0,-1.0,17,0
eclipse.pde.ui-20100428-1600,org.eclipse.pde.core.plugin,IPluginParent,1,0,7,0,50,7,2,1,-1.0,2,1
eclipse.pde.ui-20100428-1600,org.eclipse.pde.core.plugin,IPluginReference,2,0,4,0,37,4,1,1,-1.0,11,0
eclipse.pde.ui-20100428-1600,org.eclipse.pde.core.plugin,ISharedExtensionsModel,0,0,2,0,18,2,2,1,-1.0,6,0
eclipse.pde.ui-20100428-1600,org.eclipse.pde.core.plugin,ISharedPluginModel,0,0,2,0,16,2,1,0,-1.0,4,0
eclipse.pde.ui-20100428-1600,org.eclipse.pde.core.plugin,ModelEntry,3,0,10,9,119,26,0,0,0.2,4,1
eclipse.pde.ui-20100428-1600,org.eclipse.pde.core.plugin,PluginRegistry,0,0,17,15,210,30,0,0,-1.0,76,6
eclipse.pde.ui-20100428-1600,org.eclipse.pde.core.plugin,PluginFilter,0,0,1,1,16,1,0,0,-1.0,1,1
eclipse.pde.ui-20100428-1600,org.eclipse.pde.core.plugin,TargetPlatform,5,0,13,12,125,19,0,0,0.6923076923076923,35,2
eclipse.pde.ui-20100428-1600,org.eclipse.pde.core.project,IBundleClasspathEntry,0,0,3,3,23,3,0,0,-1.0,4,0
eclipse.pde.ui-20100428-1600,org.eclipse.pde.core.project,IBundleProjectDescription,8,8,53,53,321,53,0,0,-1.0,3,7
eclipse.pde.ui-20100428-1600,org.eclipse.pde.core.project,IBundleProjectService,0,0,7,7,62,7,0,0,-1.0,2,0
eclipse.pde.ui-20100428-1600,org.eclipse.pde.core.project,IHostDescription,0,0,2,2,18,2,0,0,-1.0,1,0
eclipse.pde.ui-20100428-1600,org.eclipse.pde.core.project,IPackageExportDescription,0,0,4,4,28,4,0,0,-1.0,3,0
eclipse.pde.ui-20100428-1600,org.eclipse.pde.core.project,IPackageImportDescription,0,0,3,3,23,3,0,0,-1.0,1,0
eclipse.pde.ui-20100428-1600,org.eclipse.pde.core.project,IRequiredBundleDescription,0,0,4,4,28,4,0,0,-1.0,1,0
eclipse.pde.ui-20100428-1600,org.eclipse.pde.internal.core,AbstractModel,6,0,22,18,85,26,1,1,0.45454545454545453,0,5
eclipse.pde.ui-20100428-1600,org.eclipse.pde.internal.core,AbstractModelManager,1,0,5,4,23,7,2,0,0.0,0,2
eclipse.pde.ui-20100428-1600,org.eclipse.pde.internal.core,AbstractNLModel,2,0,6,5,31,11,0,2,0.3333333333333333,0,2
eclipse.pde.ui-20100428-1600,org.eclipse.pde.internal.core,BinaryRepositoryProvider,3,1,19,16,134,30,0,0,0.47368421052631576,0,3
eclipse.pde.ui-20100428-1600,org.eclipse.pde.internal.core,BinaryMoveDeleteHook,0,0,6,6,46,10,0,0,-1.0,0,0
eclipse.pde.ui-20100428-1600,org.eclipse.pde.internal.core,BinaryFileModificationValidator,0,0,2,2,22,5,0,0,-1.0,0,0
eclipse.pde.ui-20100428-1600,org.eclipse.pde.internal.core,BundleManifestSourceLocationManager,1,0,8,6,181,29,0,0,0.0,1,6
eclipse.pde.ui-20100428-1600,org.eclipse.pde.internal.core,BundleValidationOperation,4,0,6,6,42,11,0,0,0.3333333333333333,1,2
eclipse.pde.ui-20100428-1600,org.eclipse.pde.internal.core,ClasspathComputer,4,0,18,7,283,64,0,0,0.1111111111111111,7,8
eclipse.pde.ui-20100428-1600,org.eclipse.pde.internal.core,ClasspathHelper,2,0,12,3,299,80,0,0,0.0,7,9
eclipse.pde.ui-20100428-1600,org.eclipse.pde.internal.core,ClasspathUtilCore,0,0,17,12,132,48,0,0,-1.0,21,7
eclipse.pde.ui-20100428-1600,org.eclipse.pde.internal.core,DependencyManager,0,0,8,4,158,30,0,0,-1.0,5,7
eclipse.pde.ui-20100428-1600,org.eclipse.pde.internal.core,EclipseHomeInitializer,1,1,2,2,18,2,0,0,0.0,2,4
eclipse.pde.ui-20100428-1600,org.eclipse.pde.internal.core,ExtensionDeltaEvent,4,0,5,5,24,5,0,1,0.0,0,1
eclipse.pde.ui-20100428-1600,org.eclipse.pde.internal.core,ExternalFeatureModelManager,3,0,11,7,174,36,0,0,0.0,6,11
eclipse.pde.ui-20100428-1600,org.eclipse.pde.internal.core,ExternalJavaSearchClasspathContainer,1,0,4,4,24,5,0,0,1.0,1,3
eclipse.pde.ui-20100428-1600,org.eclipse.pde.internal.core,ExternalJavaSearchInitializer,1,0,1,1,11,1,0,0,0.0,0,2
eclipse.pde.ui-20100428-1600,org.eclipse.pde.internal.core,ExternalModelManager,1,0,4,1,97,26,0,1,0.5,1,8
eclipse.pde.ui-20100428-1600,org.eclipse.pde.internal.core,FeatureModelDelta,4,0,9,5,55,17,0,1,0.3333333333333333,1,1
eclipse.pde.ui-20100428-1600,org.eclipse.pde.internal.core,FeatureModelManager,7,0,18,14,285,69,0,0,0.0,17,8
eclipse.pde.ui-20100428-1600,org.eclipse.pde.internal.core,FeatureTable,6,0,19,16,188,38,0,0,0.15789473684210525,1,3
eclipse.pde.ui-20100428-1600,org.eclipse.pde.internal.core,Idver,2,0,7,7,33,11,0,0,0.0,1,0
eclipse.pde.ui-20100428-1600,org.eclipse.pde.internal.core,FileAdapter,5,0,11,10,55,16,1,0,0.18181818181818182,5,3
eclipse.pde.ui-20100428-1600,org.eclipse.pde.internal.core,ICoreConstants,106,76,0,0,165,0,1,0,-1.0,102,1
eclipse.pde.ui-20100428-1600,org.eclipse.pde.internal.core,IExtensionDeltaEvent,3,0,4,4,18,4,1,0,-1.0,4,0
eclipse.pde.ui-20100428-1600,org.eclipse.pde.internal.core,IExtensionDeltaListener,0,0,1,1,3,1,1,0,-1.0,2,1
eclipse.pde.ui-20100428-1600,org.eclipse.pde.internal.core,IFeatureModelDelta,3,3,4,4,9,4,1,0,-1.0,7,0
eclipse.pde.ui-20100428-1600,org.eclipse.pde.internal.core,IFeatureModelListener,0,0,1,1,3,1,0,0,-1.0,1,1
eclipse.pde.ui-20100428-1600,org.eclipse.pde.internal.core,IFileAdapterFactory,0,0,1,1,3,1,1,0,-1.0,2,1
eclipse.pde.ui-20100428-1600,org.eclipse.pde.internal.core,IModelChangeProviderExtension,0,0,1,0,10,1,1,0,-1.0,3,2
eclipse.pde.ui-20100428-1600,org.eclipse.pde.internal.core,IModelChangedListenerFilter,0,0,1,1,11,1,0,0,-1.0,2,1
eclipse.pde.ui-20100428-1600,org.eclipse.pde.internal.core,IPluginModelListener,0,0,1,1,3,1,2,0,-1.0,2,1
eclipse.pde.ui-20100428-1600,org.eclipse.pde.internal.core,IStateDeltaListener,0,0,2,2,4,2,0,0,-1.0,1,0
eclipse.pde.ui-20100428-1600,org.eclipse.pde.internal.core,IWorkspaceModel,0,0,1,1,8,1,0,0,-1.0,1,0
eclipse.pde.ui-20100428-1600,org.eclipse.pde.internal.core,JavaElementChangeListener,2,0,13,4,147,38,0,0,0.0,1,5
eclipse.pde.ui-20100428-1600,org.eclipse.pde.internal.core,JavadocLocationManager,2,1,6,2,95,26,0,0,0.0,3,4
eclipse.pde.ui-20100428-1600,org.eclipse.pde.internal.core,MinimalState,10,0,26,12,265,67,1,0,0.11538461538461539,2,6
eclipse.pde.ui-20100428-1600,org.eclipse.pde.internal.core,ModelFileAdapter,1,0,2,2,10,2,0,1,0.0,0,2
eclipse.pde.ui-20100428-1600,org.eclipse.pde.internal.core,ModelProviderEvent,5,0,6,6,29,6,0,0,0.0,2,1
eclipse.pde.ui-20100428-1600,org.eclipse.pde.internal.core,NLResourceHelper,4,2,6,5,80,14,0,0,0.0,5,1
eclipse.pde.ui-20100428-1600,org.eclipse.pde.internal.core,P2Utils,8,6,11,6,361,53,0,0,0.5454545454545454,8,5
eclipse.pde.ui-20100428-1600,org.eclipse.pde.internal.core,PDEAuxiliaryState,26,0,19,11,290,59,0,0,0.0,2,9
eclipse.pde.ui-20100428-1600,org.eclipse.pde.internal.core,PluginInfo,10,0,0,0,15,0,0,0,-1.0,0,0
eclipse.pde.ui-20100428-1600,org.eclipse.pde.internal.core,PDEClasspathContainer,5,0,11,3,109,31,1,0,0.0,2,5
eclipse.pde.ui-20100428-1600,org.eclipse.pde.internal.core,Rule,2,0,2,2,11,3,0,0,0.0,2,0
eclipse.pde.ui-20100428-1600,org.eclipse.pde.internal.core,PDECore,27,9,26,26,240,60,0,0,0.19230769230769232,216,20
eclipse.pde.ui-20100428-1600,org.eclipse.pde.internal.core,PDECoreMessages,227,226,0,0,232,0,0,0,-1.0,50,0
eclipse.pde.ui-20100428-1600,org.eclipse.pde.internal.core,PDEExtensionRegistry,7,0,20,14,178,55,0,0,0.0,4,5
eclipse.pde.ui-20100428-1600,org.eclipse.pde.internal.core,PDEManager,0,0,6,4,60,21,0,0,-1.0,11,1
eclipse.pde.ui-20100428-1600,org.eclipse.pde.internal.core,PDEPreferencesManager,3,0,17,17,172,17,0,0,0.0,19,1
eclipse.pde.ui-20100428-1600,org.eclipse.pde.internal.core,PDERegistryStrategy,6,0,20,10,220,61,1,0,0.0,1,6
eclipse.pde.ui-20100428-1600,org.eclipse.pde.internal.core,RegistryListener,1,0,2,1,12,4,2,0,0.0,0,0
eclipse.pde.ui-20100428-1600,org.eclipse.pde.internal.core,ModelListener,0,0,1,1,32,10,0,1,-1.0,0,1
eclipse.pde.ui-20100428-1600,org.eclipse.pde.internal.core,ExtensionListener,0,0,1,1,18,4,0,1,-1.0,0,1
eclipse.pde.ui-20100428-1600,org.eclipse.pde.internal.core,PDEState,6,0,35,19,373,89,0,1,0.05714285714285714,13,8
eclipse.pde.ui-20100428-1600,org.eclipse.pde.internal.core,PDEStateHelper,0,0,1,1,14,4,0,0,-1.0,2,0
eclipse.pde.ui-20100428-1600,org.eclipse.pde.internal.core,PluginModelDelta,7,3,8,5,46,13,0,0,0.375,11,1
eclipse.pde.ui-20100428-1600,org.eclipse.pde.internal.core,PluginModelManager,9,0,46,30,708,151,0,0,0.13043478260869565,6,21
eclipse.pde.ui-20100428-1600,org.eclipse.pde.internal.core,UpdateClasspathsJob,2,0,3,1,50,5,0,0,0.6666666666666666,0,2
eclipse.pde.ui-20100428-1600,org.eclipse.pde.internal.core,LocalModelEntry,0,0,3,3,28,5,0,0,-1.0,1,0
eclipse.pde.ui-20100428-1600,org.eclipse.pde.internal.core,PluginPathFinder,2,0,9,4,204,41,0,0,0.0,4,6
eclipse.pde.ui-20100428-1600,org.eclipse.pde.internal.core,PreferenceInitializer,0,0,1,1,65,2,0,0,-1.0,0,5
eclipse.pde.ui-20100428-1600,org.eclipse.pde.internal.core,RequiredPluginsClasspathContainer,4,0,24,6,334,98,0,1,0.25,0,10
eclipse.pde.ui-20100428-1600,org.eclipse.pde.internal.core,RequiredPluginsInitializer,0,0,3,3,14,4,0,0,-1.0,0,4
eclipse.pde.ui-20100428-1600,org.eclipse.pde.internal.core,SearchablePluginsManager,6,1,25,18,328,88,0,1,0.2,9,8
eclipse.pde.ui-20100428-1600,org.eclipse.pde.internal.core,Listener,0,0,2,1,32,11,0,0,-1.0,0,0
eclipse.pde.ui-20100428-1600,org.eclipse.pde.internal.core,SourceLocation,2,0,8,8,32,9,0,0,0.25,3,1
eclipse.pde.ui-20100428-1600,org.eclipse.pde.internal.core,SourceLocationKey,2,0,4,4,36,8,0,0,0.5,1,1
eclipse.pde.ui-20100428-1600,org.eclipse.pde.internal.core,SourceLocationManager,2,0,20,10,306,53,0,1,0.0,5,4
eclipse.pde.ui-20100428-1600,org.eclipse.pde.internal.core,TargetDefinitionManager,2,0,12,7,99,26,0,0,0.3333333333333333,2,1
eclipse.pde.ui-20100428-1600,org.eclipse.pde.internal.core,TargetPDERegistryStrategy,0,0,2,1,7,2,0,1,-1.0,0,1
eclipse.pde.ui-20100428-1600,org.eclipse.pde.internal.core,TargetPlatformHelper,5,4,30,27,429,114,0,0,0.43333333333333335,55,9
eclipse.pde.ui-20100428-1600,org.eclipse.pde.internal.core,TargetPlatformResetJob,1,0,3,1,32,6,0,0,0.0,0,7
eclipse.pde.ui-20100428-1600,org.eclipse.pde.internal.core,TargetPreferenceModifyListener,0,0,2,2,45,4,0,0,-1.0,0,2
eclipse.pde.ui-20100428-1600,org.eclipse.pde.internal.core,Visitor,0,0,1,1,30,3,0,0,-1.0,0,2
eclipse.pde.ui-20100428-1600,org.eclipse.pde.internal.core,TargetWeaver,3,0,4,3,130,21,0,0,0.0,5,3
eclipse.pde.ui-20100428-1600,org.eclipse.pde.internal.core,TracingOptionsManager,1,0,13,8,160,39,0,0,0.23076923076923078,2,4
eclipse.pde.ui-20100428-1600,org.eclipse.pde.internal.core,UpdateManagerHelper,2,0,9,6,82,20,0,0,0.2222222222222222,1,7
eclipse.pde.ui-20100428-1600,org.eclipse.pde.internal.core,LocalSite,2,0,5,5,28,8,0,0,0.0,1,1
eclipse.pde.ui-20100428-1600,org.eclipse.pde.internal.core,WorkspaceFeatureModelManager,0,0,7,0,49,14,0,2,-1.0,1,4
eclipse.pde.ui-20100428-1600,org.eclipse.pde.internal.core,WorkspaceModelManager,4,0,24,8,197,58,2,1,0.16666666666666666,24,6
eclipse.pde.ui-20100428-1600,org.eclipse.pde.internal.core,ModelChange,2,0,2,2,17,3,0,0,0.0,2,1
eclipse.pde.ui-20100428-1600,org.eclipse.pde.internal.core,WorkspacePluginModelManager,2,0,21,1,350,75,0,2,0.23809523809523808,1,12
eclipse.pde.ui-20100428-1600,org.eclipse.pde.internal.core,XMLCopyrightHandler,2,0,9,9,27,10,0,0,0.7777777777777778,1,1
eclipse.pde.ui-20100428-1600,org.eclipse.pde.internal.core,XMLDefaultHandler,4,0,14,13,69,26,0,0,0.2857142857142857,10,0
eclipse.pde.ui-20100428-1600,org.eclipse.pde.internal.core,XMLPrintHandler,11,11,11,11,158,29,0,0,0.18181818181818182,13,1
eclipse.pde.ui-20100428-1600,org.eclipse.pde.internal.core.build,Build,1,0,7,7,38,10,0,2,0.0,1,3
eclipse.pde.ui-20100428-1600,org.eclipse.pde.internal.core.build,BuildEntry,2,0,15,11,118,27,0,2,0.0,3,4
eclipse.pde.ui-20100428-1600,org.eclipse.pde.internal.core.build,BuildModel,3,0,6,6,49,12,2,0,0.3333333333333333,2,4
eclipse.pde.ui-20100428-1600,org.eclipse.pde.internal.core.build,BuildModelFactory,1,0,2,2,11,2,0,0,0.0,1,2
eclipse.pde.ui-20100428-1600,org.eclipse.pde.internal.core.build,BuildObject,2,0,7,4,27,8,2,1,0.42857142857142855,2,3
eclipse.pde.ui-20100428-1600,org.eclipse.pde.internal.core.build,ExternalBuildModel,2,0,7,5,51,9,0,1,0.42857142857142855,0,2
eclipse.pde.ui-20100428-1600,org.eclipse.pde.internal.core.build,IBuildObject,0,0,2,0,6,2,1,0,-1.0,2,0
eclipse.pde.ui-20100428-1600,org.eclipse.pde.internal.core.build,WorkspaceBuildModel,4,0,14,13,109,19,0,1,0.21428571428571427,18,2
eclipse.pde.ui-20100428-1600,org.eclipse.pde.internal.core.builders,BuildErrorReporter,29,0,31,6,889,237,1,1,0.0967741935483871,2,17
eclipse.pde.ui-20100428-1600,org.eclipse.pde.internal.core.builders,BuildProblem,6,0,2,1,24,6,0,0,0.0,2,1
eclipse.pde.ui-20100428-1600,org.eclipse.pde.internal.core.builders,WildcardFilenameFilter,1,0,2,2,10,2,0,0,0.0,0,1
eclipse.pde.ui-20100428-1600,org.eclipse.pde.internal.core.builders,BundleErrorReporter,3,0,57,3,921,262,0,2,0.07017543859649122,1,10
eclipse.pde.ui-20100428-1600,org.eclipse.pde.internal.core.builders,CompilerFlags,38,38,4,4,103,4,0,0,0.5,26,2
eclipse.pde.ui-20100428-1600,org.eclipse.pde.internal.core.builders,DefaultSAXParser,0,0,1,1,26,2,0,0,-1.0,4,2
eclipse.pde.ui-20100428-1600,org.eclipse.pde.internal.core.builders,DependencyLoop,2,0,5,4,19,5,0,0,0.4,4,1
eclipse.pde.ui-20100428-1600,org.eclipse.pde.internal.core.builders,DependencyLoopFinder,0,0,6,3,73,20,0,0,-1.0,3,7
eclipse.pde.ui-20100428-1600,org.eclipse.pde.internal.core.builders,ElementOccurenceChecker,0,0,21,2,335,63,0,0,-1.0,2,4
eclipse.pde.ui-20100428-1600,org.eclipse.pde.internal.core.builders,ElementOccurrenceResult,4,0,5,5,24,5,0,0,0.0,1,1
eclipse.pde.ui-20100428-1600,org.eclipse.pde.internal.core.builders,ErrorReporter,5,0,12,5,90,21,2,0,0.25,0,4
eclipse.pde.ui-20100428-1600,org.eclipse.pde.internal.core.builders,ExtensionPointSchemaBuilder,1,0,14,2,182,38,0,0,0.0,0,9
eclipse.pde.ui-20100428-1600,org.eclipse.pde.internal.core.builders,DeltaVisitor,1,0,2,2,23,7,0,0,0.0,0,0
eclipse.pde.ui-20100428-1600,org.eclipse.pde.internal.core.builders,ExtensionsErrorReporter,2,0,27,3,503,151,1,2,0.07407407407407407,0,11
eclipse.pde.ui-20100428-1600,org.eclipse.pde.internal.core.builders,FeatureConsistencyChecker,1,0,7,2,77,18,0,0,0.0,0,5
eclipse.pde.ui-20100428-1600,org.eclipse.pde.internal.core.builders,DeltaVisitor,1,0,2,2,29,6,0,0,0.0,0,1
eclipse.pde.ui-20100428-1600,org.eclipse.pde.internal.core.builders,FeatureErrorReporter,3,0,20,2,398,112,0,2,0.0,1,6
eclipse.pde.ui-20100428-1600,org.eclipse.pde.internal.core.builders,FeatureRebuilder,1,0,6,5,57,14,0,0,0.5,1,7
eclipse.pde.ui-20100428-1600,org.eclipse.pde.internal.core.builders,FragmentErrorReporter,0,0,3,1,15,6,0,4,-1.0,0,1
eclipse.pde.ui-20100428-1600,org.eclipse.pde.internal.core.builders,IHeader,0,0,5,5,7,5,1,0,-1.0,2,0
eclipse.pde.ui-20100428-1600,org.eclipse.pde.internal.core.builders,JarManifestErrorReporter,2,0,18,1,237,61,1,1,0.0,1,6
eclipse.pde.ui-20100428-1600,org.eclipse.pde.internal.core.builders,JarManifestHeader,6,0,8,8,60,11,0,1,0.0,1,4
eclipse.pde.ui-20100428-1600,org.eclipse.pde.internal.core.builders,ManifestConsistencyChecker,11,0,20,7,319,79,0,0,0.15,0,7
eclipse.pde.ui-20100428-1600,org.eclipse.pde.internal.core.builders,ClassChangeVisitor,2,0,3,3,30,8,0,0,0.0,0,0
eclipse.pde.ui-20100428-1600,org.eclipse.pde.internal.core.builders,SelfVisitor,1,0,3,3,64,16,0,0,0.0,0,1
eclipse.pde.ui-20100428-1600,org.eclipse.pde.internal.core.builders,ManifestFilter,0,0,1,1,5,1,0,0,-1.0,0,0
eclipse.pde.ui-20100428-1600,org.eclipse.pde.internal.core.builders,ManifestErrorReporter,1,0,19,3,126,35,3,1,0.5789473684210527,0,5
eclipse.pde.ui-20100428-1600,org.eclipse.pde.internal.core.builders,NodeListImpl,1,0,3,2,12,3,0,0,0.0,0,0
eclipse.pde.ui-20100428-1600,org.eclipse.pde.internal.core.builders,PDEBuilderHelper,0,0,2,2,35,11,0,0,-1.0,2,3
eclipse.pde.ui-20100428-1600,org.eclipse.pde.internal.core.builders,PDEMarkerFactory,45,45,1,1,53,1,0,0,0.0,26,0
eclipse.pde.ui-20100428-1600,org.eclipse.pde.internal.core.builders,PluginBaseErrorReporter,0,0,10,2,128,43,2,3,-1.0,0,5
eclipse.pde.ui-20100428-1600,org.eclipse.pde.internal.core.builders,PluginErrorReporter,0,0,3,1,13,4,0,4,-1.0,0,0
eclipse.pde.ui-20100428-1600,org.eclipse.pde.internal.core.builders,PluginRebuilder,2,0,6,5,62,15,0,0,0.5,1,5
eclipse.pde.ui-20100428-1600,org.eclipse.pde.internal.core.builders,SchemaErrorReporter,15,2,14,3,224,62,0,1,0.0,1,5
eclipse.pde.ui-20100428-1600,org.eclipse.pde.internal.core.builders,StackEntry,2,0,1,1,8,1,0,0,0.0,0,0
eclipse.pde.ui-20100428-1600,org.eclipse.pde.internal.core.builders,SchemaTransformer,10,2,23,2,332,84,0,0,0.0,4,1
eclipse.pde.ui-20100428-1600,org.eclipse.pde.internal.core.builders,SourceEntryErrorReporter,17,2,30,24,552,113,0,2,0.3333333333333333,1,7
eclipse.pde.ui-20100428-1600,org.eclipse.pde.internal.core.builders,ProjectFolder,4,0,7,6,33,9,2,0,0.2857142857142857,0,0
eclipse.pde.ui-20100428-1600,org.eclipse.pde.internal.core.builders,SourceFolder,1,0,2,2,15,2,0,1,0.0,0,0
eclipse.pde.ui-20100428-1600,org.eclipse.pde.internal.core.builders,OutputFolder,2,0,5,5,32,6,0,1,0.6,0,0
eclipse.pde.ui-20100428-1600,org.eclipse.pde.internal.core.builders,EncodingEntry,2,0,7,5,56,8,0,0,0.0,0,1
eclipse.pde.ui-20100428-1600,org.eclipse.pde.internal.core.builders,Visitor,1,0,2,1,37,8,0,0,0.0,0,0
eclipse.pde.ui-20100428-1600,org.eclipse.pde.internal.core.builders,MissingOutputEntry,2,2,1,1,10,2,0,0,0.0,0,0
eclipse.pde.ui-20100428-1600,org.eclipse.pde.internal.core.builders,UpdateSiteBuilder,1,0,5,2,70,14,0,0,0.0,0,6
eclipse.pde.ui-20100428-1600,org.eclipse.pde.internal.core.builders,DeltaVisitor,1,0,2,2,29,6,0,0,0.0,0,2
eclipse.pde.ui-20100428-1600,org.eclipse.pde.internal.core.builders,UpdateSiteErrorReporter,1,0,7,2,130,33,0,2,0.2857142857142857,1,1
eclipse.pde.ui-20100428-1600,org.eclipse.pde.internal.core.builders,XMLErrorReporter,18,3,34,20,303,74,2,0,0.08823529411764706,3,2
eclipse.pde.ui-20100428-1600,org.eclipse.pde.internal.core.builders,ElementData,2,0,1,1,7,1,0,0,0.0,0,0
eclipse.pde.ui-20100428-1600,org.eclipse.pde.internal.core.bundle,Bundle,2,0,8,7,44,14,0,1,0.0,6,0
eclipse.pde.ui-20100428-1600,org.eclipse.pde.internal.core.bundle,BundleFragment,1,0,9,7,77,19,0,1,0.3333333333333333,2,4
eclipse.pde.ui-20100428-1600,org.eclipse.pde.internal.core.bundle,BundleFragmentModel,1,0,3,3,14,3,0,1,1.0,0,1
eclipse.pde.ui-20100428-1600,org.eclipse.pde.internal.core.bundle,BundleModel,2,0,9,8,93,25,1,0,0.2222222222222222,1,5
eclipse.pde.ui-20100428-1600,org.eclipse.pde.internal.core.bundle,BundleObject,2,0,11,6,46,11,1,0,0.45454545454545453,1,5
eclipse.pde.ui-20100428-1600,org.eclipse.pde.internal.core.bundle,BundlePlugin,1,0,4,3,27,8,0,1,0.5,2,4
eclipse.pde.ui-20100428-1600,org.eclipse.pde.internal.core.bundle,BundlePluginBase,5,0,66,54,641,181,2,0,0.09090909090909091,15,14
eclipse.pde.ui-20100428-1600,org.eclipse.pde.internal.core.bundle,BundlePluginModel,1,0,3,3,14,3,0,1,1.0,0,1
eclipse.pde.ui-20100428-1600,org.eclipse.pde.internal.core.bundle,BundlePluginModelBase,6,0,44,42,202,72,2,0,0.29545454545454547,0,7
eclipse.pde.ui-20100428-1600,org.eclipse.pde.internal.core.bundle,WorkspaceBundleFragmentModel,1,0,3,3,14,3,0,1,1.0,0,1
eclipse.pde.ui-20100428-1600,org.eclipse.pde.internal.core.bundle,WorkspaceBundleModel,6,0,15,14,142,31,0,1,0.2,1,6
eclipse.pde.ui-20100428-1600,org.eclipse.pde.internal.core.bundle,WorkspaceBundlePluginModel,1,0,3,3,14,3,0,1,1.0,2,1
eclipse.pde.ui-20100428-1600,org.eclipse.pde.internal.core.bundle,WorkspaceBundlePluginModelBase,4,0,11,10,70,23,2,0,0.0,0,2
eclipse.pde.ui-20100428-1600,org.eclipse.pde.internal.core.content,BundleManifestDescriber,3,0,5,3,47,21,0,0,0.4,0,0
eclipse.pde.ui-20100428-1600,org.eclipse.pde.internal.core.converter,IModel,34,34,0,0,39,0,1,0,-1.0,3,0
eclipse.pde.ui-20100428-1600,org.eclipse.pde.internal.core.converter,PDEPluginConverter,0,0,3,2,40,6,0,0,-1.0,2,4
eclipse.pde.ui-20100428-1600,org.eclipse.pde.internal.core.converter,PluginConverter,29,10,34,9,497,115,0,0,0.0,7,8
eclipse.pde.ui-20100428-1600,org.eclipse.pde.internal.core.converter,PluginConverterParser,43,0,52,50,503,140,0,1,0.11538461538461539,2,6
eclipse.pde.ui-20100428-1600,org.eclipse.pde.internal.core.converter,PluginInfo,19,0,18,18,125,33,0,0,0.3333333333333333,2,4
eclipse.pde.ui-20100428-1600,org.eclipse.pde.internal.core.converter,Prerequisite,5,0,8,8,36,9,0,0,0.0,2,0
eclipse.pde.ui-20100428-1600,org.eclipse.pde.internal.core.exports,BuildUtilities,0,0,3,3,37,11,0,0,-1.0,3,1
eclipse.pde.ui-20100428-1600,org.eclipse.pde.internal.core.exports,ExecutionEnvironmentProfileManager,3,0,2,1,74,10,0,0,0.0,2,3
eclipse.pde.ui-20100428-1600,org.eclipse.pde.internal.core.exports,FeatureBasedExportOperation,1,0,5,1,87,18,2,1,0.4,0,3
eclipse.pde.ui-20100428-1600,org.eclipse.pde.internal.core.exports,FeatureExportInfo,15,15,0,0,17,0,0,0,-1.0,14,0
eclipse.pde.ui-20100428-1600,org.eclipse.pde.internal.core.exports,FeatureExportOperation,11,0,50,4,967,177,2,0,0.0,2,16
eclipse.pde.ui-20100428-1600,org.eclipse.pde.internal.core.exports,PluginExportOperation,0,0,5,1,28,8,0,2,-1.0,2,4
eclipse.pde.ui-20100428-1600,org.eclipse.pde.internal.core.exports,ProductExportOperation,10,0,24,4,365,87,0,1,0.125,3,13
eclipse.pde.ui-20100428-1600,org.eclipse.pde.internal.core.exports,SiteBuildOperation,4,0,9,1,154,27,0,2,0.2222222222222222,1,8
eclipse.pde.ui-20100428-1600,org.eclipse.pde.internal.core.exports,WorkspaceExportHelper,1,0,6,4,134,33,0,0,0.3333333333333333,1,8
eclipse.pde.ui-20100428-1600,org.eclipse.pde.internal.core.feature,AbstractFeatureModel,4,0,11,10,75,19,2,0,0.5454545454545454,0,7
eclipse.pde.ui-20100428-1600,org.eclipse.pde.internal.core.feature,ExternalFeatureModel,2,0,8,6,45,10,0,1,0.625,5,0
eclipse.pde.ui-20100428-1600,org.eclipse.pde.internal.core.feature,Feature,22,0,57,49,656,153,0,3,0.03508771929824561,6,3
eclipse.pde.ui-20100428-1600,org.eclipse.pde.internal.core.feature,FeatureChild,11,0,27,25,248,56,0,2,0.07407407407407407,2,2
eclipse.pde.ui-20100428-1600,org.eclipse.pde.internal.core.feature,FeatureData,8,0,24,20,211,32,1,2,0.16666666666666666,2,1
eclipse.pde.ui-20100428-1600,org.eclipse.pde.internal.core.feature,FeatureFactory,1,0,9,9,54,9,0,0,0.0,0,10
eclipse.pde.ui-20100428-1600,org.eclipse.pde.internal.core.feature,FeatureImport,6,0,21,18,168,43,0,3,0.09523809523809523,4,2
eclipse.pde.ui-20100428-1600,org.eclipse.pde.internal.core.feature,FeatureInfo,4,0,12,10,76,22,0,1,0.0,1,3
eclipse.pde.ui-20100428-1600,org.eclipse.pde.internal.core.feature,FeatureInstallHandler,3,0,7,6,46,11,0,1,0.0,1,0
eclipse.pde.ui-20100428-1600,org.eclipse.pde.internal.core.feature,FeatureObject,5,0,25,11,115,33,5,0,0.28,1,6
eclipse.pde.ui-20100428-1600,org.eclipse.pde.internal.core.feature,FeaturePlugin,4,0,15,13,111,30,0,3,0.13333333333333333,3,5
eclipse.pde.ui-20100428-1600,org.eclipse.pde.internal.core.feature,FeatureURL,3,0,7,6,85,21,0,1,0.0,1,3
eclipse.pde.ui-20100428-1600,org.eclipse.pde.internal.core.feature,FeatureURLElement,4,0,11,10,82,23,0,1,0.0,2,0
eclipse.pde.ui-20100428-1600,org.eclipse.pde.internal.core.feature,IdentifiableObject,2,0,5,3,27,6,3,1,0.0,0,0
eclipse.pde.ui-20100428-1600,org.eclipse.pde.internal.core.feature,VersionableObject,2,0,5,3,27,6,2,2,0.0,0,0
eclipse.pde.ui-20100428-1600,org.eclipse.pde.internal.core.feature,WorkspaceFeatureModel,4,0,18,16,143,28,0,1,0.16666666666666666,7,3
eclipse.pde.ui-20100428-1600,org.eclipse.pde.internal.core.ibundle,IBundle,0,0,7,0,14,7,0,0,-1.0,48,0
eclipse.pde.ui-20100428-1600,org.eclipse.pde.internal.core.ibundle,IBundleFragment,0,0,0,0,6,0,0,1,-1.0,0,0
eclipse.pde.ui-20100428-1600,org.eclipse.pde.internal.core.ibundle,IBundleFragmentModel,0,0,0,0,6,0,0,1,-1.0,0,0
eclipse.pde.ui-20100428-1600,org.eclipse.pde.internal.core.ibundle,IBundleModel,0,0,4,3,22,4,0,0,-1.0,18,0
eclipse.pde.ui-20100428-1600,org.eclipse.pde.internal.core.ibundle,IBundleModelFactory,0,0,2,0,17,2,0,0,-1.0,2,0
eclipse.pde.ui-20100428-1600,org.eclipse.pde.internal.core.ibundle,IBundlePlugin,0,0,1,0,6,1,0,1,-1.0,0,0
eclipse.pde.ui-20100428-1600,org.eclipse.pde.internal.core.ibundle,IBundlePluginBase,0,0,2,0,7,2,2,0,-1.0,0,0
eclipse.pde.ui-20100428-1600,org.eclipse.pde.internal.core.ibundle,IBundlePluginModel,0,0,0,0,6,0,0,1,-1.0,1,0
eclipse.pde.ui-20100428-1600,org.eclipse.pde.internal.core.ibundle,IBundlePluginModelBase,0,0,8,0,45,8,2,0,-1.0,19,2
eclipse.pde.ui-20100428-1600,org.eclipse.pde.internal.core.ibundle,IBundlePluginModelProvider,0,0,1,0,11,1,0,0,-1.0,0,0
eclipse.pde.ui-20100428-1600,org.eclipse.pde.internal.core.ibundle,IManifestHeader,0,0,6,0,29,6,0,0,-1.0,41,0
eclipse.pde.ui-20100428-1600,org.eclipse.pde.internal.core.ifeature,IEnvironment,4,0,8,0,14,8,2,0,-1.0,1,0
eclipse.pde.ui-20100428-1600,org.eclipse.pde.internal.core.ifeature,IFeature,16,16,36,26,149,36,0,1,-1.0,19,7
eclipse.pde.ui-20100428-1600,org.eclipse.pde.internal.core.ifeature,IFeatureChild,9,0,12,0,26,12,0,1,-1.0,2,0
eclipse.pde.ui-20100428-1600,org.eclipse.pde.internal.core.ifeature,IFeatureData,0,0,1,1,6,1,0,2,-1.0,1,0
eclipse.pde.ui-20100428-1600,org.eclipse.pde.internal.core.ifeature,IFeatureEntry,7,0,14,14,68,14,2,1,-1.0,0,0
eclipse.pde.ui-20100428-1600,org.eclipse.pde.internal.core.ifeature,IFeatureImport,5,0,8,0,15,8,0,1,-1.0,1,0
eclipse.pde.ui-20100428-1600,org.eclipse.pde.internal.core.ifeature,IFeatureInfo,2,0,6,6,10,6,0,1,-1.0,1,0
eclipse.pde.ui-20100428-1600,org.eclipse.pde.internal.core.ifeature,IFeatureInstallHandler,2,0,4,4,8,4,0,1,-1.0,2,0
eclipse.pde.ui-20100428-1600,org.eclipse.pde.internal.core.ifeature,IFeatureModel,0,0,5,4,30,5,0,0,-1.0,47,0
eclipse.pde.ui-20100428-1600,org.eclipse.pde.internal.core.ifeature,IFeatureModelFactory,0,0,8,1,43,8,0,0,-1.0,1,1
eclipse.pde.ui-20100428-1600,org.eclipse.pde.internal.core.ifeature,IFeatureObject,1,0,7,3,40,7,9,0,-1.0,1,0
eclipse.pde.ui-20100428-1600,org.eclipse.pde.internal.core.ifeature,IFeaturePlugin,1,1,3,3,16,3,0,2,-1.0,10,0
eclipse.pde.ui-20100428-1600,org.eclipse.pde.internal.core.ifeature,IFeatureURL,0,0,5,5,30,5,0,1,-1.0,3,1
eclipse.pde.ui-20100428-1600,org.eclipse.pde.internal.core.ifeature,IFeatureURLElement,6,6,5,5,53,5,0,1,-1.0,2,0
eclipse.pde.ui-20100428-1600,org.eclipse.pde.internal.core.ifeature,IVersionable,1,1,2,1,16,2,2,0,-1.0,0,0
eclipse.pde.ui-20100428-1600,org.eclipse.pde.internal.core.importing,BundleImporterExtension,2,0,7,6,47,8,0,1,0.0,0,3
eclipse.pde.ui-20100428-1600,org.eclipse.pde.internal.core.importing,CvsBundleImportDescription,5,0,7,7,41,7,0,0,0.0,4,0
eclipse.pde.ui-20100428-1600,org.eclipse.pde.internal.core.importing,CvsBundleImporterDelegate,8,0,4,2,135,18,0,0,0.0,0,4
eclipse.pde.ui-20100428-1600,org.eclipse.pde.internal.core.importing,IBundleImporter,0,0,3,3,23,3,1,0,-1.0,4,0
eclipse.pde.ui-20100428-1600,org.eclipse.pde.internal.core.importing.provisional,BundleImportDescription,3,0,6,6,66,9,0,0,0.3333333333333333,9,0
eclipse.pde.ui-20100428-1600,org.eclipse.pde.internal.core.importing.provisional,IBundleImporterDelegate,0,0,2,2,21,2,0,0,-1.0,1,1
eclipse.pde.ui-20100428-1600,org.eclipse.pde.internal.core.iproduct,IAboutInfo,2,2,4,0,8,4,0,1,-1.0,2,0
eclipse.pde.ui-20100428-1600,org.eclipse.pde.internal.core.iproduct,IArgumentsInfo,15,15,6,0,23,6,0,1,-1.0,3,0
eclipse.pde.ui-20100428-1600,org.eclipse.pde.internal.core.iproduct,IConfigurationFileInfo,3,3,4,0,9,4,0,1,-1.0,3,0
eclipse.pde.ui-20100428-1600,org.eclipse.pde.internal.core.iproduct,IIntroInfo,0,0,2,0,4,2,0,1,-1.0,2,0
eclipse.pde.ui-20100428-1600,org.eclipse.pde.internal.core.iproduct,IJREInfo,0,0,5,5,35,5,0,1,-1.0,4,0
eclipse.pde.ui-20100428-1600,org.eclipse.pde.internal.core.iproduct,ILauncherInfo,15,15,6,0,23,6,0,1,-1.0,2,0
eclipse.pde.ui-20100428-1600,org.eclipse.pde.internal.core.iproduct,ILicenseInfo,0,0,4,0,6,4,0,1,-1.0,1,0
eclipse.pde.ui-20100428-1600,org.eclipse.pde.internal.core.iproduct,IPluginConfiguration,2,2,6,0,13,6,0,1,-1.0,2,0
eclipse.pde.ui-20100428-1600,org.eclipse.pde.internal.core.iproduct,IProduct,9,0,47,0,58,47,0,1,-1.0,18,12
eclipse.pde.ui-20100428-1600,org.eclipse.pde.internal.core.iproduct,IProductFeature,0,0,4,0,6,4,0,1,-1.0,4,0
eclipse.pde.ui-20100428-1600,org.eclipse.pde.internal.core.iproduct,IProductModel,0,0,3,0,5,3,0,0,-1.0,19,0
eclipse.pde.ui-20100428-1600,org.eclipse.pde.internal.core.iproduct,IProductModelFactory,0,0,13,0,15,13,0,0,-1.0,5,0
eclipse.pde.ui-20100428-1600,org.eclipse.pde.internal.core.iproduct,IProductObject,0,0,4,0,6,4,14,0,-1.0,1,1
eclipse.pde.ui-20100428-1600,org.eclipse.pde.internal.core.iproduct,IProductPlugin,0,0,4,0,6,4,0,1,-1.0,6,0
eclipse.pde.ui-20100428-1600,org.eclipse.pde.internal.core.iproduct,IPropertyConfiguration,2,2,4,0,11,4,0,1,-1.0,0,0
eclipse.pde.ui-20100428-1600,org.eclipse.pde.internal.core.iproduct,ISplashInfo,5,5,14,4,42,14,0,1,-1.0,2,0
eclipse.pde.ui-20100428-1600,org.eclipse.pde.internal.core.iproduct,IWindowImages,6,6,2,0,10,2,0,1,-1.0,2,0
eclipse.pde.ui-20100428-1600,org.eclipse.pde.internal.core.ischema,IDocumentSection,6,0,1,1,33,1,0,1,-1.0,2,0
eclipse.pde.ui-20100428-1600,org.eclipse.pde.internal.core.ischema,IMetaAttribute,6,6,4,4,46,4,1,0,-1.0,1,0
eclipse.pde.ui-20100428-1600,org.eclipse.pde.internal.core.ischema,IMetaElement,2,2,4,4,29,4,1,0,-1.0,0,0
eclipse.pde.ui-20100428-1600,org.eclipse.pde.internal.core.ischema,ISchema,5,0,20,16,96,20,0,1,-1.0,24,1
eclipse.pde.ui-20100428-1600,org.eclipse.pde.internal.core.ischema,ISchemaAttribute,10,10,3,3,39,3,0,1,-1.0,18,0
eclipse.pde.ui-20100428-1600,org.eclipse.pde.internal.core.ischema,ISchemaAttributeProvider,0,0,3,3,12,3,2,0,-1.0,0,0
eclipse.pde.ui-20100428-1600,org.eclipse.pde.internal.core.ischema,ISchemaComplexType,0,0,2,2,15,2,0,1,-1.0,0,0
eclipse.pde.ui-20100428-1600,org.eclipse.pde.internal.core.ischema,ISchemaCompositor,6,6,3,3,44,3,0,1,-1.0,4,0
eclipse.pde.ui-20100428-1600,org.eclipse.pde.internal.core.ischema,ISchemaDescriptor,0,0,5,1,26,5,0,0,-1.0,8,0
eclipse.pde.ui-20100428-1600,org.eclipse.pde.internal.core.ischema,ISchemaElement,0,0,3,2,18,3,1,1,-1.0,16,0
eclipse.pde.ui-20100428-1600,org.eclipse.pde.internal.core.ischema,ISchemaEnumeration,0,0,0,0,5,0,0,1,-1.0,1,0
eclipse.pde.ui-20100428-1600,org.eclipse.pde.internal.core.ischema,ISchemaInclude,1,0,4,0,13,4,0,1,-1.0,2,0
eclipse.pde.ui-20100428-1600,org.eclipse.pde.internal.core.ischema,ISchemaObject,2,2,5,3,30,5,8,0,-1.0,18,1
eclipse.pde.ui-20100428-1600,org.eclipse.pde.internal.core.ischema,ISchemaObjectReference,0,0,4,4,25,4,0,0,-1.0,0,1
eclipse.pde.ui-20100428-1600,org.eclipse.pde.internal.core.ischema,ISchemaRepeatable,0,0,2,2,15,2,2,0,-1.0,0,0
eclipse.pde.ui-20100428-1600,org.eclipse.pde.internal.core.ischema,ISchemaRestriction,0,0,4,3,25,4,0,1,-1.0,1,1
eclipse.pde.ui-20100428-1600,org.eclipse.pde.internal.core.ischema,ISchemaRootElement,3,3,4,4,27,4,0,2,-1.0,0,0
eclipse.pde.ui-20100428-1600,org.eclipse.pde.internal.core.ischema,ISchemaSimpleType,0,0,1,0,10,1,0,1,-1.0,4,0
eclipse.pde.ui-20100428-1600,org.eclipse.pde.internal.core.ischema,ISchemaType,0,0,3,3,16,3,2,0,-1.0,1,1
eclipse.pde.ui-20100428-1600,org.eclipse.pde.internal.core.isite,ISite,6,0,22,0,33,22,0,1,-1.0,2,4
eclipse.pde.ui-20100428-1600,org.eclipse.pde.internal.core.isite,ISiteArchive,2,0,4,0,8,4,0,1,-1.0,2,0
eclipse.pde.ui-20100428-1600,org.eclipse.pde.internal.core.isite,ISiteCategory,1,0,3,0,6,3,0,1,-1.0,2,0
eclipse.pde.ui-20100428-1600,org.eclipse.pde.internal.core.isite,ISiteCategoryDefinition,2,0,4,0,8,4,0,1,-1.0,2,1
eclipse.pde.ui-20100428-1600,org.eclipse.pde.internal.core.isite,ISiteDescription,3,0,6,0,11,6,0,1,-1.0,3,0
eclipse.pde.ui-20100428-1600,org.eclipse.pde.internal.core.isite,ISiteFeature,7,0,18,0,27,18,0,1,-1.0,14,1
eclipse.pde.ui-20100428-1600,org.eclipse.pde.internal.core.isite,ISiteModel,0,0,5,4,30,5,0,0,-1.0,13,0
eclipse.pde.ui-20100428-1600,org.eclipse.pde.internal.core.isite,ISiteModelFactory,0,0,6,0,35,6,0,0,-1.0,1,2
eclipse.pde.ui-20100428-1600,org.eclipse.pde.internal.core.isite,ISiteObject,1,0,7,2,39,7,6,0,-1.0,3,0
eclipse.pde.ui-20100428-1600,org.eclipse.pde.internal.core.natures,BaseProject,1,0,8,3,69,16,3,0,0.375,0,1
eclipse.pde.ui-20100428-1600,org.eclipse.pde.internal.core.natures,FeatureProject,0,0,3,3,11,3,0,1,-1.0,0,1
eclipse.pde.ui-20100428-1600,org.eclipse.pde.internal.core.natures,PDE,8,8,3,3,37,3,0,0,1.0,43,1
eclipse.pde.ui-20100428-1600,org.eclipse.pde.internal.core.natures,PluginProject,0,0,3,3,18,3,0,1,-1.0,0,1
eclipse.pde.ui-20100428-1600,org.eclipse.pde.internal.core.natures,SiteProject,0,0,3,3,11,3,0,1,-1.0,0,1
eclipse.pde.ui-20100428-1600,org.eclipse.pde.internal.core.plugin,AbbreviatedFragmentModel,2,0,3,3,28,3,0,3,0.0,0,0
eclipse.pde.ui-20100428-1600,org.eclipse.pde.internal.core.plugin,AbbreviatedPluginHandler,1,0,3,2,26,5,0,1,0.6666666666666666,0,0
eclipse.pde.ui-20100428-1600,org.eclipse.pde.internal.core.plugin,AbbreviatedPluginModel,2,0,3,3,28,3,0,3,0.0,0,0
eclipse.pde.ui-20100428-1600,org.eclipse.pde.internal.core.plugin,AbstractExtensions,5,0,22,16,186,44,2,2,0.13636363636363635,0,13
eclipse.pde.ui-20100428-1600,org.eclipse.pde.internal.core.plugin,AbstractExtensionsModel,2,0,15,12,91,20,1,0,0.3333333333333333,0,10
eclipse.pde.ui-20100428-1600,org.eclipse.pde.internal.core.plugin,AbstractPluginModelBase,5,0,31,30,141,38,2,0,0.3225806451612903,0,8
eclipse.pde.ui-20100428-1600,org.eclipse.pde.internal.core.plugin,AttributeChangedEvent,2,1,2,2,11,2,0,0,0.0,2,1
eclipse.pde.ui-20100428-1600,org.eclipse.pde.internal.core.plugin,Extensions,3,0,7,5,45,13,0,3,0.7142857142857143,3,1
eclipse.pde.ui-20100428-1600,org.eclipse.pde.internal.core.plugin,ExternalFragmentModel,1,0,3,3,14,3,0,2,1.0,0,1
eclipse.pde.ui-20100428-1600,org.eclipse.pde.internal.core.plugin,ExternalPluginModel,1,0,2,2,11,2,0,2,1.0,0,1
eclipse.pde.ui-20100428-1600,org.eclipse.pde.internal.core.plugin,ExternalPluginModelBase,3,0,13,10,61,17,2,1,0.38461538461538464,0,0
eclipse.pde.ui-20100428-1600,org.eclipse.pde.internal.core.plugin,Fragment,5,0,14,11,153,35,0,4,0.14285714285714285,1,3
eclipse.pde.ui-20100428-1600,org.eclipse.pde.internal.core.plugin,IWritableDelimiter,0,0,1,1,10,1,2,0,-1.0,0,0
eclipse.pde.ui-20100428-1600,org.eclipse.pde.internal.core.plugin,IdentifiablePluginObject,2,0,5,5,25,6,3,2,0.6,0,2
eclipse.pde.ui-20100428-1600,org.eclipse.pde.internal.core.plugin,ImportObject,2,0,9,9,46,15,0,1,0.2222222222222222,2,5
eclipse.pde.ui-20100428-1600,org.eclipse.pde.internal.core.plugin,Plugin,3,0,10,8,94,23,0,4,0.3,1,1
eclipse.pde.ui-20100428-1600,org.eclipse.pde.internal.core.plugin,PluginAttribute,3,0,11,8,69,21,0,2,0.2727272727272727,4,6
eclipse.pde.ui-20100428-1600,org.eclipse.pde.internal.core.plugin,PluginBase,9,0,34,25,287,72,2,3,0.14705882352941177,6,9
eclipse.pde.ui-20100428-1600,org.eclipse.pde.internal.core.plugin,PluginElement,7,0,20,15,227,63,0,4,0.15,6,5
eclipse.pde.ui-20100428-1600,org.eclipse.pde.internal.core.plugin,PluginExtension,4,0,15,12,150,48,0,4,0.13333333333333333,5,8
eclipse.pde.ui-20100428-1600,org.eclipse.pde.internal.core.plugin,PluginExtensionPoint,3,0,12,11,82,30,0,3,0.16666666666666666,4,0
eclipse.pde.ui-20100428-1600,org.eclipse.pde.internal.core.plugin,PluginHandler,7,0,13,11,96,25,1,0,0.23076923076923078,3,2
eclipse.pde.ui-20100428-1600,org.eclipse.pde.internal.core.plugin,PluginImport,5,0,20,19,203,48,0,3,0.35,5,13
eclipse.pde.ui-20100428-1600,org.eclipse.pde.internal.core.plugin,PluginLibrary,4,0,20,18,156,42,0,2,0.45,5,5
eclipse.pde.ui-20100428-1600,org.eclipse.pde.internal.core.plugin,PluginObject,7,0,34,23,179,56,4,1,0.3235294117647059,1,6
eclipse.pde.ui-20100428-1600,org.eclipse.pde.internal.core.plugin,PluginParent,2,0,12,9,68,20,2,3,0.16666666666666666,0,5
eclipse.pde.ui-20100428-1600,org.eclipse.pde.internal.core.plugin,PluginReference,2,0,8,8,42,11,1,0,0.25,0,3
eclipse.pde.ui-20100428-1600,org.eclipse.pde.internal.core.plugin,WorkspaceExtensionsModel,5,0,20,17,117,27,0,1,0.2,0,3
eclipse.pde.ui-20100428-1600,org.eclipse.pde.internal.core.plugin,WorkspaceFragmentModel,1,0,4,4,17,4,1,2,1.0,0,1
eclipse.pde.ui-20100428-1600,org.eclipse.pde.internal.core.plugin,WorkspacePluginModel,1,0,3,3,14,3,1,2,1.0,0,1
eclipse.pde.ui-20100428-1600,org.eclipse.pde.internal.core.plugin,WorkspacePluginModelBase,5,0,19,17,140,28,2,1,0.21052631578947367,7,2
eclipse.pde.ui-20100428-1600,org.eclipse.pde.internal.core.product,AboutInfo,3,0,9,7,60,20,0,1,0.2222222222222222,0,1
eclipse.pde.ui-20100428-1600,org.eclipse.pde.internal.core.product,ArgumentsInfo,11,0,11,9,227,75,0,1,0.18181818181818182,0,1
eclipse.pde.ui-20100428-1600,org.eclipse.pde.internal.core.product,ConfigurationFileInfo,15,0,10,9,199,60,0,1,0.2,0,1
eclipse.pde.ui-20100428-1600,org.eclipse.pde.internal.core.product,IntroInfo,3,1,5,5,25,8,0,1,0.4,0,1
eclipse.pde.ui-20100428-1600,org.eclipse.pde.internal.core.product,JREInfo,13,0,9,8,171,47,0,1,0.2222222222222222,0,1
eclipse.pde.ui-20100428-1600,org.eclipse.pde.internal.core.product,LauncherInfo,4,0,18,9,138,38,0,1,0.1111111111111111,0,1
eclipse.pde.ui-20100428-1600,org.eclipse.pde.internal.core.product,LicenseInfo,5,2,9,7,72,22,0,1,0.2222222222222222,0,1
eclipse.pde.ui-20100428-1600,org.eclipse.pde.internal.core.product,PluginConfiguration,4,0,9,8,49,12,0,1,0.2222222222222222,0,1
eclipse.pde.ui-20100428-1600,org.eclipse.pde.internal.core.product,Product,20,0,53,50,452,131,0,1,0.0,0,1
eclipse.pde.ui-20100428-1600,org.eclipse.pde.internal.core.product,ProductFeature,3,0,7,7,36,10,0,1,0.2857142857142857,0,1
eclipse.pde.ui-20100428-1600,org.eclipse.pde.internal.core.product,ProductModel,3,0,10,8,61,15,1,0,0.6,0,5
eclipse.pde.ui-20100428-1600,org.eclipse.pde.internal.core.product,ProductModelFactory,1,0,14,14,45,14,0,0,0.0,0,0
eclipse.pde.ui-20100428-1600,org.eclipse.pde.internal.core.product,ProductObject,2,0,10,5,40,12,13,0,0.3,0,4
eclipse.pde.ui-20100428-1600,org.eclipse.pde.internal.core.product,ProductPlugin,4,0,7,7,46,13,0,1,0.2857142857142857,0,2
eclipse.pde.ui-20100428-1600,org.eclipse.pde.internal.core.product,SplashInfo,18,8,22,19,162,50,0,1,0.09090909090909091,4,2
eclipse.pde.ui-20100428-1600,org.eclipse.pde.internal.core.product,WindowImages,6,0,5,5,87,28,0,1,0.4,0,1
eclipse.pde.ui-20100428-1600,org.eclipse.pde.internal.core.product,WorkspaceProductModel,4,0,13,13,124,20,0,1,0.0,3,2
eclipse.pde.ui-20100428-1600,org.eclipse.pde.internal.core.project,BundleClasspathSpecification,3,0,8,7,69,14,0,0,0.0,0,1
eclipse.pde.ui-20100428-1600,org.eclipse.pde.internal.core.project,BundleProjectDescription,28,0,64,54,582,133,0,0,0.0,1,5
eclipse.pde.ui-20100428-1600,org.eclipse.pde.internal.core.project,BundleProjectService,4,2,14,11,214,31,0,0,0.7857142857142857,3,8
eclipse.pde.ui-20100428-1600,org.eclipse.pde.internal.core.project,HostDescriptoin,0,0,1,1,13,1,0,1,-1.0,0,0
eclipse.pde.ui-20100428-1600,org.eclipse.pde.internal.core.project,Messages,4,3,1,0,13,1,0,0,0.0,4,0
eclipse.pde.ui-20100428-1600,org.eclipse.pde.internal.core.project,PDEProject,1,1,15,15,190,26,0,0,0.2,73,3
eclipse.pde.ui-20100428-1600,org.eclipse.pde.internal.core.project,PackageExportDescription,4,0,10,8,109,28,0,0,0.2,1,1
eclipse.pde.ui-20100428-1600,org.eclipse.pde.internal.core.project,PackageImportDescription,0,0,1,1,15,1,0,1,-1.0,0,0
eclipse.pde.ui-20100428-1600,org.eclipse.pde.internal.core.project,ProjectModifyOperation,2,0,18,2,803,173,0,0,0.1111111111111111,2,11
eclipse.pde.ui-20100428-1600,org.eclipse.pde.internal.core.project,RequiredBundleDescription,0,0,1,1,16,1,0,1,-1.0,0,0
eclipse.pde.ui-20100428-1600,org.eclipse.pde.internal.core.project,RequirementSpecification,4,0,9,7,77,18,3,0,0.0,1,1
eclipse.pde.ui-20100428-1600,org.eclipse.pde.internal.core.schema,BaseSchemaHandler,1,0,6,5,29,7,3,0,0.3333333333333333,0,0
eclipse.pde.ui-20100428-1600,org.eclipse.pde.internal.core.schema,ChoiceRestriction,4,1,11,11,79,25,0,1,0.18181818181818182,2,5
eclipse.pde.ui-20100428-1600,org.eclipse.pde.internal.core.schema,DocumentSection,3,1,6,5,47,14,0,1,0.0,1,3
eclipse.pde.ui-20100428-1600,org.eclipse.pde.internal.core.schema,EditableSchema,1,0,7,7,26,8,0,1,0.5714285714285714,1,2
eclipse.pde.ui-20100428-1600,org.eclipse.pde.internal.core.schema,IncludedSchemaDescriptor,4,0,9,8,77,19,0,0,0.5555555555555556,4,6
eclipse.pde.ui-20100428-1600,org.eclipse.pde.internal.core.schema,RepeatableSchemaObject,5,2,7,7,32,7,2,1,0.42857142857142855,0,1
eclipse.pde.ui-20100428-1600,org.eclipse.pde.internal.core.schema,Schema,18,1,88,59,841,251,1,0,0.06818181818181818,18,14
eclipse.pde.ui-20100428-1600,org.eclipse.pde.internal.core.schema,SchemaAnnotationHandler,9,0,7,5,68,16,0,1,0.2857142857142857,2,0
eclipse.pde.ui-20100428-1600,org.eclipse.pde.internal.core.schema,SchemaAttribute,15,6,21,21,194,47,0,1,0.19047619047619047,2,4
eclipse.pde.ui-20100428-1600,org.eclipse.pde.internal.core.schema,SchemaAttributeHandler,7,0,8,6,72,19,0,1,0.0,1,0
eclipse.pde.ui-20100428-1600,org.eclipse.pde.internal.core.schema,SchemaComplexType,5,1,14,14,90,25,0,1,0.2857142857142857,2,6
eclipse.pde.ui-20100428-1600,org.eclipse.pde.internal.core.schema,SchemaCompositor,4,1,13,13,167,47,0,2,0.0,5,8
eclipse.pde.ui-20100428-1600,org.eclipse.pde.internal.core.schema,SchemaDescriptor,5,0,8,8,50,14,0,0,0.25,5,1
eclipse.pde.ui-20100428-1600,org.eclipse.pde.internal.core.schema,SchemaElement,9,3,25,21,239,77,1,2,0.12,2,5
eclipse.pde.ui-20100428-1600,org.eclipse.pde.internal.core.schema,SchemaElementHandler,5,0,7,5,55,14,0,1,0.0,1,0
eclipse.pde.ui-20100428-1600,org.eclipse.pde.internal.core.schema,SchemaElementReference,11,3,39,36,188,67,0,0,0.15384615384615385,4,6
eclipse.pde.ui-20100428-1600,org.eclipse.pde.internal.core.schema,SchemaEnumeration,1,0,2,2,21,4,0,1,1.0,0,2
eclipse.pde.ui-20100428-1600,org.eclipse.pde.internal.core.schema,SchemaInclude,4,0,8,7,70,14,0,1,0.0,1,8
eclipse.pde.ui-20100428-1600,org.eclipse.pde.internal.core.schema,SchemaObject,4,0,10,10,49,12,6,0,0.0,0,2
eclipse.pde.ui-20100428-1600,org.eclipse.pde.internal.core.schema,SchemaRegistry,1,0,11,7,125,40,0,0,0.2727272727272727,18,6
eclipse.pde.ui-20100428-1600,org.eclipse.pde.internal.core.schema,SchemaRootElement,3,0,6,6,31,8,0,3,0.3333333333333333,1,1
eclipse.pde.ui-20100428-1600,org.eclipse.pde.internal.core.schema,SchemaSimpleType,3,1,6,6,38,11,0,1,0.3333333333333333,1,4
eclipse.pde.ui-20100428-1600,org.eclipse.pde.internal.core.schema,SchemaType,3,0,5,5,21,5,2,0,0.0,0,1
eclipse.pde.ui-20100428-1600,org.eclipse.pde.internal.core.schema,StorageSchemaDescriptor,2,0,9,8,45,11,0,0,0.4444444444444444,0,2
eclipse.pde.ui-20100428-1600,org.eclipse.pde.internal.core.search,ExtensionPluginSearchScope,1,0,3,3,25,5,0,1,0.0,0,4
eclipse.pde.ui-20100428-1600,org.eclipse.pde.internal.core.search,ISearchResultCollector,0,0,1,0,3,1,0,0,-1.0,1,0
eclipse.pde.ui-20100428-1600,org.eclipse.pde.internal.core.search,PluginJavaSearchUtil,0,0,8,5,104,30,0,0,-1.0,5,10
eclipse.pde.ui-20100428-1600,org.eclipse.pde.internal.core.search,PluginSearchInput,11,6,10,10,43,10,0,0,0.5,3,1
eclipse.pde.ui-20100428-1600,org.eclipse.pde.internal.core.search,PluginSearchOperation,3,0,9,2,80,28,0,0,0.0,0,3
eclipse.pde.ui-20100428-1600,org.eclipse.pde.internal.core.search,PluginSearchScope,9,6,6,3,55,12,1,0,0.0,1,2
eclipse.pde.ui-20100428-1600,org.eclipse.pde.internal.core.site,AbstractSiteModel,4,0,11,10,68,18,2,0,0.5454545454545454,0,5
eclipse.pde.ui-20100428-1600,org.eclipse.pde.internal.core.site,ExternalSiteModel,1,0,4,3,13,4,0,1,1.0,2,0
eclipse.pde.ui-20100428-1600,org.eclipse.pde.internal.core.site,IdentifiableObject,2,0,6,4,30,7,1,1,0.0,0,0
eclipse.pde.ui-20100428-1600,org.eclipse.pde.internal.core.site,Site,11,0,29,24,310,57,0,1,0.0,4,3
eclipse.pde.ui-20100428-1600,org.eclipse.pde.internal.core.site,SiteArchive,3,0,9,8,52,13,0,1,0.0,1,1
eclipse.pde.ui-20100428-1600,org.eclipse.pde.internal.core.site,SiteCategory,2,0,8,6,49,12,0,1,0.0,2,3
eclipse.pde.ui-20100428-1600,org.eclipse.pde.internal.core.site,SiteCategoryDefinition,3,0,9,7,78,16,0,1,0.0,1,3
eclipse.pde.ui-20100428-1600,org.eclipse.pde.internal.core.site,SiteDescription,4,0,11,9,80,21,0,1,0.18181818181818182,1,2
eclipse.pde.ui-20100428-1600,org.eclipse.pde.internal.core.site,SiteFeature,9,0,23,21,218,52,0,3,0.0,1,4
eclipse.pde.ui-20100428-1600,org.eclipse.pde.internal.core.site,SiteModelFactory,1,0,7,7,60,7,0,0,0.0,0,9
eclipse.pde.ui-20100428-1600,org.eclipse.pde.internal.core.site,SiteObject,5,0,25,12,140,41,6,0,0.28,7,4
eclipse.pde.ui-20100428-1600,org.eclipse.pde.internal.core.site,VersionableObject,2,0,5,3,27,6,1,2,0.0,0,0
eclipse.pde.ui-20100428-1600,org.eclipse.pde.internal.core.site,WorkspaceSiteModel,4,0,16,14,122,22,0,1,0.125,5,3
eclipse.pde.ui-20100428-1600,org.eclipse.pde.internal.core.target,AbstractBundleContainer,6,0,21,9,437,67,4,0,0.3333333333333333,10,6
eclipse.pde.ui-20100428-1600,org.eclipse.pde.internal.core.target,AbstractTargetHandle,6,1,8,1,108,15,3,0,0.5,5,4
eclipse.pde.ui-20100428-1600,org.eclipse.pde.internal.core.target,DirectoryBundleContainer,2,1,9,5,92,17,0,1,0.2222222222222222,5,6
eclipse.pde.ui-20100428-1600,org.eclipse.pde.internal.core.target,ExternalFileTargetHandle,3,0,10,5,68,11,0,1,0.3,2,4
eclipse.pde.ui-20100428-1600,org.eclipse.pde.internal.core.target,FeatureBundleContainer,4,1,13,7,175,36,0,1,0.23076923076923078,5,7
eclipse.pde.ui-20100428-1600,org.eclipse.pde.internal.core.target,IUBundleContainer,9,1,27,9,635,118,0,1,0.07407407407407407,11,7
eclipse.pde.ui-20100428-1600,org.eclipse.pde.internal.core.target,LocalTargetHandle,4,0,14,5,149,20,0,1,0.14285714285714285,3,5
eclipse.pde.ui-20100428-1600,org.eclipse.pde.internal.core.target,Messages,59,58,1,0,68,1,0,0,0.0,13,0
eclipse.pde.ui-20100428-1600,org.eclipse.pde.internal.core.target,ProfileBundleContainer,12,1,14,7,283,51,0,1,0.14285714285714285,5,8
eclipse.pde.ui-20100428-1600,org.eclipse.pde.internal.core.target,ResolvedBundle,7,0,13,10,86,15,0,0,0.15384615384615385,2,1
eclipse.pde.ui-20100428-1600,org.eclipse.pde.internal.core.target,TargetDefinition,19,2,57,41,883,204,0,0,0.08771929824561403,11,13
eclipse.pde.ui-20100428-1600,org.eclipse.pde.internal.core.target,TargetDefinitionPersistenceHelper,40,2,7,2,311,53,0,0,0.42857142857142855,9,10
eclipse.pde.ui-20100428-1600,org.eclipse.pde.internal.core.target,TargetMetadataCollector,0,0,1,1,46,11,0,0,-1.0,1,1
eclipse.pde.ui-20100428-1600,org.eclipse.pde.internal.core.target,TargetPersistence34Helper,0,0,3,1,223,59,0,0,-1.0,2,6
eclipse.pde.ui-20100428-1600,org.eclipse.pde.internal.core.target,TargetPersistence35Helper,0,0,3,1,231,55,0,0,-1.0,2,6
eclipse.pde.ui-20100428-1600,org.eclipse.pde.internal.core.target,TargetPersistence36Helper,0,0,2,1,214,54,0,0,-1.0,2,7
eclipse.pde.ui-20100428-1600,org.eclipse.pde.internal.core.target,TargetPlatformService,3,0,35,23,516,109,0,0,0.5142857142857142,9,7
eclipse.pde.ui-20100428-1600,org.eclipse.pde.internal.core.target,ResourceProxyVisitor,1,0,2,1,21,4,0,0,0.0,0,0
eclipse.pde.ui-20100428-1600,org.eclipse.pde.internal.core.target,WorkspaceFileTargetHandle,2,0,11,8,87,16,0,1,0.18181818181818182,5,5
eclipse.pde.ui-20100428-1600,org.eclipse.pde.internal.core.target.provisional,IBundleContainer,0,0,6,6,41,6,0,0,-1.0,13,1
eclipse.pde.ui-20100428-1600,org.eclipse.pde.internal.core.target.provisional,IResolvedBundle,3,3,8,8,58,8,0,0,-1.0,9,1
eclipse.pde.ui-20100428-1600,org.eclipse.pde.internal.core.target.provisional,ITargetDefinition,0,0,31,31,171,31,0,0,-1.0,28,2
eclipse.pde.ui-20100428-1600,org.eclipse.pde.internal.core.target.provisional,ITargetHandle,0,0,3,3,23,3,0,0,-1.0,5,0
eclipse.pde.ui-20100428-1600,org.eclipse.pde.internal.core.target.provisional,ITargetPlatformService,2,2,16,16,118,16,0,0,-1.0,10,2
eclipse.pde.ui-20100428-1600,org.eclipse.pde.internal.core.target.provisional,LoadTargetDefinitionJob,3,0,14,5,450,78,0,0,0.14285714285714285,1,14
eclipse.pde.ui-20100428-1600,org.eclipse.pde.internal.core.target.provisional,NameVersionDescriptor,5,2,10,10,100,16,0,0,0.2,4,1
eclipse.pde.ui-20100428-1600,org.eclipse.pde.internal.core.util,CoreUtility,0,0,11,11,244,50,0,0,-1.0,40,6
eclipse.pde.ui-20100428-1600,org.eclipse.pde.internal.core.util,HeaderMap,1,0,2,2,16,2,0,0,1.0,0,0
eclipse.pde.ui-20100428-1600,org.eclipse.pde.internal.core.util,HeaderComparator,0,0,1,1,7,1,0,0,-1.0,0,0
eclipse.pde.ui-20100428-1600,org.eclipse.pde.internal.core.util,Headers,6,0,26,23,203,44,0,0,0.23076923076923078,0,0
eclipse.pde.ui-20100428-1600,org.eclipse.pde.internal.core.util,ArrayEnumeration,2,0,3,3,14,3,0,0,0.0,0,0
eclipse.pde.ui-20100428-1600,org.eclipse.pde.internal.core.util,IdUtil,0,0,9,9,96,31,0,0,-1.0,16,0
eclipse.pde.ui-20100428-1600,org.eclipse.pde.internal.core.util,ManifestUtils,0,0,4,3,59,15,0,0,-1.0,1,6
eclipse.pde.ui-20100428-1600,org.eclipse.pde.internal.core.util,PDEHTMLHelper,1,1,2,2,73,16,0,0,0.0,2,1
eclipse.pde.ui-20100428-1600,org.eclipse.pde.internal.core.util,PDEJavaHelper,0,0,15,12,264,66,0,0,-1.0,14,2
eclipse.pde.ui-20100428-1600,org.eclipse.pde.internal.core.util,PDESchemaHelper,0,0,5,2,95,24,0,0,-1.0,4,2
eclipse.pde.ui-20100428-1600,org.eclipse.pde.internal.core.util,PDETextHelper,2,1,17,10,300,54,0,0,0.29411764705882354,36,3
eclipse.pde.ui-20100428-1600,org.eclipse.pde.internal.core.util,IntegerPointer,1,0,4,4,28,4,0,0,0.0,1,0
eclipse.pde.ui-20100428-1600,org.eclipse.pde.internal.core.util,PDEXMLHelper,8,0,12,11,152,35,0,0,0.3333333333333333,14,1
eclipse.pde.ui-20100428-1600,org.eclipse.pde.internal.core.util,PatternConstructor,5,0,4,2,33,7,0,0,0.5,12,1
eclipse.pde.ui-20100428-1600,org.eclipse.pde.internal.core.util,PropertiesUtil,1,0,7,7,160,52,0,0,0.42857142857142855,10,1
eclipse.pde.ui-20100428-1600,org.eclipse.pde.internal.core.util,SAXParserWrapper,2,0,6,5,32,7,0,0,0.0,8,1
eclipse.pde.ui-20100428-1600,org.eclipse.pde.internal.core.util,SchemaUtil,0,0,2,2,42,5,0,0,-1.0,6,3
eclipse.pde.ui-20100428-1600,org.eclipse.pde.internal.core.util,VMUtil,0,0,9,9,61,18,0,0,-1.0,9,3
eclipse.pde.ui-20100428-1600,org.eclipse.pde.internal.core.util,VersionUtil,0,0,9,9,91,34,0,0,-1.0,19,4
eclipse.pde.ui-20100428-1600,org.eclipse.pde.internal.core.util,XMLComponentRegistry,10,5,14,10,130,31,0,0,0.14285714285714285,6,1
eclipse.pde.ui-20100428-1600,org.eclipse.pde.internal.core.variables,TargetHomeDynamicVariableResolver,0,0,1,1,9,1,0,0,-1.0,0,1
eclipse.pde.ui-20100428-1600,org.eclipse.pde.internal.core.variables,TargetNLVariableResolver,0,0,1,1,5,1,0,0,-1.0,0,1
eclipse.pde.ui-20100428-1600,org.eclipse.pde.internal.core.variables,TargetOSArchVariableResolver,0,0,1,1,5,1,0,0,-1.0,0,1
eclipse.pde.ui-20100428-1600,org.eclipse.pde.internal.core.variables,TargetOSVariableResolver,0,0,1,1,5,1,0,0,-1.0,0,1
eclipse.pde.ui-20100428-1600,org.eclipse.pde.internal.core.variables,TargetWSVariableResolver,0,0,1,1,5,1,0,0,-1.0,0,1
eclipse.pde.ui-20100428-1600,org.eclipse.pde.internal.core.ant,BaseExportTask,6,0,10,9,50,15,2,0,0.5,0,2
eclipse.pde.ui-20100428-1600,org.eclipse.pde.internal.core.ant,ConvertSchemaToHTML,4,0,9,6,130,30,0,0,0.0,0,10
eclipse.pde.ui-20100428-1600,org.eclipse.pde.internal.core.ant,ExportBuildListener,2,0,7,7,31,11,0,0,1.0,0,2
eclipse.pde.ui-20100428-1600,org.eclipse.pde.internal.core.ant,FeatureExportTask,1,0,2,1,29,5,0,1,0.0,0,4
eclipse.pde.ui-20100428-1600,org.eclipse.pde.internal.core.ant,PluginExportTask,1,0,2,1,28,5,0,1,0.0,0,3
eclipse.pde.ui-20100428-1600,org.eclipse.pde.internal.core.text,AbstractEditingModel,13,0,36,34,168,50,1,2,0.16666666666666666,7,1
eclipse.pde.ui-20100428-1600,org.eclipse.pde.internal.core.text,AbstractKeyValueTextChangeListener,1,0,6,3,36,14,0,2,0.3333333333333333,0,2
eclipse.pde.ui-20100428-1600,org.eclipse.pde.internal.core.text,AbstractTextChangeListener,3,0,1,1,9,1,1,1,0.0,0,0
eclipse.pde.ui-20100428-1600,org.eclipse.pde.internal.core.text,DocumentAttributeNode,8,0,20,20,86,20,0,2,0.1,1,2
eclipse.pde.ui-20100428-1600,org.eclipse.pde.internal.core.text,DocumentElementNode,17,4,74,55,507,123,1,2,0.05405405405405406,0,6
eclipse.pde.ui-20100428-1600,org.eclipse.pde.internal.core.text,DocumentHandler,5,0,23,10,232,63,1,0,0.08695652173913043,0,4
eclipse.pde.ui-20100428-1600,org.eclipse.pde.internal.core.text,DocumentNodeFactory,0,0,5,4,37,5,0,1,-1.0,0,3
eclipse.pde.ui-20100428-1600,org.eclipse.pde.internal.core.text,DocumentObject,3,0,43,35,492,98,0,3,0.20930232558139536,0,2
eclipse.pde.ui-20100428-1600,org.eclipse.pde.internal.core.text,DocumentTextNode,6,0,12,12,58,12,0,2,0.25,1,2
eclipse.pde.ui-20100428-1600,org.eclipse.pde.internal.core.text,DocumentXMLNode,0,0,3,3,16,3,3,1,-1.0,0,0
eclipse.pde.ui-20100428-1600,org.eclipse.pde.internal.core.text,IDocumentAttributeNode,0,0,16,1,18,16,1,1,-1.0,19,1
eclipse.pde.ui-20100428-1600,org.eclipse.pde.internal.core.text,IDocumentElementNode,1,1,50,15,56,50,2,1,-1.0,56,4
eclipse.pde.ui-20100428-1600,org.eclipse.pde.internal.core.text,IDocumentKey,0,0,5,0,7,5,0,1,-1.0,11,0
eclipse.pde.ui-20100428-1600,org.eclipse.pde.internal.core.text,IDocumentNodeFactory,0,0,3,3,8,3,1,0,-1.0,1,1
eclipse.pde.ui-20100428-1600,org.eclipse.pde.internal.core.text,IDocumentObject,0,0,26,26,31,26,1,2,-1.0,0,2
eclipse.pde.ui-20100428-1600,org.eclipse.pde.internal.core.text,IDocumentRange,0,0,2,0,4,2,4,0,-1.0,15,0
eclipse.pde.ui-20100428-1600,org.eclipse.pde.internal.core.text,IDocumentTextNode,1,1,8,2,11,8,1,1,-1.0,13,1
eclipse.pde.ui-20100428-1600,org.eclipse.pde.internal.core.text,IDocumentXMLNode,3,3,1,1,9,1,4,0,-1.0,0,0
eclipse.pde.ui-20100428-1600,org.eclipse.pde.internal.core.text,IEditingModel,0,0,5,5,7,5,1,1,-1.0,9,0
eclipse.pde.ui-20100428-1600,org.eclipse.pde.internal.core.text,IModelTextChangeListener,0,0,2,0,9,2,1,0,-1.0,5,0
eclipse.pde.ui-20100428-1600,org.eclipse.pde.internal.core.text,IReconcilingParticipant,0,0,1,0,3,1,1,0,-1.0,1,0
eclipse.pde.ui-20100428-1600,org.eclipse.pde.internal.core.text,NodeDocumentHandler,2,0,13,3,147,33,0,1,0.15384615384615385,0,4
eclipse.pde.ui-20100428-1600,org.eclipse.pde.internal.core.text,XMLEditingModel,1,0,13,9,132,20,0,3,0.3076923076923077,0,3
eclipse.pde.ui-20100428-1600,org.eclipse.pde.internal.core.text.build,Build,2,0,9,9,97,24,0,0,0.2222222222222222,7,6
eclipse.pde.ui-20100428-1600,org.eclipse.pde.internal.core.text.build,BuildEntry,6,0,25,21,218,50,0,0,0.16,9,3
eclipse.pde.ui-20100428-1600,org.eclipse.pde.internal.core.text.build,BuildModel,2,0,6,5,34,8,0,0,0.6666666666666666,3,2
eclipse.pde.ui-20100428-1600,org.eclipse.pde.internal.core.text.build,BuildModelFactory,1,0,2,2,9,2,0,0,0.0,1,1
eclipse.pde.ui-20100428-1600,org.eclipse.pde.internal.core.text.build,PropertiesTextChangeListener,0,0,3,3,27,8,0,0,-1.0,2,3
eclipse.pde.ui-20100428-1600,org.eclipse.pde.internal.core.text.bundle,BasePackageHeader,1,0,8,6,51,12,2,2,0.875,1,5
eclipse.pde.ui-20100428-1600,org.eclipse.pde.internal.core.text.bundle,Bundle,2,0,13,12,114,25,0,0,0.0,2,3
eclipse.pde.ui-20100428-1600,org.eclipse.pde.internal.core.text.bundle,BundleActivationPolicyHeader,1,0,4,4,16,5,0,3,0.75,0,1
eclipse.pde.ui-20100428-1600,org.eclipse.pde.internal.core.text.bundle,BundleActivatorHeader,1,0,3,3,12,3,0,2,1.0,0,1
eclipse.pde.ui-20100428-1600,org.eclipse.pde.internal.core.text.bundle,BundleClasspathHeader,1,0,4,4,19,4,0,2,1.0,0,1
eclipse.pde.ui-20100428-1600,org.eclipse.pde.internal.core.text.bundle,BundleLocalizationHeader,1,0,3,3,12,3,0,2,1.0,0,1
eclipse.pde.ui-20100428-1600,org.eclipse.pde.internal.core.text.bundle,BundleModel,2,0,7,6,42,8,0,0,0.42857142857142855,15,2
eclipse.pde.ui-20100428-1600,org.eclipse.pde.internal.core.text.bundle,BundleModelFactory,1,0,3,3,62,18,0,0,0.6666666666666666,2,2
eclipse.pde.ui-20100428-1600,org.eclipse.pde.internal.core.text.bundle,BundleNameHeader,1,0,3,3,12,3,0,2,1.0,0,1
eclipse.pde.ui-20100428-1600,org.eclipse.pde.internal.core.text.bundle,BundleSymbolicNameHeader,1,0,6,6,33,10,0,2,1.0,4,1
eclipse.pde.ui-20100428-1600,org.eclipse.pde.internal.core.text.bundle,BundleTextChangeListener,0,0,5,4,57,15,0,0,-1.0,1,5
eclipse.pde.ui-20100428-1600,org.eclipse.pde.internal.core.text.bundle,BundleVendorHeader,1,0,3,3,12,3,0,2,1.0,0,1
eclipse.pde.ui-20100428-1600,org.eclipse.pde.internal.core.text.bundle,BundleVersionHeader,1,0,3,3,12,3,0,2,1.0,1,1
eclipse.pde.ui-20100428-1600,org.eclipse.pde.internal.core.text.bundle,CompositeManifestHeader,5,0,24,12,271,73,4,1,0.20833333333333334,0,3
eclipse.pde.ui-20100428-1600,org.eclipse.pde.internal.core.text.bundle,ExecutionEnvironment,1,0,3,3,12,3,0,1,0.6666666666666666,2,1
eclipse.pde.ui-20100428-1600,org.eclipse.pde.internal.core.text.bundle,ExportPackageHeader,1,0,6,5,26,6,0,3,1.0,1,3
eclipse.pde.ui-20100428-1600,org.eclipse.pde.internal.core.text.bundle,ExportPackageObject,4,0,19,15,208,50,0,2,0.3684210526315789,7,7
eclipse.pde.ui-20100428-1600,org.eclipse.pde.internal.core.text.bundle,FragmentHostHeader,1,0,5,5,18,5,0,2,1.0,0,1
eclipse.pde.ui-20100428-1600,org.eclipse.pde.internal.core.text.bundle,ImportPackageHeader,1,0,5,4,23,5,0,3,1.0,2,3
eclipse.pde.ui-20100428-1600,org.eclipse.pde.internal.core.text.bundle,ImportPackageObject,1,0,8,7,47,12,0,2,0.75,5,6
eclipse.pde.ui-20100428-1600,org.eclipse.pde.internal.core.text.bundle,LazyStartHeader,1,0,3,3,12,3,1,2,1.0,2,1
eclipse.pde.ui-20100428-1600,org.eclipse.pde.internal.core.text.bundle,ManifestHeader,7,0,21,19,94,24,2,0,0.2857142857142857,11,3
eclipse.pde.ui-20100428-1600,org.eclipse.pde.internal.core.text.bundle,PDEManifestElement,5,0,28,18,196,62,3,0,0.0,8,2
eclipse.pde.ui-20100428-1600,org.eclipse.pde.internal.core.text.bundle,PackageFriend,3,0,6,6,27,6,0,0,0.3333333333333333,3,1
eclipse.pde.ui-20100428-1600,org.eclipse.pde.internal.core.text.bundle,PackageObject,2,0,8,8,47,14,2,1,0.375,5,2
eclipse.pde.ui-20100428-1600,org.eclipse.pde.internal.core.text.bundle,RequireBundleHeader,1,0,11,9,85,24,0,2,0.6363636363636364,4,6
eclipse.pde.ui-20100428-1600,org.eclipse.pde.internal.core.text.bundle,RequireBundleObject,1,0,10,10,87,24,0,1,0.6,4,3
eclipse.pde.ui-20100428-1600,org.eclipse.pde.internal.core.text.bundle,RequiredExecutionEnvironmentHeader,1,0,10,9,56,15,0,2,1.0,0,3
eclipse.pde.ui-20100428-1600,org.eclipse.pde.internal.core.text.bundle,SingleManifestHeader,2,0,10,9,47,14,8,1,0.2,0,2
eclipse.pde.ui-20100428-1600,org.eclipse.pde.internal.core.text.plugin,DocumentGenericNode,1,0,1,1,12,1,0,0,0.0,1,0
eclipse.pde.ui-20100428-1600,org.eclipse.pde.internal.core.text.plugin,FragmentModel,0,0,5,5,16,5,0,1,-1.0,0,0
eclipse.pde.ui-20100428-1600,org.eclipse.pde.internal.core.text.plugin,FragmentNode,1,0,7,6,53,18,0,2,0.7142857142857143,0,1
eclipse.pde.ui-20100428-1600,org.eclipse.pde.internal.core.text.plugin,PluginAttribute,3,0,21,21,73,21,0,1,0.14285714285714285,6,2
eclipse.pde.ui-20100428-1600,org.eclipse.pde.internal.core.text.plugin,PluginBaseNode,2,0,35,33,305,84,2,1,0.34285714285714286,2,7
eclipse.pde.ui-20100428-1600,org.eclipse.pde.internal.core.text.plugin,PluginDocumentHandler,3,0,9,4,108,26,0,0,0.0,1,4
eclipse.pde.ui-20100428-1600,org.eclipse.pde.internal.core.text.plugin,PluginDocumentNodeFactory,1,0,12,11,95,22,0,0,0.25,1,11
eclipse.pde.ui-20100428-1600,org.eclipse.pde.internal.core.text.plugin,PluginElementNode,2,0,14,14,100,29,0,2,0.5714285714285714,5,7
eclipse.pde.ui-20100428-1600,org.eclipse.pde.internal.core.text.plugin,PluginExtensionNode,2,0,12,12,73,21,0,2,0.5,3,6
eclipse.pde.ui-20100428-1600,org.eclipse.pde.internal.core.text.plugin,PluginExtensionPointNode,1,0,12,12,49,14,0,1,0.75,3,2
eclipse.pde.ui-20100428-1600,org.eclipse.pde.internal.core.text.plugin,PluginImportNode,1,0,14,14,86,24,0,1,0.9285714285714286,2,2
eclipse.pde.ui-20100428-1600,org.eclipse.pde.internal.core.text.plugin,PluginLibraryNode,1,0,18,18,139,42,0,1,0.7777777777777778,2,6
eclipse.pde.ui-20100428-1600,org.eclipse.pde.internal.core.text.plugin,PluginModel,0,0,5,5,16,5,0,1,-1.0,1,0
eclipse.pde.ui-20100428-1600,org.eclipse.pde.internal.core.text.plugin,PluginModelBase,5,0,18,15,89,22,2,0,0.3888888888888889,4,5
eclipse.pde.ui-20100428-1600,org.eclipse.pde.internal.core.text.plugin,PluginNode,1,0,4,3,17,5,0,2,0.75,0,0
eclipse.pde.ui-20100428-1600,org.eclipse.pde.internal.core.text.plugin,PluginObjectNode,4,0,32,25,148,44,6,0,0.375,1,5
eclipse.pde.ui-20100428-1600,org.eclipse.pde.internal.core.text.plugin,PluginParentNode,1,0,7,7,33,8,2,1,0.7142857142857143,0,3
eclipse.pde.ui-20100428-1600,org.eclipse.pde.internal.core.text.plugin,XMLTextChangeListener,2,0,22,5,358,93,0,0,0.18181818181818182,1,7
eclipse.pde.ui-20100428-1600,org.eclipse.pde.internal.junit.runtime,CoreTestApplication,0,0,1,1,10,1,0,0,-1.0,0,1
eclipse.pde.ui-20100428-1600,org.eclipse.pde.internal.junit.runtime,LegacyUITestApplication,2,0,5,3,45,11,0,0,0.4,0,1
eclipse.pde.ui-20100428-1600,org.eclipse.pde.internal.junit.runtime,NonUIThreadTestApplication,0,0,1,1,10,1,0,1,-1.0,0,1
eclipse.pde.ui-20100428-1600,org.eclipse.pde.internal.junit.runtime,RemotePluginTestRunner,3,0,11,5,65,17,0,0,0.18181818181818182,5,1
eclipse.pde.ui-20100428-1600,org.eclipse.pde.internal.junit.runtime,BundleClassLoader,1,0,4,1,15,4,0,0,0.0,0,0
eclipse.pde.ui-20100428-1600,org.eclipse.pde.internal.junit.runtime,UITestApplication,3,0,6,4,58,14,1,0,0.3333333333333333,0,1
eclipse.pde.ui-20100428-1600,org.eclipse.pde.internal.launching,ILaunchingPreferenceConstants,2,2,0,0,8,0,0,0,-1.0,4,0
eclipse.pde.ui-20100428-1600,org.eclipse.pde.internal.launching,IPDEConstants,10,0,0,0,18,0,1,0,-1.0,19,0
eclipse.pde.ui-20100428-1600,org.eclipse.pde.internal.launching,PDELaunchingPlugin,8,0,19,18,122,33,0,1,0.3684210526315789,15,4
eclipse.pde.ui-20100428-1600,org.eclipse.pde.internal.launching,DebugPluginUtil,1,0,2,2,19,4,0,0,0.0,1,0
eclipse.pde.ui-20100428-1600,org.eclipse.pde.internal.launching,PDEMessages,16,15,0,0,21,0,0,0,-1.0,10,0
eclipse.pde.ui-20100428-1600,org.eclipse.pde.internal.launching,PreferenceInitializer,0,0,1,1,25,3,0,0,-1.0,0,4
eclipse.pde.ui-20100428-1600,org.eclipse.pde.internal.launching.launcher,BundleLauncherHelper,1,1,13,10,450,122,0,0,0.15384615384615385,13,9
eclipse.pde.ui-20100428-1600,org.eclipse.pde.internal.launching.launcher,EclipsePluginValidationOperation,3,1,8,4,90,23,0,1,0.375,0,3
eclipse.pde.ui-20100428-1600,org.eclipse.pde.internal.launching.launcher,EquinoxInitializer,1,0,9,1,91,23,0,0,0.2222222222222222,0,3
eclipse.pde.ui-20100428-1600,org.eclipse.pde.internal.launching.launcher,LaunchArgumentsHelper,0,0,16,13,251,61,0,0,-1.0,10,5
eclipse.pde.ui-20100428-1600,org.eclipse.pde.internal.launching.launcher,LaunchConfigurationHelper,5,0,18,10,351,93,0,0,0.16666666666666666,4,6
eclipse.pde.ui-20100428-1600,org.eclipse.pde.internal.launching.launcher,LaunchConfigurationListener,0,0,4,3,27,7,0,0,-1.0,0,3
eclipse.pde.ui-20100428-1600,org.eclipse.pde.internal.launching.launcher,LaunchListener,1,0,12,8,142,34,0,0,0.3333333333333333,2,2
eclipse.pde.ui-20100428-1600,org.eclipse.pde.internal.launching.launcher,LaunchPluginValidator,1,1,4,3,81,20,0,0,0.75,4,6
eclipse.pde.ui-20100428-1600,org.eclipse.pde.internal.launching.launcher,LaunchValidationOperation,2,0,10,5,104,27,3,0,0.0,2,5
eclipse.pde.ui-20100428-1600,org.eclipse.pde.internal.launching.launcher,LauncherUtils,8,5,14,7,276,67,0,0,0.35714285714285715,5,10
eclipse.pde.ui-20100428-1600,org.eclipse.pde.internal.launching.launcher,OSGiFrameworkManager,8,7,12,10,97,27,0,0,0.16666666666666666,7,3
eclipse.pde.ui-20100428-1600,org.eclipse.pde.internal.launching.launcher,OSGiMigrationDelegate,0,0,2,2,20,6,0,1,-1.0,0,1
eclipse.pde.ui-20100428-1600,org.eclipse.pde.internal.launching.launcher,OSGiValidationOperation,0,0,2,1,8,2,0,1,-1.0,0,1
eclipse.pde.ui-20100428-1600,org.eclipse.pde.internal.launching.launcher,PDEMigrationDelegate,0,0,3,3,33,8,1,0,-1.0,0,4
eclipse.pde.ui-20100428-1600,org.eclipse.pde.internal.launching.launcher,ProductValidationOperation,1,0,3,1,27,6,0,1,0.6666666666666666,0,1
eclipse.pde.ui-20100428-1600,org.eclipse.pde.internal.launching.launcher,VMHelper,0,0,4,4,60,15,0,0,-1.0,5,5
eclipse.pde.ui-20100428-1600,org.eclipse.pde.internal.launching.sourcelookup,PDESourceLookupDirector,3,0,11,5,152,38,0,0,0.45454545454545453,1,4
eclipse.pde.ui-20100428-1600,org.eclipse.pde.internal.launching.sourcelookup,PDESourceLookupQuery,7,0,14,3,220,55,0,0,0.21428571428571427,2,5
eclipse.pde.ui-20100428-1600,org.eclipse.pde.launching,AbstractPDELaunchConfiguration,1,0,20,9,259,39,2,0,0.2,0,9
eclipse.pde.ui-20100428-1600,org.eclipse.pde.launching,EclipseApplicationLaunchConfiguration,3,0,10,2,192,38,0,1,0.0,0,7
eclipse.pde.ui-20100428-1600,org.eclipse.pde.launching,EquinoxLaunchConfiguration,2,0,7,1,125,26,0,1,0.42857142857142855,0,6
eclipse.pde.ui-20100428-1600,org.eclipse.pde.launching,IPDELauncherConstants,55,0,0,0,276,0,0,0,-1.0,38,0
eclipse.pde.ui-20100428-1600,org.eclipse.pde.launching,JUnitLaunchConfigurationDelegate,4,0,25,8,288,63,0,0,0.4,0,7
eclipse.pde.ui-20100428-1600,org.eclipse.pde.launching,OSGiLaunchConfigurationDelegate,0,0,2,1,28,4,0,0,-1.0,0,3
eclipse.pde.ui-20100428-1600,org.eclipse.pde.launching,OSGiLaunchConfigurationInitializer,1,0,7,1,69,9,0,0,0.0,0,5
eclipse.pde.ui-20100428-1600,org.eclipse.pde.launching,PDESourcePathProvider,1,1,5,2,78,14,0,0,0.4,4,5
eclipse.pde.ui-20100428-1600,org.eclipse.pde.internal.runtime,IHelpContextIds,3,3,0,0,5,0,0,0,-1.0,0,0
eclipse.pde.ui-20100428-1600,org.eclipse.pde.internal.runtime,MessageHelper,0,0,2,1,16,7,0,0,-1.0,1,2
eclipse.pde.ui-20100428-1600,org.eclipse.pde.internal.runtime,OverlayIcon,5,0,8,2,80,27,0,0,0.0,0,0
eclipse.pde.ui-20100428-1600,org.eclipse.pde.internal.runtime,PDERuntimeMessages,80,79,0,0,85,0,0,0,-1.0,10,0
eclipse.pde.ui-20100428-1600,org.eclipse.pde.internal.runtime,PDERuntimePlugin,6,2,15,13,93,23,0,0,0.2,7,1
eclipse.pde.ui-20100428-1600,org.eclipse.pde.internal.runtime,PDERuntimePluginImages,58,53,5,2,89,6,0,0,0.4,4,2
eclipse.pde.ui-20100428-1600,org.eclipse.pde.internal.runtime.registry,DiagnosticsDialog,0,0,3,1,13,3,0,0,-1.0,0,0
eclipse.pde.ui-20100428-1600,org.eclipse.pde.internal.runtime.registry,RegistryBrowser,37,7,55,37,583,141,0,0,0.10909090909090909,4,3
eclipse.pde.ui-20100428-1600,org.eclipse.pde.internal.runtime.registry,GroupByAction,1,0,2,2,13,3,0,0,0.0,0,0
eclipse.pde.ui-20100428-1600,org.eclipse.pde.internal.runtime.registry,RegistryDrillDownAdapter,0,0,5,5,25,5,0,0,-1.0,0,0
eclipse.pde.ui-20100428-1600,org.eclipse.pde.internal.runtime.registry,RegistryBrowserContentProvider,2,1,7,7,100,39,0,0,0.5714285714285714,1,1
eclipse.pde.ui-20100428-1600,org.eclipse.pde.internal.runtime.registry,RegistryBrowserLabelProvider,25,0,6,5,307,71,0,0,0.0,1,3
eclipse.pde.ui-20100428-1600,org.eclipse.pde.internal.runtime.registry,RegistryBrowserModelChangeListener,1,0,7,3,127,36,0,0,0.0,0,1
eclipse.pde.ui-20100428-1600,org.eclipse.pde.internal.runtime.registry,RegistryFilteredTree,1,0,3,1,34,4,0,0,0.6666666666666666,0,1
eclipse.pde.ui-20100428-1600,org.eclipse.pde.internal.runtime.registry.model,Attribute,4,2,6,6,24,6,1,1,0.3333333333333333,2,0
eclipse.pde.ui-20100428-1600,org.eclipse.pde.internal.runtime.registry.model,BackendChangeListener,0,0,10,0,15,10,0,0,-1.0,3,4
eclipse.pde.ui-20100428-1600,org.eclipse.pde.internal.runtime.registry.model,Bundle,15,3,36,36,163,59,0,1,0.3611111111111111,5,5
eclipse.pde.ui-20100428-1600,org.eclipse.pde.internal.runtime.registry.model,BundleLibrary,1,0,2,2,9,2,0,1,0.0,2,0
eclipse.pde.ui-20100428-1600,org.eclipse.pde.internal.runtime.registry.model,BundlePrerequisite,4,0,8,8,30,8,0,1,0.5,2,0
eclipse.pde.ui-20100428-1600,org.eclipse.pde.internal.runtime.registry.model,ConfigurationElement,1,0,2,2,10,3,0,2,0.0,2,1
eclipse.pde.ui-20100428-1600,org.eclipse.pde.internal.runtime.registry.model,Extension,5,0,14,14,84,32,0,1,0.14285714285714285,6,2
eclipse.pde.ui-20100428-1600,org.eclipse.pde.internal.runtime.registry.model,ExtensionPoint,5,0,13,13,64,20,0,1,0.38461538461538464,6,1
eclipse.pde.ui-20100428-1600,org.eclipse.pde.internal.runtime.registry.model,Folder,13,11,6,6,62,17,0,0,0.0,0,0
eclipse.pde.ui-20100428-1600,org.eclipse.pde.internal.runtime.registry.model,LocalRegistryBackend,1,0,31,16,372,91,0,1,0.41935483870967744,1,12
eclipse.pde.ui-20100428-1600,org.eclipse.pde.internal.runtime.registry.model,ModelChangeDelta,11,9,3,3,26,3,0,0,0.0,4,1
eclipse.pde.ui-20100428-1600,org.eclipse.pde.internal.runtime.registry.model,ModelChangeListener,0,0,1,0,6,1,0,0,-1.0,1,1
eclipse.pde.ui-20100428-1600,org.eclipse.pde.internal.runtime.registry.model,ModelObject,1,0,1,1,6,1,9,0,0.0,1,1
eclipse.pde.ui-20100428-1600,org.eclipse.pde.internal.runtime.registry.model,Property,4,2,7,7,62,16,0,1,0.2857142857142857,3,1
eclipse.pde.ui-20100428-1600,org.eclipse.pde.internal.runtime.registry.model,RegistryBackend,0,0,10,10,12,10,1,0,-1.0,1,1
eclipse.pde.ui-20100428-1600,org.eclipse.pde.internal.runtime.registry.model,RegistryModel,8,0,30,25,285,65,0,0,0.06666666666666667,3,10
eclipse.pde.ui-20100428-1600,org.eclipse.pde.internal.runtime.registry.model,RegistryModelFactory,0,0,1,1,12,1,0,0,-1.0,0,0
eclipse.pde.ui-20100428-1600,org.eclipse.pde.internal.runtime.registry.model,ServiceName,1,0,7,6,40,12,0,1,0.0,3,1
eclipse.pde.ui-20100428-1600,org.eclipse.pde.internal.runtime.registry.model,ServiceRegistration,5,0,17,17,105,33,0,1,0.29411764705882354,5,4
eclipse.pde.ui-20100428-1600,org.eclipse.pde.internal.runtime.spy,SpyFormToolkit,7,0,22,16,244,53,0,0,0.3181818181818182,11,2
eclipse.pde.ui-20100428-1600,org.eclipse.pde.internal.runtime.spy,SpyHyperlinkAdapter,1,0,2,2,20,4,0,0,0.0,0,1
eclipse.pde.ui-20100428-1600,org.eclipse.pde.internal.runtime.spy,SaveImageAction,1,0,3,2,29,9,0,0,0.0,1,0
eclipse.pde.ui-20100428-1600,org.eclipse.pde.internal.runtime.spy,SpyIDEUtil,0,0,3,3,43,6,0,0,-1.0,3,9
eclipse.pde.ui-20100428-1600,org.eclipse.pde.internal.runtime.spy.dialogs,MenuSpyDialog,4,0,10,5,77,14,0,0,0.4,1,2
eclipse.pde.ui-20100428-1600,org.eclipse.pde.internal.runtime.spy.dialogs,CloseAction,0,0,3,3,11,3,0,0,-1.0,0,0
eclipse.pde.ui-20100428-1600,org.eclipse.pde.internal.runtime.spy.dialogs,SpyDialog,4,0,10,5,89,14,0,0,0.4,1,1
eclipse.pde.ui-20100428-1600,org.eclipse.pde.internal.runtime.spy.dialogs,CloseAction,0,0,3,3,11,3,0,0,-1.0,0,0
eclipse.pde.ui-20100428-1600,org.eclipse.pde.internal.runtime.spy.handlers,MenuSpyHandler,3,0,3,3,65,15,0,0,0.6666666666666666,0,2
eclipse.pde.ui-20100428-1600,org.eclipse.pde.internal.runtime.spy.handlers,SpyHandler,1,0,2,2,21,4,0,0,1.0,0,1
eclipse.pde.ui-20100428-1600,org.eclipse.pde.internal.runtime.spy.sections,ActiveDialogPageSection,0,0,1,1,42,5,0,1,-1.0,0,3
eclipse.pde.ui-20100428-1600,org.eclipse.pde.internal.runtime.spy.sections,ActiveFormEditorSection,0,0,1,1,25,3,0,1,-1.0,0,2
eclipse.pde.ui-20100428-1600,org.eclipse.pde.internal.runtime.spy.sections,ActiveHelpSection,1,0,4,1,122,27,0,1,0.0,0,4
eclipse.pde.ui-20100428-1600,org.eclipse.pde.internal.runtime.spy.sections,ActiveMenuSection,0,0,6,2,133,26,0,1,-1.0,1,3
eclipse.pde.ui-20100428-1600,org.eclipse.pde.internal.runtime.spy.sections,ActivePartSection,0,0,1,1,73,8,0,1,-1.0,0,1
eclipse.pde.ui-20100428-1600,org.eclipse.pde.internal.runtime.spy.sections,ActiveSelectionSection,0,0,1,1,42,6,0,1,-1.0,0,2
eclipse.pde.ui-20100428-1600,org.eclipse.pde.internal.runtime.spy.sections,ActiveShellSection,0,0,1,1,25,2,0,1,-1.0,0,2
eclipse.pde.ui-20100428-1600,org.eclipse.pde.internal.runtime.spy.sections,ActiveWizardSection,0,0,1,1,34,3,0,1,-1.0,0,3
eclipse.pde.ui-20100428-1600,org.eclipse.pde.internal.runtime.spy.sections,ISpySection,0,0,1,1,6,1,8,0,-1.0,0,1
eclipse.pde.ui-20100428-1600,org.eclipse.pde.internal.ui.templates,Activator,1,0,5,5,20,5,0,0,0.0,2,1
eclipse.pde.ui-20100428-1600,org.eclipse.pde.internal.ui.templates,IHelpContextIds,15,15,0,0,17,0,0,0,-1.0,16,0
eclipse.pde.ui-20100428-1600,org.eclipse.pde.internal.ui.templates,PDETemplateMessages,248,247,0,0,253,0,0,0,-1.0,38,0
eclipse.pde.ui-20100428-1600,org.eclipse.pde.internal.ui.templates,PDETemplateSection,6,6,9,2,69,23,0,0,0.5555555555555556,0,2
eclipse.pde.ui-20100428-1600,org.eclipse.pde.internal.ui.templates.ide,BaseEditorTemplate,0,0,2,2,8,2,2,0,-1.0,0,0
eclipse.pde.ui-20100428-1600,org.eclipse.pde.internal.ui.templates.ide,BuilderNewWizard,0,0,3,3,17,3,0,0,-1.0,0,2
eclipse.pde.ui-20100428-1600,org.eclipse.pde.internal.ui.templates.ide,BuilderTemplate,8,0,15,10,144,24,0,0,0.6,0,9
eclipse.pde.ui-20100428-1600,org.eclipse.pde.internal.ui.templates.ide,CommonNavigatorTemplate,7,3,14,6,115,18,0,0,0.42857142857142855,0,2
eclipse.pde.ui-20100428-1600,org.eclipse.pde.internal.ui.templates.ide,DecoratorTemplate,9,4,18,10,170,30,0,0,0.3888888888888889,0,11
eclipse.pde.ui-20100428-1600,org.eclipse.pde.internal.ui.templates.ide,EditorNewWizard,0,0,3,3,15,3,0,0,-1.0,0,2
eclipse.pde.ui-20100428-1600,org.eclipse.pde.internal.ui.templates.ide,EditorTemplate,3,3,13,8,95,19,0,1,0.6153846153846154,0,10
eclipse.pde.ui-20100428-1600,org.eclipse.pde.internal.ui.templates.ide,HelloWorldCmdNewWizard,0,0,3,3,15,3,0,0,-1.0,0,2
eclipse.pde.ui-20100428-1600,org.eclipse.pde.internal.ui.templates.ide,HelloWorldCmdTemplate,3,3,12,8,131,17,0,0,0.6666666666666666,0,8
eclipse.pde.ui-20100428-1600,org.eclipse.pde.internal.ui.templates.ide,HelloWorldNewWizard,0,0,3,3,15,3,0,0,-1.0,0,2
eclipse.pde.ui-20100428-1600,org.eclipse.pde.internal.ui.templates.ide,HelloWorldTemplate,3,3,12,8,84,14,0,0,0.6666666666666666,0,8
eclipse.pde.ui-20100428-1600,org.eclipse.pde.internal.ui.templates.ide,HelpNewWizard,0,0,2,2,9,2,0,0,-1.0,0,2
eclipse.pde.ui-20100428-1600,org.eclipse.pde.internal.ui.templates.ide,HelpTemplate,16,8,13,7,165,32,0,0,0.38461538461538464,0,8
eclipse.pde.ui-20100428-1600,org.eclipse.pde.internal.ui.templates.ide,ImportWizardTemplate,6,5,14,9,112,18,0,0,0.5714285714285714,0,9
eclipse.pde.ui-20100428-1600,org.eclipse.pde.internal.ui.templates.ide,MultiPageEditorNewWizard,0,0,3,3,15,3,0,0,-1.0,0,2
eclipse.pde.ui-20100428-1600,org.eclipse.pde.internal.ui.templates.ide,MultiPageEditorTemplate,0,0,13,8,94,19,0,1,-1.0,0,10
eclipse.pde.ui-20100428-1600,org.eclipse.pde.internal.ui.templates.ide,NewWizardTemplate,0,0,14,9,98,21,0,0,-1.0,0,10
eclipse.pde.ui-20100428-1600,org.eclipse.pde.internal.ui.templates.ide,PerspectiveTemplate,7,6,13,9,87,16,0,0,0.6153846153846154,0,9
eclipse.pde.ui-20100428-1600,org.eclipse.pde.internal.ui.templates.ide,PopupMenuNewWizard,0,0,3,3,18,3,0,0,-1.0,0,2
eclipse.pde.ui-20100428-1600,org.eclipse.pde.internal.ui.templates.ide,PopupMenuTemplate,5,5,11,7,95,13,0,0,0.5454545454545454,0,9
eclipse.pde.ui-20100428-1600,org.eclipse.pde.internal.ui.templates.ide,PreferencePageTemplate,2,0,13,8,75,17,0,0,0.6153846153846154,0,9
eclipse.pde.ui-20100428-1600,org.eclipse.pde.internal.ui.templates.ide,PropertyPageNewWizard,0,0,3,3,18,3,0,0,-1.0,0,2
eclipse.pde.ui-20100428-1600,org.eclipse.pde.internal.ui.templates.ide,PropertyPageTemplate,4,4,11,7,90,15,0,0,0.5454545454545454,0,2
eclipse.pde.ui-20100428-1600,org.eclipse.pde.internal.ui.templates.ide,SplashHandlersTemplate,13,0,29,12,209,42,0,0,0.3448275862068966,0,4
eclipse.pde.ui-20100428-1600,org.eclipse.pde.internal.ui.templates.ide,UniversalWelcomeTemplate,6,0,16,10,94,21,0,0,0.5625,0,2
eclipse.pde.ui-20100428-1600,org.eclipse.pde.internal.ui.templates.ide,ViewNewWizard,0,0,3,3,15,3,0,0,-1.0,0,2
eclipse.pde.ui-20100428-1600,org.eclipse.pde.internal.ui.templates.ide,ViewTemplate,2,0,17,11,139,31,0,0,0.5882352941176471,0,2
eclipse.pde.ui-20100428-1600,org.eclipse.pde.internal.ui.templates.osgi,HelloOSGiNewWizard,0,0,3,3,12,3,0,0,-1.0,0,2
eclipse.pde.ui-20100428-1600,org.eclipse.pde.internal.ui.templates.osgi,HelloOSGiServiceNewWizard,0,0,3,3,12,3,0,0,-1.0,0,2
eclipse.pde.ui-20100428-1600,org.eclipse.pde.internal.ui.templates.osgi,HelloOSGiServiceTemplate,5,5,8,7,38,8,0,0,1.0,0,1
eclipse.pde.ui-20100428-1600,org.eclipse.pde.internal.ui.templates.osgi,HelloOSGiTemplate,3,3,8,7,34,8,0,0,1.0,0,1
eclipse.pde.ui-20100428-1600,org.eclipse.pde.internal.ui.templates.osgi,HelloServiceComponentTemplate,5,4,11,9,56,12,0,0,0.8181818181818182,0,3
eclipse.pde.ui-20100428-1600,org.eclipse.pde.internal.ui.templates.osgi,HelloServiceComponentTemplateWizard,0,0,4,4,15,4,0,0,-1.0,0,2
eclipse.pde.ui-20100428-1600,org.eclipse.pde.internal.ui.templates.osgi,OSGiEventAdminTemplate,2,1,11,9,50,12,0,0,0.8181818181818182,0,3
eclipse.pde.ui-20100428-1600,org.eclipse.pde.internal.ui.templates.osgi,OSGiEventAdminTemplateWizard,0,0,4,4,15,4,0,0,-1.0,0,2
eclipse.pde.ui-20100428-1600,org.eclipse.pde.internal.ui.templates.osgi,OSGiPreferencesServiceNewWizard,0,0,3,3,12,3,0,0,-1.0,0,2
eclipse.pde.ui-20100428-1600,org.eclipse.pde.internal.ui.templates.osgi,OSGiPreferencesServiceTemplate,1,1,8,7,31,8,0,0,1.0,0,1
eclipse.pde.ui-20100428-1600,org.eclipse.pde.internal.ui.templates.osgi,OSGiSimpleLogServiceNewWizard,0,0,3,3,12,3,0,0,-1.0,0,2
eclipse.pde.ui-20100428-1600,org.eclipse.pde.internal.ui.templates.osgi,OSGiSimpleLogServiceTemplate,2,2,8,7,33,8,0,0,1.0,0,1
eclipse.pde.ui-20100428-1600,org.eclipse.pde.internal.ui.templates.rcp,HelloNonUIRCPNewWizard,0,0,2,2,9,2,0,0,-1.0,0,2
eclipse.pde.ui-20100428-1600,org.eclipse.pde.internal.ui.templates.rcp,HelloNonUIRCPTemplate,2,2,12,8,61,13,0,0,0.75,0,8
eclipse.pde.ui-20100428-1600,org.eclipse.pde.internal.ui.templates.rcp,HelloRCPNewWizard,0,0,2,2,9,2,0,0,-1.0,0,2
eclipse.pde.ui-20100428-1600,org.eclipse.pde.internal.ui.templates.rcp,HelloRCPTemplate,2,2,15,9,97,20,0,0,0.6666666666666666,0,8
eclipse.pde.ui-20100428-1600,org.eclipse.pde.internal.ui.templates.rcp,IntroNewWizard,0,0,2,2,9,2,0,0,-1.0,0,2
eclipse.pde.ui-20100428-1600,org.eclipse.pde.internal.ui.templates.rcp,IntroTemplate,6,0,18,11,171,31,0,0,0.4444444444444444,0,8
eclipse.pde.ui-20100428-1600,org.eclipse.pde.internal.ui.templates.rcp,MailNewWizard,0,0,2,2,9,2,0,0,-1.0,0,2
eclipse.pde.ui-20100428-1600,org.eclipse.pde.internal.ui.templates.rcp,MailTemplate,2,2,19,9,214,27,0,0,0.5789473684210527,0,8
eclipse.pde.ui-20100428-1600,org.eclipse.pde.internal.ui.templates.rcp,ViewRCPNewWizard,0,0,2,2,9,2,0,0,-1.0,0,2
eclipse.pde.ui-20100428-1600,org.eclipse.pde.internal.ui.templates.rcp,ViewRCPTemplate,2,2,18,9,148,26,0,0,0.5555555555555556,0,2
eclipse.pde.ui-20100428-1600,$packageName$,$activator$,3,0,2,2,18,2,0,0,0.0,2,0
eclipse.pde.ui-20100428-1600,$packageName$,$activator$,2,0,2,2,17,4,0,0,0.0,0,1
eclipse.pde.ui-20100428-1600,$packageName$,SimpleLogService,0,0,1,1,3,1,1,0,-1.0,1,0
eclipse.pde.ui-20100428-1600,$packageName$,SimpleLogServiceImpl,0,0,1,1,5,1,0,1,-1.0,0,0
eclipse.pde.ui-20100428-1600,$packageName$,$builderClassName$,4,1,14,6,108,22,0,0,0.35714285714285715,1,1
eclipse.pde.ui-20100428-1600,$packageName$,SampleDeltaVisitor,0,0,1,1,16,4,0,0,-1.0,0,1
eclipse.pde.ui-20100428-1600,$packageName$,SampleResourceVisitor,0,0,1,1,6,1,0,0,-1.0,0,1
eclipse.pde.ui-20100428-1600,$packageName$,XMLErrorHandler,1,0,5,4,18,5,0,0,0.0,0,0
eclipse.pde.ui-20100428-1600,$packageName$,$natureClassName$,2,1,4,4,43,8,0,0,0.0,1,1
eclipse.pde.ui-20100428-1600,$packageName$,ToggleNatureAction,1,0,4,3,52,11,0,0,0.5,0,1
eclipse.pde.ui-20100428-1600,$packageName$,$decoratorClassName$,8,5,5,5,56,7,0,0,1.0,0,1
eclipse.pde.ui-20100428-1600,$packageName$,$editorClass$,1,0,2,2,13,2,0,0,0.0,0,1
eclipse.pde.ui-20100428-1600,$packageName$,ColorManager,1,0,2,2,15,4,0,0,0.0,8,0
eclipse.pde.ui-20100428-1600,$packageName$,IXMLColorConstants,5,0,0,0,7,0,0,0,-1.0,6,0
eclipse.pde.ui-20100428-1600,$packageName$,NonRuleBasedDamagerRepairer,2,0,6,4,78,10,0,0,0.3333333333333333,2,0
eclipse.pde.ui-20100428-1600,$packageName$,TagRule,0,0,2,1,22,6,0,0,-1.0,0,0
eclipse.pde.ui-20100428-1600,$packageName$,XMLConfiguration,4,0,6,4,43,9,0,0,0.5,0,7
eclipse.pde.ui-20100428-1600,$packageName$,XMLDocumentProvider,0,0,1,0,11,2,0,0,-1.0,0,1
eclipse.pde.ui-20100428-1600,$packageName$,XMLDoubleClickStrategy,1,0,4,1,79,17,0,0,0.0,2,0
eclipse.pde.ui-20100428-1600,$packageName$,XMLPartitionScanner,2,2,1,1,12,1,0,0,0.0,4,0
eclipse.pde.ui-20100428-1600,$packageName$,XMLScanner,0,0,1,1,9,1,0,0,-1.0,2,2
eclipse.pde.ui-20100428-1600,$packageName$,XMLTagScanner,0,0,1,1,10,1,0,0,-1.0,2,2
eclipse.pde.ui-20100428-1600,$packageName$,XMLWhitespaceDetector,0,0,1,1,5,1,0,0,-1.0,0,0
eclipse.pde.ui-20100428-1600,$packageName$,$applicationClass$,0,0,1,1,9,1,0,0,-1.0,0,0
eclipse.pde.ui-20100428-1600,$packageName$,$activator$,0,0,2,2,8,2,0,0,-1.0,0,0
eclipse.pde.ui-20100428-1600,$packageName$,$activator$,3,0,3,3,39,5,0,0,0.0,0,2
eclipse.pde.ui-20100428-1600,$packageName$,Dictionary,0,0,2,2,13,2,2,0,-1.0,6,0
eclipse.pde.ui-20100428-1600,$packageName$,DictionaryImpl,2,0,3,3,13,3,0,1,0.6666666666666666,0,0
eclipse.pde.ui-20100428-1600,$packageName$,DictionaryService,0,0,3,3,18,3,2,0,-1.0,3,1
eclipse.pde.ui-20100428-1600,$packageName$,DictionaryServiceImpl,1,0,3,3,16,5,0,1,0.0,0,1
eclipse.pde.ui-20100428-1600,$packageName$,$activator$,3,0,3,3,38,5,0,0,0.0,0,2
eclipse.pde.ui-20100428-1600,$packageName$,Dictionary,0,0,2,2,13,2,0,0,-1.0,0,0
eclipse.pde.ui-20100428-1600,$packageName$,DictionaryImpl,2,0,3,3,13,3,0,1,0.6666666666666666,0,0
eclipse.pde.ui-20100428-1600,$packageName$,DictionaryService,0,0,4,4,23,4,0,0,-1.0,0,1
eclipse.pde.ui-20100428-1600,$packageName$,DictionaryServiceImpl,1,0,4,4,24,7,0,1,0.0,0,1
eclipse.pde.ui-20100428-1600,$packageName$,ServiceComponent,1,0,4,4,38,9,0,0,0.5,0,1
eclipse.pde.ui-20100428-1600,$packageName$,$applicationClass$,0,0,1,1,18,2,0,0,-1.0,0,0
eclipse.pde.ui-20100428-1600,$packageName$,ApplicationWorkbenchAdvisor,1,0,2,2,8,2,0,0,1.0,0,0
eclipse.pde.ui-20100428-1600,$packageName$,Perspective,0,0,1,1,4,1,0,0,-1.0,1,0
eclipse.pde.ui-20100428-1600,$packageName$,$className$,1,0,5,5,38,5,0,0,0.8,0,0
eclipse.pde.ui-20100428-1600,$packageName$,$wizardClassName$,1,0,4,4,20,5,0,0,0.5,0,1
eclipse.pde.ui-20100428-1600,$packageName$,$wizardPageClassName$,1,0,7,2,54,7,0,0,0.7142857142857143,2,0
eclipse.pde.ui-20100428-1600,$packageName$,Application,0,0,1,1,18,2,0,0,-1.0,0,0
eclipse.pde.ui-20100428-1600,$packageName$,ApplicationWorkbenchAdvisor,2,0,4,4,32,6,0,0,1.0,0,0
eclipse.pde.ui-20100428-1600,$packageName$,DynamicContentProvider,0,0,5,4,22,5,0,0,-1.0,0,0
eclipse.pde.ui-20100428-1600,$packageName$,Perspective,0,0,1,1,4,1,0,0,-1.0,0,0
eclipse.pde.ui-20100428-1600,$packageName$,$applicationClass$,0,0,1,1,18,2,0,0,-1.0,0,0
eclipse.pde.ui-20100428-1600,$packageName$,ApplicationWorkbenchAdvisor,6,0,7,4,71,10,0,0,0.5714285714285714,0,2
eclipse.pde.ui-20100428-1600,$packageName$,ICommandIds,2,2,0,0,8,0,0,0,-1.0,6,0
eclipse.pde.ui-20100428-1600,$packageName$,MessagePopupAction,1,0,2,1,13,2,0,0,0.0,0,1
eclipse.pde.ui-20100428-1600,$packageName$,NavigationView,5,1,21,20,113,25,0,0,0.38095238095238093,3,0
eclipse.pde.ui-20100428-1600,$packageName$,TreeObject,2,0,5,5,19,5,4,0,0.4,0,0
eclipse.pde.ui-20100428-1600,$packageName$,TreeParent,1,0,5,5,21,5,0,1,0.0,0,0
eclipse.pde.ui-20100428-1600,$packageName$,ViewContentProvider,0,0,6,6,25,9,0,0,-1.0,0,0
eclipse.pde.ui-20100428-1600,$packageName$,ViewLabelProvider,0,0,2,2,10,3,0,0,-1.0,0,0
eclipse.pde.ui-20100428-1600,$packageName$,OpenViewAction,3,0,2,2,23,3,0,0,0.0,3,1
eclipse.pde.ui-20100428-1600,$packageName$,Perspective,0,0,1,1,11,1,0,0,-1.0,0,2
eclipse.pde.ui-20100428-1600,$packageName$,View,2,1,2,2,45,3,0,0,1.0,8,0
eclipse.pde.ui-20100428-1600,$packageName$,$contributorClassName$,2,0,7,5,59,9,0,0,0.42857142857142855,0,0
eclipse.pde.ui-20100428-1600,$packageName$,$editorClassName$,3,0,17,10,174,28,0,0,0.47058823529411764,0,1
eclipse.pde.ui-20100428-1600,$packageName$,$wizardClassName$,2,0,9,6,111,11,0,0,0.7777777777777778,0,1
eclipse.pde.ui-20100428-1600,$packageName$,$wizardPageClassName$,3,0,11,7,136,24,0,0,0.5454545454545454,0,2
eclipse.pde.ui-20100428-1600,$packageName$,$perspectiveClassName$,1,0,7,2,57,7,0,0,0.2857142857142857,0,0
eclipse.pde.ui-20100428-1600,$packageName$,$actionClass$,1,0,4,4,26,4,0,0,0.75,0,0
eclipse.pde.ui-20100428-1600,$packageName$,$pageClassName$,0,0,3,3,18,3,0,0,-1.0,0,2
eclipse.pde.ui-20100428-1600,$packageName$,PreferenceConstants,4,4,0,0,9,0,0,0,-1.0,2,0
eclipse.pde.ui-20100428-1600,$packageName$,PreferenceInitializer,0,0,1,1,11,1,0,0,-1.0,0,2
eclipse.pde.ui-20100428-1600,$packageName$,$className$,6,0,8,2,83,8,0,0,0.75,0,0
eclipse.pde.ui-20100428-1600,$packageName$,$className$,11,1,42,33,237,48,0,0,0.47619047619047616,0,0
eclipse.pde.ui-20100428-1600,$packageName$,ViewContentProvider,0,0,3,3,9,3,0,0,-1.0,0,0
eclipse.pde.ui-20100428-1600,$packageName$,TreeObject,2,0,6,6,22,6,0,0,0.6666666666666666,0,0
eclipse.pde.ui-20100428-1600,$packageName$,TreeParent,1,0,5,5,21,5,0,1,0.0,0,0
eclipse.pde.ui-20100428-1600,$packageName$,ViewContentProvider,1,0,7,6,47,12,0,0,0.8571428571428571,0,0
eclipse.pde.ui-20100428-1600,$packageName$,ViewLabelProvider,0,0,3,3,11,3,0,0,-1.0,0,0
eclipse.pde.ui-20100428-1600,$packageName$,ViewLabelProvider,0,0,2,2,10,3,0,0,-1.0,0,0
eclipse.pde.ui-20100428-1600,$packageName$,NameSorter,0,0,0,0,2,0,0,0,-1.0,0,0
eclipse.pde.ui-20100428-1600,$packageName$,$applicationClass$,0,0,1,1,18,2,0,0,-1.0,0,0
eclipse.pde.ui-20100428-1600,$packageName$,ApplicationWorkbenchAdvisor,1,0,5,3,26,6,0,0,1.0,0,0
eclipse.pde.ui-20100428-1600,$packageName$,Perspective,0,0,1,1,8,1,0,0,-1.0,0,1
eclipse.pde.ui-20100428-1600,$packageName$,View,2,1,8,8,42,8,0,0,0.875,0,0
eclipse.pde.ui-20100428-1600,$packageName$,ViewContentProvider,0,0,3,3,12,3,0,0,-1.0,0,0
eclipse.pde.ui-20100428-1600,$packageName$,ViewLabelProvider,0,0,3,3,11,3,0,0,-1.0,0,0
eclipse.pde.ui-20100428-1600,$packageName$,$editorClass$,1,0,2,2,13,2,0,0,0.0,0,1
eclipse.pde.ui-20100428-1600,$packageName$,ColorManager,1,0,2,2,15,4,0,0,0.0,0,0
eclipse.pde.ui-20100428-1600,$packageName$,IXMLColorConstants,5,0,0,0,7,0,0,0,-1.0,0,0
eclipse.pde.ui-20100428-1600,$packageName$,NonRuleBasedDamagerRepairer,2,0,6,4,78,10,0,0,0.5,0,0
eclipse.pde.ui-20100428-1600,$packageName$,TagRule,0,0,2,1,22,6,0,0,-1.0,0,0
eclipse.pde.ui-20100428-1600,$packageName$,XMLConfiguration,4,0,6,4,43,9,0,0,0.5,0,7
eclipse.pde.ui-20100428-1600,$packageName$,XMLDocumentProvider,0,0,1,0,11,2,0,0,-1.0,0,1
eclipse.pde.ui-20100428-1600,$packageName$,XMLDoubleClickStrategy,1,0,4,1,79,17,0,0,0.0,0,0
eclipse.pde.ui-20100428-1600,$packageName$,XMLPartitionScanner,2,2,1,1,12,1,0,0,0.0,0,0
eclipse.pde.ui-20100428-1600,$packageName$,XMLScanner,0,0,1,1,9,1,0,0,-1.0,0,2
eclipse.pde.ui-20100428-1600,$packageName$,XMLTagScanner,0,0,1,1,10,1,0,0,-1.0,0,2
eclipse.pde.ui-20100428-1600,$packageName$,XMLWhitespaceDetector,0,0,1,1,5,1,0,0,-1.0,0,0
eclipse.pde.ui-20100428-1600,$packageName$,$applicationClass$,0,0,1,1,18,2,0,0,-1.0,0,0
eclipse.pde.ui-20100428-1600,$packageName$,ApplicationActionBarAdvisor,0,0,3,1,9,3,0,0,-1.0,0,0
eclipse.pde.ui-20100428-1600,$packageName$,ApplicationWorkbenchAdvisor,1,0,2,2,9,2,0,0,1.0,0,0
eclipse.pde.ui-20100428-1600,$packageName$,ApplicationWorkbenchWindowAdvisor,0,0,3,3,10,3,0,0,-1.0,0,0
eclipse.pde.ui-20100428-1600,$packageName$,Perspective,0,0,1,1,4,1,0,0,-1.0,0,0
eclipse.pde.ui-20100428-1600,$packageName$,Application,0,0,1,1,18,2,0,0,-1.0,0,0
eclipse.pde.ui-20100428-1600,$packageName$,ApplicationActionBarAdvisor,1,0,3,1,15,3,0,0,0.6666666666666666,0,0
eclipse.pde.ui-20100428-1600,$packageName$,ApplicationWorkbenchAdvisor,1,0,3,3,13,3,0,0,1.0,0,0
eclipse.pde.ui-20100428-1600,$packageName$,ApplicationWorkbenchWindowAdvisor,0,0,3,3,15,3,0,0,-1.0,0,0
eclipse.pde.ui-20100428-1600,$packageName$,DynamicContentProvider,0,0,6,5,23,6,0,0,-1.0,0,0
eclipse.pde.ui-20100428-1600,$packageName$,Perspective,0,0,1,1,4,1,0,0,-1.0,0,0
eclipse.pde.ui-20100428-1600,$packageName$,$applicationClass$,0,0,1,1,18,2,0,0,-1.0,0,0
eclipse.pde.ui-20100428-1600,$packageName$,ApplicationActionBarAdvisor,5,0,4,1,45,4,0,0,0.5,0,2
eclipse.pde.ui-20100428-1600,$packageName$,ApplicationWorkbenchAdvisor,1,0,2,2,12,2,0,0,1.0,0,0
eclipse.pde.ui-20100428-1600,$packageName$,ApplicationWorkbenchWindowAdvisor,0,0,3,3,14,3,0,0,-1.0,0,0
eclipse.pde.ui-20100428-1600,$packageName$,ICommandIds,2,2,0,0,8,0,0,0,-1.0,0,0
eclipse.pde.ui-20100428-1600,$packageName$,MessagePopupAction,1,0,2,1,13,2,0,0,0.0,0,1
eclipse.pde.ui-20100428-1600,$packageName$,NavigationView,5,1,21,20,113,25,0,0,0.42857142857142855,0,0
eclipse.pde.ui-20100428-1600,$packageName$,TreeObject,2,0,5,5,19,5,0,0,0.6,0,0
eclipse.pde.ui-20100428-1600,$packageName$,TreeParent,1,0,5,5,21,5,0,1,0.0,0,0
eclipse.pde.ui-20100428-1600,$packageName$,ViewContentProvider,0,0,6,6,25,9,0,0,-1.0,0,0
eclipse.pde.ui-20100428-1600,$packageName$,ViewLabelProvider,0,0,2,2,10,3,0,0,-1.0,0,0
eclipse.pde.ui-20100428-1600,$packageName$,OpenViewAction,3,0,2,2,23,3,0,0,0.0,0,1
eclipse.pde.ui-20100428-1600,$packageName$,Perspective,0,0,1,1,11,1,0,0,-1.0,0,2
eclipse.pde.ui-20100428-1600,$packageName$,View,1,1,3,3,44,3,0,0,1.0,0,0
eclipse.pde.ui-20100428-1600,$packageName$,$applicationClass$,0,0,1,1,18,2,0,0,-1.0,0,0
eclipse.pde.ui-20100428-1600,$packageName$,ApplicationActionBarAdvisor,1,0,3,1,18,3,0,0,0.6666666666666666,0,0
eclipse.pde.ui-20100428-1600,$packageName$,ApplicationWorkbenchAdvisor,1,0,2,2,9,2,0,0,1.0,0,0
eclipse.pde.ui-20100428-1600,$packageName$,ApplicationWorkbenchWindowAdvisor,0,0,3,3,10,3,0,0,-1.0,0,0
eclipse.pde.ui-20100428-1600,$packageName$,Perspective,0,0,1,1,8,1,0,0,-1.0,0,1
eclipse.pde.ui-20100428-1600,$packageName$,View,2,1,8,8,42,8,0,0,0.875,0,0
eclipse.pde.ui-20100428-1600,$packageName$,ViewContentProvider,0,0,3,3,12,3,0,0,-1.0,0,0
eclipse.pde.ui-20100428-1600,$packageName$,ViewLabelProvider,0,0,3,3,11,3,0,0,-1.0,0,0
eclipse.pde.ui-20100428-1600,$packageName$,$applicationClass$,0,0,2,2,11,2,0,0,-1.0,0,0
eclipse.pde.ui-20100428-1600,$packageName$,$applicationClass$,0,0,3,3,27,7,0,0,-1.0,0,0
eclipse.pde.ui-20100428-1600,$packageName$,ApplicationActionBarAdvisor,0,0,3,1,9,3,0,0,-1.0,0,0
eclipse.pde.ui-20100428-1600,$packageName$,ApplicationWorkbenchAdvisor,1,0,2,2,9,2,0,0,1.0,0,0
eclipse.pde.ui-20100428-1600,$packageName$,ApplicationWorkbenchWindowAdvisor,0,0,3,3,10,3,0,0,-1.0,0,0
eclipse.pde.ui-20100428-1600,$packageName$,Perspective,0,0,1,1,4,1,0,0,-1.0,0,0
eclipse.pde.ui-20100428-1600,$packageName$,$className$,0,0,2,2,20,2,0,0,-1.0,0,0
eclipse.pde.ui-20100428-1600,$packageName$,Application,0,0,3,3,29,7,0,0,-1.0,0,0
eclipse.pde.ui-20100428-1600,$packageName$,ApplicationActionBarAdvisor,1,0,3,1,15,3,0,0,0.6666666666666666,0,0
eclipse.pde.ui-20100428-1600,$packageName$,ApplicationWorkbenchAdvisor,1,0,3,3,13,3,0,0,1.0,0,0
eclipse.pde.ui-20100428-1600,$packageName$,ApplicationWorkbenchWindowAdvisor,0,0,3,3,15,3,0,0,-1.0,0,0
eclipse.pde.ui-20100428-1600,$packageName$,DynamicContentProvider,0,0,6,5,23,6,0,0,-1.0,0,0
eclipse.pde.ui-20100428-1600,$packageName$,Perspective,0,0,1,1,4,1,0,0,-1.0,0,0
eclipse.pde.ui-20100428-1600,$packageName$,$applicationClass$,0,0,3,3,29,7,0,0,-1.0,0,0
eclipse.pde.ui-20100428-1600,$packageName$,ApplicationActionBarAdvisor,5,0,4,1,45,4,0,0,0.5,0,2
eclipse.pde.ui-20100428-1600,$packageName$,ApplicationWorkbenchAdvisor,0,0,2,2,11,2,0,0,-1.0,0,1
eclipse.pde.ui-20100428-1600,$packageName$,ApplicationWorkbenchWindowAdvisor,0,0,3,3,14,3,0,0,-1.0,0,0
eclipse.pde.ui-20100428-1600,$packageName$,ICommandIds,2,2,0,0,8,0,0,0,-1.0,0,0
eclipse.pde.ui-20100428-1600,$packageName$,MessagePopupAction,1,0,2,1,13,2,0,0,0.0,0,1
eclipse.pde.ui-20100428-1600,$packageName$,NavigationView,5,1,21,20,113,25,0,0,0.42857142857142855,0,0
eclipse.pde.ui-20100428-1600,$packageName$,TreeObject,2,0,5,5,19,5,0,0,0.6,0,0
eclipse.pde.ui-20100428-1600,$packageName$,TreeParent,1,0,5,5,21,5,0,1,0.0,0,0
eclipse.pde.ui-20100428-1600,$packageName$,ViewContentProvider,0,0,6,6,25,9,0,0,-1.0,0,0
eclipse.pde.ui-20100428-1600,$packageName$,ViewLabelProvider,0,0,2,2,10,3,0,0,-1.0,0,0
eclipse.pde.ui-20100428-1600,$packageName$,OpenViewAction,3,0,2,2,23,3,0,0,0.0,0,1
eclipse.pde.ui-20100428-1600,$packageName$,Perspective,1,1,1,1,15,1,0,0,0.0,0,2
eclipse.pde.ui-20100428-1600,$packageName$,View,1,1,3,3,44,3,0,0,1.0,0,0
eclipse.pde.ui-20100428-1600,$packageName$,BrowserSplashHandler,4,0,15,6,108,17,0,0,0.2,0,0
eclipse.pde.ui-20100428-1600,$packageName$,ExtensibleSplashHandler,10,0,17,3,187,30,0,0,0.0,0,0
eclipse.pde.ui-20100428-1600,$packageName$,InteractiveSplashHandler,10,0,21,4,185,24,0,0,0.0,0,0
eclipse.pde.ui-20100428-1600,$packageName$,$applicationClass$,0,0,3,3,29,7,0,0,-1.0,0,0
eclipse.pde.ui-20100428-1600,$packageName$,ApplicationActionBarAdvisor,0,0,1,1,8,1,0,0,-1.0,0,0
eclipse.pde.ui-20100428-1600,$packageName$,ApplicationWorkbenchAdvisor,1,0,2,2,9,2,0,0,1.0,0,0
eclipse.pde.ui-20100428-1600,$packageName$,ApplicationWorkbenchWindowAdvisor,0,0,3,3,10,3,0,0,-1.0,0,0
eclipse.pde.ui-20100428-1600,$packageName$,Perspective,0,0,1,1,6,1,0,0,-1.0,0,0
eclipse.pde.ui-20100428-1600,$packageName$,View,2,1,8,8,45,9,0,0,0.875,0,0
eclipse.pde.ui-20100428-1600,$packageName$,ViewContentProvider,0,0,3,3,15,4,0,0,-1.0,0,0
eclipse.pde.ui-20100428-1600,$packageName$,ViewLabelProvider,0,0,3,3,11,3,0,0,-1.0,0,0
eclipse.pde.ui-20100428-1600,$packageName$,ServiceComponent,0,0,1,1,5,1,0,0,-1.0,0,0
eclipse.pde.ui-20100428-1600,org.eclipse.pde.internal.ui.tests.macro,AbstractStructuredCommand,1,0,18,5,157,51,2,2,0.0,0,5
eclipse.pde.ui-20100428-1600,org.eclipse.pde.internal.ui.tests.macro,BooleanSelectionCommand,3,1,11,5,111,32,0,2,0.2727272727272727,1,3
eclipse.pde.ui-20100428-1600,org.eclipse.pde.internal.ui.tests.macro,CheckCommand,1,1,6,3,34,12,0,4,1.0,1,1
eclipse.pde.ui-20100428-1600,org.eclipse.pde.internal.ui.tests.macro,ChoiceSelectionCommand,2,1,13,5,113,31,0,2,0.15384615384615385,1,4
eclipse.pde.ui-20100428-1600,org.eclipse.pde.internal.ui.tests.macro,CommandTarget,2,0,5,5,24,7,3,0,0.0,7,0
eclipse.pde.ui-20100428-1600,org.eclipse.pde.internal.ui.tests.macro,EditorCommandTarget,0,0,3,3,17,3,0,1,-1.0,0,0
eclipse.pde.ui-20100428-1600,org.eclipse.pde.internal.ui.tests.macro,ExpansionCommand,1,1,7,3,39,11,0,4,0.7142857142857143,1,1
eclipse.pde.ui-20100428-1600,org.eclipse.pde.internal.ui.tests.macro,FocusCommand,1,1,6,6,31,8,0,2,0.8333333333333334,1,3
eclipse.pde.ui-20100428-1600,org.eclipse.pde.internal.ui.tests.macro,IIndexHandler,0,0,1,0,13,1,1,0,-1.0,3,0
eclipse.pde.ui-20100428-1600,org.eclipse.pde.internal.ui.tests.macro,IPlayable,0,0,1,0,3,1,3,0,-1.0,1,0
eclipse.pde.ui-20100428-1600,org.eclipse.pde.internal.ui.tests.macro,IRecorderListener,2,0,3,0,11,3,4,0,-1.0,1,0
eclipse.pde.ui-20100428-1600,org.eclipse.pde.internal.ui.tests.macro,IWidgetResolver,0,0,1,0,12,1,1,0,-1.0,1,0
eclipse.pde.ui-20100428-1600,org.eclipse.pde.internal.ui.tests.macro,IWritable,0,0,1,0,3,1,3,0,-1.0,1,0
eclipse.pde.ui-20100428-1600,org.eclipse.pde.internal.ui.tests.macro,KeyCommand,2,1,5,5,47,7,0,2,0.4,0,4
eclipse.pde.ui-20100428-1600,org.eclipse.pde.internal.ui.tests.macro,Macro,5,0,25,15,178,49,0,1,0.08,2,5
eclipse.pde.ui-20100428-1600,org.eclipse.pde.internal.ui.tests.macro,MacroCommand,2,0,10,8,40,14,7,1,0.3,1,2
eclipse.pde.ui-20100428-1600,org.eclipse.pde.internal.ui.tests.macro,MacroCommandShell,13,0,40,26,391,121,0,2,0.075,3,17
eclipse.pde.ui-20100428-1600,org.eclipse.pde.internal.ui.tests.macro,NestedShell,6,0,6,6,44,9,0,0,0.0,1,2
eclipse.pde.ui-20100428-1600,org.eclipse.pde.internal.ui.tests.macro,MacroIndex,0,0,3,3,14,3,0,2,-1.0,1,0
eclipse.pde.ui-20100428-1600,org.eclipse.pde.internal.ui.tests.macro,MacroInstruction,2,0,7,5,33,10,2,1,0.2857142857142857,0,1
eclipse.pde.ui-20100428-1600,org.eclipse.pde.internal.ui.tests.macro,MacroManager,12,4,26,21,256,52,0,0,0.15384615384615385,10,7
eclipse.pde.ui-20100428-1600,org.eclipse.pde.internal.ui.tests.macro,DisplayListener,0,0,1,1,5,1,0,0,-1.0,0,0
eclipse.pde.ui-20100428-1600,org.eclipse.pde.internal.ui.tests.macro,JobListener,1,0,4,4,15,6,0,0,0.0,1,0
eclipse.pde.ui-20100428-1600,org.eclipse.pde.internal.ui.tests.macro,MacroPlugin,3,0,10,10,71,15,0,0,0.3,22,3
eclipse.pde.ui-20100428-1600,org.eclipse.pde.internal.ui.tests.macro,MacroUtil,1,0,50,15,689,191,0,0,0.2,14,5
eclipse.pde.ui-20100428-1600,org.eclipse.pde.internal.ui.tests.macro,ModifyCommand,2,1,9,6,72,23,0,2,0.2222222222222222,1,3
eclipse.pde.ui-20100428-1600,org.eclipse.pde.internal.ui.tests.macro,StructuredSelectionCommand,3,2,8,3,50,12,0,3,0.25,1,1
eclipse.pde.ui-20100428-1600,org.eclipse.pde.internal.ui.tests.macro,ToggleStructuredCommand,1,0,5,3,25,5,2,3,0.6,0,2
eclipse.pde.ui-20100428-1600,org.eclipse.pde.internal.ui.tests.macro,ViewCommandTarget,0,0,3,3,13,3,0,1,-1.0,0,0
eclipse.pde.ui-20100428-1600,org.eclipse.pde.internal.ui.tests.macro,WaitCommand,5,1,10,8,71,17,0,2,0.6,1,3
eclipse.pde.ui-20100428-1600,org.eclipse.pde.internal.ui.tests.macro,JobListener,3,0,4,3,27,7,0,0,0.75,0,1
eclipse.pde.ui-20100428-1600,org.eclipse.pde.internal.ui.tests.macro,WidgetIdentifier,2,2,6,6,29,9,0,0,0.0,16,1
eclipse.pde.ui-20100428-1600,org.eclipse.pde.internal.ui.tests.macro,WindowCommandTarget,0,0,3,2,16,3,1,1,-1.0,0,0
eclipse.pde.ui-20100428-1600,org.eclipse.pde.internal.ui.tests.macro,WizardCommandTarget,0,0,2,2,12,2,0,2,-1.0,0,0
eclipse.pde.ui-20100428-1600,org.eclipse.pde.internal.ui.tests.macro,XMLDefaultHandler,5,0,11,11,63,15,0,0,0.0,1,0
eclipse.pde.ui-20100428-1600,org.eclipse.pde.internal.ui.tests.macro,DefaultIndexHandler,0,0,3,3,16,3,0,1,-1.0,0,0
eclipse.pde.ui-20100428-1600,org.eclipse.pde.internal.ui.tests.macro,DefaultWidgetResolver,0,0,1,1,20,12,0,1,-1.0,0,0
eclipse.pde.ui-20100428-1600,org.eclipse.pde.internal.ui.tests.macro,IndexAction,1,0,8,8,53,11,0,1,0.625,0,3
eclipse.pde.ui-20100428-1600,org.eclipse.pde.internal.ui.tests.macro,IndexPage,4,0,10,9,80,18,0,0,0.3,1,0
eclipse.pde.ui-20100428-1600,org.eclipse.pde.internal.ui.tests.macro,ExistingProvider,0,0,3,3,9,3,0,0,-1.0,0,0
eclipse.pde.ui-20100428-1600,org.eclipse.pde.internal.ui.tests.macro,IndexWizard,2,0,3,3,19,4,0,0,0.0,1,2
eclipse.pde.ui-20100428-1600,org.eclipse.pde.internal.ui.tests.macro,NewMacroWizard,2,0,5,5,37,6,0,0,0.6,1,0
eclipse.pde.ui-20100428-1600,org.eclipse.pde.internal.ui.tests.macro,NewMacroPage,0,0,2,2,16,2,0,0,-1.0,0,0
eclipse.pde.ui-20100428-1600,org.eclipse.pde.internal.ui.tests.macro,PlaybackAction,1,0,6,5,59,8,0,0,0.6666666666666666,0,2
eclipse.pde.ui-20100428-1600,org.eclipse.pde.internal.ui.tests.macro,RecordAction,1,0,8,8,57,9,0,1,0.625,0,3
eclipse.pde.ui-20100428-1600,org.eclipse.pde.internal.ui.tests.macro,RecordBlock,2,0,12,9,72,17,0,1,0.4166666666666667,4,6
eclipse.pde.ui-20100428-1600,org.eclipse.pde.internal.ui.tests.macro,StopAction,1,0,8,8,53,11,0,1,0.625,0,3
eclipse.pde.ui-20100428-1600,org.eclipse.pde.ui.tests,AllPDETests,0,0,1,1,22,1,0,0,-1.0,0,12
eclipse.pde.ui-20100428-1600,org.eclipse.pde.ui.tests,PDETestCase,0,0,2,0,16,3,0,0,-1.0,0,1
eclipse.pde.ui-20100428-1600,org.eclipse.pde.ui.tests.build.properties,AbstractBuildValidationTest,3,0,12,0,261,32,1,0,0.3333333333333333,0,12
eclipse.pde.ui-20100428-1600,org.eclipse.pde.ui.tests.build.properties,AllValidatorTests,0,0,1,1,10,1,0,0,-1.0,1,1
eclipse.pde.ui-20100428-1600,org.eclipse.pde.ui.tests.build.properties,BuildPropertiesValidationTest,1,0,6,5,86,12,0,1,1.0,1,2
eclipse.pde.ui-20100428-1600,org.eclipse.pde.ui.tests.ee,EnvironmentAnalyzerDelegate,1,1,1,1,28,6,0,0,0.0,2,0
eclipse.pde.ui-20100428-1600,org.eclipse.pde.ui.tests.ee,ExecutionEnvironmentTests,0,0,11,7,213,16,0,0,-1.0,1,6
eclipse.pde.ui-20100428-1600,org.eclipse.pde.ui.tests.ee,ExportBundleTests,1,0,5,3,102,8,0,0,0.4,1,6
eclipse.pde.ui-20100428-1600,org.eclipse.pde.ui.tests.imports,AllImportTests,0,0,1,1,10,1,0,0,-1.0,1,4
eclipse.pde.ui-20100428-1600,org.eclipse.pde.ui.tests.imports,BaseImportTestCase,0,0,16,7,102,24,3,0,-1.0,0,2
eclipse.pde.ui-20100428-1600,org.eclipse.pde.ui.tests.imports,ImportAsBinaryTestCase,1,0,6,3,38,9,0,1,0.8333333333333334,1,3
eclipse.pde.ui-20100428-1600,org.eclipse.pde.ui.tests.imports,ImportAsSourceTestCase,1,0,4,1,31,7,0,1,0.75,1,2
eclipse.pde.ui-20100428-1600,org.eclipse.pde.ui.tests.imports,ImportFeatureProjectsTestCase,1,0,13,5,115,26,0,0,0.15384615384615385,1,7
eclipse.pde.ui-20100428-1600,org.eclipse.pde.ui.tests.imports,ImportWithLinksTestCase,1,0,5,2,36,8,0,1,0.8,1,2
eclipse.pde.ui-20100428-1600,org.eclipse.pde.ui.tests.launcher,AllLauncherTests,0,0,1,1,10,1,0,0,-1.0,1,1
eclipse.pde.ui-20100428-1600,org.eclipse.pde.ui.tests.launcher,LaunchConfigurationHelperTestCase,0,0,2,2,25,2,0,0,-1.0,1,1
eclipse.pde.ui-20100428-1600,org.eclipse.pde.ui.tests.model.bundle,AllBundleModelTests,0,0,1,1,19,1,0,0,-1.0,1,13
eclipse.pde.ui-20100428-1600,org.eclipse.pde.ui.tests.model.bundle,BundleActivatorTestCase,0,0,5,5,61,5,0,1,-1.0,1,1
eclipse.pde.ui-20100428-1600,org.eclipse.pde.ui.tests.model.bundle,BundleClasspathTestCase,0,0,5,5,67,5,0,2,-1.0,1,1
eclipse.pde.ui-20100428-1600,org.eclipse.pde.ui.tests.model.bundle,BundleLocalizationTestCase,0,0,6,6,70,6,0,1,-1.0,1,1
eclipse.pde.ui-20100428-1600,org.eclipse.pde.ui.tests.model.bundle,BundleModelTestCase,4,0,10,7,97,12,9,0,0.0,0,3
eclipse.pde.ui-20100428-1600,org.eclipse.pde.ui.tests.model.bundle,BundleNameTestCase,0,0,5,5,61,5,0,1,-1.0,1,1
eclipse.pde.ui-20100428-1600,org.eclipse.pde.ui.tests.model.bundle,BundleSymbolicNameTestCase,0,0,14,14,169,14,0,1,-1.0,1,1
eclipse.pde.ui-20100428-1600,org.eclipse.pde.ui.tests.model.bundle,BundleVendorTestCase,0,0,5,5,62,5,0,1,-1.0,1,1
eclipse.pde.ui-20100428-1600,org.eclipse.pde.ui.tests.model.bundle,BundleVersionTestCase,0,0,5,5,59,5,0,1,-1.0,1,1
eclipse.pde.ui-20100428-1600,org.eclipse.pde.ui.tests.model.bundle,ExecutionEnvironmentTestCase,0,0,9,9,163,9,0,2,-1.0,1,2
eclipse.pde.ui-20100428-1600,org.eclipse.pde.ui.tests.model.bundle,ExportPackageTestCase,0,0,10,8,133,10,0,3,-1.0,1,4
eclipse.pde.ui-20100428-1600,org.eclipse.pde.ui.tests.model.bundle,FragmentHostTestCase,0,0,5,5,62,5,0,1,-1.0,1,1
eclipse.pde.ui-20100428-1600,org.eclipse.pde.ui.tests.model.bundle,ImportPackageTestCase,0,0,7,5,72,7,0,3,-1.0,1,2
eclipse.pde.ui-20100428-1600,org.eclipse.pde.ui.tests.model.bundle,LazyStartTestCase,0,0,6,6,74,6,0,1,-1.0,1,2
eclipse.pde.ui-20100428-1600,org.eclipse.pde.ui.tests.model.bundle,MultiLineHeaderTestCase,0,0,3,3,31,3,4,1,-1.0,0,1
eclipse.pde.ui-20100428-1600,org.eclipse.pde.ui.tests.model.bundle,PackageHeaderTestCase,0,0,16,14,282,16,2,2,-1.0,0,2
eclipse.pde.ui-20100428-1600,org.eclipse.pde.ui.tests.model.bundle,RequireBundleTestCase,0,0,22,21,393,24,0,2,-1.0,2,4
eclipse.pde.ui-20100428-1600,org.eclipse.pde.ui.tests.model.schema,AllSchemaModelTests,0,0,1,1,6,1,0,0,-1.0,0,0
eclipse.pde.ui-20100428-1600,org.eclipse.pde.ui.tests.model.xml,AllXMLModelTests,0,0,1,1,11,1,0,0,-1.0,1,5
eclipse.pde.ui-20100428-1600,org.eclipse.pde.ui.tests.model.xml,BasicXMLTestCase,0,0,8,8,98,8,0,1,-1.0,1,1
eclipse.pde.ui-20100428-1600,org.eclipse.pde.ui.tests.model.xml,ExtensionAttributeTestCase,0,0,61,37,349,61,0,2,-1.0,1,3
eclipse.pde.ui-20100428-1600,org.eclipse.pde.ui.tests.model.xml,ExtensionElementTestCase,0,0,56,37,296,56,0,2,-1.0,1,3
eclipse.pde.ui-20100428-1600,org.eclipse.pde.ui.tests.model.xml,ExtensionTestCase,0,0,1,0,9,1,2,1,-1.0,0,1
eclipse.pde.ui-20100428-1600,org.eclipse.pde.ui.tests.model.xml,ManifestEditorSpellCheckTestCase,3,0,4,2,81,8,0,1,0.5,1,2
eclipse.pde.ui-20100428-1600,org.eclipse.pde.ui.tests.model.xml,StructureXMLModelTestCase,3,0,19,13,265,19,0,1,0.21052631578947367,1,1
eclipse.pde.ui-20100428-1600,org.eclipse.pde.ui.tests.model.xml,SwapXMLModelTestCase,0,0,7,6,79,7,0,1,-1.0,0,2
eclipse.pde.ui-20100428-1600,org.eclipse.pde.ui.tests.model.xml,XMLModelTestCase,6,0,5,0,58,9,5,0,0.0,0,2
eclipse.pde.ui-20100428-1600,org.eclipse.pde.ui.tests.nls,AllNLSTests,0,0,1,1,10,1,0,0,-1.0,1,1
eclipse.pde.ui-20100428-1600,org.eclipse.pde.ui.tests.nls,StringHelperTestCase,1,0,4,4,40,4,0,0,0.5,1,1
eclipse.pde.ui-20100428-1600,org.eclipse.pde.ui.tests.performance,PDEPerformanceTests,0,0,1,1,9,1,0,0,-1.0,0,3
eclipse.pde.ui-20100428-1600,org.eclipse.pde.ui.tests.performance.parts,AbstractSchemaPerfTest,5,0,5,0,58,12,2,0,0.0,0,1
eclipse.pde.ui-20100428-1600,org.eclipse.pde.ui.tests.performance.parts,InitializeModelsPerfTest,0,0,7,3,51,11,0,0,-1.0,0,1
eclipse.pde.ui-20100428-1600,org.eclipse.pde.ui.tests.performance.parts,OpenManifestEditorPerfTest,7,0,10,3,113,17,0,0,0.2,1,1
eclipse.pde.ui-20100428-1600,org.eclipse.pde.ui.tests.performance.parts,SchemaLoaderPerfTest,1,0,4,3,39,5,0,1,0.5,1,2
eclipse.pde.ui-20100428-1600,org.eclipse.pde.ui.tests.performance.parts,SchemaTraversePerfTest,0,0,4,2,34,5,0,1,-1.0,1,4
eclipse.pde.ui-20100428-1600,org.eclipse.pde.ui.tests.preferences,AllPreferenceTests,0,0,1,1,10,1,0,0,-1.0,1,1
eclipse.pde.ui-20100428-1600,org.eclipse.pde.ui.tests.preferences,PDEPreferencesTestCase,1,0,13,12,88,13,0,0,0.46153846153846156,2,7
eclipse.pde.ui-20100428-1600,org.eclipse.pde.ui.tests.project,BundleImporterTests,0,0,5,4,88,7,0,0,-1.0,0,5
eclipse.pde.ui-20100428-1600,org.eclipse.pde.ui.tests.project,BundleRootTests,0,0,9,6,180,9,0,0,-1.0,0,6
eclipse.pde.ui-20100428-1600,org.eclipse.pde.ui.tests.project,ClasspathContainerInitializer,2,1,7,7,33,7,0,0,0.8571428571428571,1,0
eclipse.pde.ui-20100428-1600,org.eclipse.pde.ui.tests.project,ClasspathContainer,1,0,5,5,22,5,0,0,0.8,0,0
eclipse.pde.ui-20100428-1600,org.eclipse.pde.ui.tests.project,PluginRegistryTests,0,0,20,20,150,30,0,0,-1.0,1,5
eclipse.pde.ui-20100428-1600,org.eclipse.pde.ui.tests.project,ProjectCreationTests,1,0,32,29,1397,42,0,0,0.0625,3,11
eclipse.pde.ui-20100428-1600,org.eclipse.pde.ui.tests.runtime,AbstractRegistryModelTest,10,2,29,26,206,29,1,0,0.06896551724137931,0,7
eclipse.pde.ui-20100428-1600,org.eclipse.pde.ui.tests.runtime,MockFramework,1,0,7,7,30,7,0,0,0.0,1,0
eclipse.pde.ui-20100428-1600,org.eclipse.pde.ui.tests.runtime,AllPDERuntimeTests,0,0,1,1,7,1,0,0,-1.0,1,1
eclipse.pde.ui-20100428-1600,org.eclipse.pde.ui.tests.runtime,LocalModelTest,0,0,4,3,15,4,0,1,-1.0,1,0
eclipse.pde.ui-20100428-1600,org.eclipse.pde.ui.tests.runtime,TestUtils,0,0,5,5,24,6,0,0,-1.0,0,1
eclipse.pde.ui-20100428-1600,org.eclipse.pde.ui.tests.target,AbstractTargetTest,0,0,15,0,228,32,4,0,-1.0,0,3
eclipse.pde.ui-20100428-1600,org.eclipse.pde.ui.tests.target,AllTargetTests,0,0,1,1,14,1,0,0,-1.0,1,8
eclipse.pde.ui-20100428-1600,org.eclipse.pde.ui.tests.target,IUBundleContainerTests,0,0,21,14,292,29,0,1,-1.0,1,5
eclipse.pde.ui-20100428-1600,org.eclipse.pde.ui.tests.target,LocalTargetDefinitionTests,2,2,37,31,735,93,1,1,0.16216216216216217,3,3
eclipse.pde.ui-20100428-1600,org.eclipse.pde.ui.tests.target,TargetDefinitionFeatureResolutionTests,0,0,10,10,272,34,0,1,-1.0,1,3
eclipse.pde.ui-20100428-1600,org.eclipse.pde.ui.tests.target,TargetDefinitionPersistenceTests,0,0,24,17,464,34,0,0,-1.0,1,5
eclipse.pde.ui-20100428-1600,org.eclipse.pde.ui.tests.target,TargetDefinitionResolutionTests,0,0,17,17,457,29,0,1,-1.0,1,2
eclipse.pde.ui-20100428-1600,org.eclipse.pde.ui.tests.target,TargetEnvironmentTestCase,0,0,15,15,59,18,0,0,-1.0,1,2
eclipse.pde.ui-20100428-1600,org.eclipse.pde.ui.tests.target,TargetPlatformHelperTests,0,0,2,2,20,4,0,0,-1.0,1,1
eclipse.pde.ui-20100428-1600,org.eclipse.pde.ui.tests.target,WorkspaceTargetDefinitionTests,1,0,4,1,37,6,0,2,0.5,1,0
eclipse.pde.ui-20100428-1600,org.eclipse.pde.ui.tests.util,DOMParserWrapper,2,0,5,4,26,6,0,0,0.0,2,1
eclipse.pde.ui-20100428-1600,org.eclipse.pde.ui.tests.util,PDEPerfTesterUtil,10,0,10,7,119,14,0,0,0.0,0,0
eclipse.pde.ui-20100428-1600,org.eclipse.pde.ui.tests.util,ProjectUtils,3,2,7,5,76,8,0,0,0.7142857142857143,2,5
eclipse.pde.ui-20100428-1600,org.eclipse.pde.ui.tests.util,TestProjectProvider,1,0,4,3,18,4,0,0,0.5,0,1
eclipse.pde.ui-20100428-1600,org.eclipse.pde.ui.tests.util,TestBundleWizard,0,0,2,1,10,2,0,0,-1.0,0,0
eclipse.pde.ui-20100428-1600,org.eclipse.pde.ui.tests.util.xml,ALLXMLUtilTests,0,0,1,1,7,1,0,0,-1.0,0,1
eclipse.pde.ui-20100428-1600,org.eclipse.pde.ui.tests.util.xml,ParserWrapperTestCase,9,0,9,8,119,22,0,0,0.2222222222222222,3,5
eclipse.pde.ui-20100428-1600,org.eclipse.pde.ui.tests.util.xml,ParserThread,4,0,5,5,75,10,0,0,0.0,0,4
eclipse.pde.ui-20100428-1600,org.eclipse.pde.ui.tests.views.log,AllLogViewTests,0,0,1,1,7,1,0,0,-1.0,1,1
eclipse.pde.ui-20100428-1600,org.eclipse.pde.ui.tests.views.log,LogEntryTest,0,0,5,5,67,5,0,0,-1.0,1,1
eclipse.pde.ui-20100428-1600,org.eclipse.pde.ui.tests.wizards,AllNewProjectTests,0,0,1,1,10,1,0,0,-1.0,1,4
eclipse.pde.ui-20100428-1600,org.eclipse.pde.ui.tests.wizards,ConvertProjectToPluginTestCase,2,0,6,3,84,8,0,0,0.3333333333333333,1,2
eclipse.pde.ui-20100428-1600,org.eclipse.pde.ui.tests.wizards,NewFeatureProjectTestCase,2,0,13,9,77,17,0,1,0.46153846153846156,2,6
eclipse.pde.ui-20100428-1600,org.eclipse.pde.ui.tests.wizards,NewProjectTestCase,0,0,4,0,19,4,1,0,-1.0,0,1
eclipse.pde.ui-20100428-1600,org.eclipse.pde.ui.tests.wizards,NewSiteProjectTestCase,1,0,8,4,104,11,0,0,0.375,1,4
eclipse.pde.ui-20100428-1600,org.eclipse.pde.internal.ui,IHelpContextIds,182,182,0,0,184,0,0,0,-1.0,74,0
eclipse.pde.ui-20100428-1600,org.eclipse.pde.internal.ui,IPDEUIConstants,23,1,0,0,31,0,1,0,-1.0,23,0
eclipse.pde.ui-20100428-1600,org.eclipse.pde.internal.ui,IPreferenceConstants,14,14,0,0,20,0,0,0,-1.0,9,0
eclipse.pde.ui-20100428-1600,org.eclipse.pde.internal.ui,PDELabelProvider,1,0,62,34,611,202,0,0,0.45161290322580644,19,14
eclipse.pde.ui-20100428-1600,org.eclipse.pde.internal.ui,PDEPerspective,1,0,3,2,22,3,0,0,0.6666666666666666,0,1
eclipse.pde.ui-20100428-1600,org.eclipse.pde.internal.ui,PDEPlugin,7,0,23,22,136,38,0,1,0.30434782608695654,243,9
eclipse.pde.ui-20100428-1600,org.eclipse.pde.internal.ui,PDEPluginImages,235,226,5,2,296,6,0,0,0.4,105,2
eclipse.pde.ui-20100428-1600,org.eclipse.pde.internal.ui,PDEUIMessages,1994,1993,0,0,1999,0,0,0,-1.0,363,0
eclipse.pde.ui-20100428-1600,org.eclipse.pde.internal.ui,SWTFactory,0,0,28,28,482,39,0,0,-1.0,16,1
eclipse.pde.ui-20100428-1600,org.eclipse.pde.internal.ui,ShowErrorInStackTraceConsoleAction,2,0,3,3,31,8,0,0,0.6666666666666666,0,0
eclipse.pde.ui-20100428-1600,org.eclipse.pde.internal.ui,Utilities,2,0,4,2,60,15,0,0,0.0,2,1
eclipse.pde.ui-20100428-1600,org.eclipse.pde.internal.ui.build,BaseBuildAction,1,0,11,8,145,27,2,0,0.18181818181818182,2,8
eclipse.pde.ui-20100428-1600,org.eclipse.pde.internal.ui.build,BuildFeatureAction,1,0,3,0,54,12,0,1,0.0,0,6
eclipse.pde.ui-20100428-1600,org.eclipse.pde.internal.ui.build,BuildPluginAction,0,0,1,0,33,3,0,1,-1.0,0,7
eclipse.pde.ui-20100428-1600,org.eclipse.pde.internal.ui.build,BuildSiteAction,2,0,6,4,72,15,0,0,0.5,0,7
eclipse.pde.ui-20100428-1600,org.eclipse.pde.internal.ui.build,FeatureExportJob,0,0,1,1,8,1,0,0,-1.0,0,2
eclipse.pde.ui-20100428-1600,org.eclipse.pde.internal.ui.build,PluginExportJob,0,0,1,1,8,1,0,0,-1.0,0,2
eclipse.pde.ui-20100428-1600,org.eclipse.pde.internal.ui.build,RuntimeInstallJob,2,0,4,2,134,17,0,0,0.5,2,3
eclipse.pde.ui-20100428-1600,org.eclipse.pde.internal.ui.commands,CommandComposerDialog,3,0,10,5,79,15,0,0,0.2,1,4
eclipse.pde.ui-20100428-1600,org.eclipse.pde.internal.ui.commands,CommandComposerPart,14,4,22,12,125,29,0,0,0.2727272727272727,8,6
eclipse.pde.ui-20100428-1600,org.eclipse.pde.internal.ui.commands,CommandCopyFilter,5,4,25,14,112,30,0,0,0.8,3,2
eclipse.pde.ui-20100428-1600,org.eclipse.pde.internal.ui.commands,CommandDetails,26,0,39,19,417,82,0,0,0.07692307692307693,1,4
eclipse.pde.ui-20100428-1600,org.eclipse.pde.internal.ui.commands,ExecCommand,0,0,1,1,25,4,0,0,-1.0,0,1
eclipse.pde.ui-20100428-1600,org.eclipse.pde.internal.ui.commands,CopyToClipboard,0,0,1,1,10,1,0,0,-1.0,0,0
eclipse.pde.ui-20100428-1600,org.eclipse.pde.internal.ui.commands,ValuesParameterControl,4,0,4,3,41,11,0,0,0.0,0,0
eclipse.pde.ui-20100428-1600,org.eclipse.pde.internal.ui.commands,ObjectParameterControl,3,0,5,2,48,13,0,0,0.0,0,1
eclipse.pde.ui-20100428-1600,org.eclipse.pde.internal.ui.commands,TextParameterControl,2,0,3,3,22,7,0,0,0.0,0,0
eclipse.pde.ui-20100428-1600,org.eclipse.pde.internal.ui.commands,CommandList,8,0,20,15,190,40,0,0,0.25,3,5
eclipse.pde.ui-20100428-1600,org.eclipse.pde.internal.ui.commands,CommandTreeLabelProvider,2,0,3,3,29,13,0,0,0.6666666666666666,0,1
eclipse.pde.ui-20100428-1600,org.eclipse.pde.internal.ui.commands,CommandTreeComparator,0,0,1,1,5,1,0,0,-1.0,0,0
eclipse.pde.ui-20100428-1600,org.eclipse.pde.internal.ui.commands,WildcardFilter,0,0,1,1,25,5,0,0,-1.0,0,1
eclipse.pde.ui-20100428-1600,org.eclipse.pde.internal.ui.commands,CollapseAction,0,0,1,1,7,1,0,0,-1.0,0,2
eclipse.pde.ui-20100428-1600,org.eclipse.pde.internal.ui.commands,CommandTreeContentProvider,7,0,11,10,84,25,0,0,0.2727272727272727,1,1
eclipse.pde.ui-20100428-1600,org.eclipse.pde.internal.ui.commands,CommandView,1,0,7,7,25,7,0,0,0.2857142857142857,0,1
eclipse.pde.ui-20100428-1600,org.eclipse.pde.internal.ui.commands,QueryByObjectSelection,5,0,10,5,95,24,0,1,0.4,0,2
eclipse.pde.ui-20100428-1600,org.eclipse.pde.internal.ui.commands,SelectionTracker,1,0,3,3,25,6,0,0,0.6666666666666666,1,0
eclipse.pde.ui-20100428-1600,org.eclipse.pde.internal.ui.commands,QueryByTag,3,0,8,3,47,11,0,1,0.375,0,2
eclipse.pde.ui-20100428-1600,org.eclipse.pde.internal.ui.commands,TagManagerListener,0,0,1,1,5,1,0,1,-1.0,0,1
eclipse.pde.ui-20100428-1600,org.eclipse.pde.internal.ui.commands,QueryControl,4,0,9,1,39,9,2,0,0.2222222222222222,0,1
eclipse.pde.ui-20100428-1600,org.eclipse.pde.internal.ui.commands,TagManager,2,0,9,6,65,18,1,0,0.2222222222222222,3,1
eclipse.pde.ui-20100428-1600,org.eclipse.pde.internal.ui.commands,Listener,0,0,1,0,3,1,0,0,-1.0,1,0
eclipse.pde.ui-20100428-1600,org.eclipse.pde.internal.ui.compare,ManifestContentMergeViewer,1,0,6,2,27,10,0,0,0.6666666666666666,0,1
eclipse.pde.ui-20100428-1600,org.eclipse.pde.internal.ui.compare,ManifestContentMergeViewerCreator,0,0,1,1,5,1,0,0,-1.0,0,0
eclipse.pde.ui-20100428-1600,org.eclipse.pde.internal.ui.compare,ManifestStructureCreator,0,0,19,9,168,39,0,0,-1.0,2,6
eclipse.pde.ui-20100428-1600,org.eclipse.pde.internal.ui.compare,ManifestNode,0,0,4,4,17,5,0,0,-1.0,2,1
eclipse.pde.ui-20100428-1600,org.eclipse.pde.internal.ui.compare,ManifestStructureMergeViewerCreator,0,0,1,1,7,1,0,0,-1.0,0,0
eclipse.pde.ui-20100428-1600,org.eclipse.pde.internal.ui.compare,PluginContentMergeViewer,1,0,8,4,44,14,0,0,0.875,0,3
eclipse.pde.ui-20100428-1600,org.eclipse.pde.internal.ui.compare,PluginContentMergeViewerCreator,0,0,1,1,5,1,0,0,-1.0,0,0
eclipse.pde.ui-20100428-1600,org.eclipse.pde.internal.ui.compare,PluginStructureCreator,6,5,21,9,166,39,0,0,0.42857142857142855,0,5
eclipse.pde.ui-20100428-1600,org.eclipse.pde.internal.ui.compare,PluginNode,1,0,4,4,19,5,0,0,0.75,2,1
eclipse.pde.ui-20100428-1600,org.eclipse.pde.internal.ui.compare,PluginStructureViewerCreator,0,0,4,3,35,14,0,0,-1.0,0,0
eclipse.pde.ui-20100428-1600,org.eclipse.pde.internal.ui.correction,AbstractManifestMarkerResolution,0,0,3,1,10,5,23,1,-1.0,0,2
eclipse.pde.ui-20100428-1600,org.eclipse.pde.internal.ui.correction,AbstractPDEMarkerResolution,5,3,7,5,33,7,9,0,0.5714285714285714,4,3
eclipse.pde.ui-20100428-1600,org.eclipse.pde.internal.ui.correction,AbstractXMLMarkerResolution,1,0,6,1,59,19,4,1,0.3333333333333333,0,7
eclipse.pde.ui-20100428-1600,org.eclipse.pde.internal.ui.correction,AddActivationHeaderResolution,1,0,3,2,34,7,0,2,0.6666666666666666,0,7
eclipse.pde.ui-20100428-1600,org.eclipse.pde.internal.ui.correction,AddBuildEntryResolution,0,0,3,2,21,6,0,2,-1.0,0,1
eclipse.pde.ui-20100428-1600,org.eclipse.pde.internal.ui.correction,AddBundleClassPathMarkerResolution,1,0,3,2,18,5,0,2,0.0,0,2
eclipse.pde.ui-20100428-1600,org.eclipse.pde.internal.ui.correction,AddDefaultExecutionEnvironmentResolution,1,0,3,2,21,5,0,2,0.0,0,3
eclipse.pde.ui-20100428-1600,org.eclipse.pde.internal.ui.correction,AddExportPackageMarkerResolution,1,0,4,2,32,9,0,2,0.5,0,5
eclipse.pde.ui-20100428-1600,org.eclipse.pde.internal.ui.correction,AddNewExtensionPointResolution,0,0,4,3,28,6,0,1,-1.0,0,7
eclipse.pde.ui-20100428-1600,org.eclipse.pde.internal.ui.correction,AddNewExtensionResolution,0,0,4,3,28,6,0,1,-1.0,0,7
eclipse.pde.ui-20100428-1600,org.eclipse.pde.internal.ui.correction,AddSingletonToSymbolicName,1,0,4,3,27,10,0,2,0.0,0,4
eclipse.pde.ui-20100428-1600,org.eclipse.pde.internal.ui.correction,AddSourceBuildEntryResolution,0,0,4,2,43,11,0,2,-1.0,0,5
eclipse.pde.ui-20100428-1600,org.eclipse.pde.internal.ui.correction,AppendSeperatorBuildEntryResolution,0,0,3,2,16,3,0,2,-1.0,0,3
eclipse.pde.ui-20100428-1600,org.eclipse.pde.internal.ui.correction,BuildEntryMarkerResolution,2,0,3,1,17,4,6,1,0.6666666666666666,0,3
eclipse.pde.ui-20100428-1600,org.eclipse.pde.internal.ui.correction,ChooseClassXMLResolution,0,0,4,3,19,6,0,2,-1.0,0,5
eclipse.pde.ui-20100428-1600,org.eclipse.pde.internal.ui.correction,ChooseManifestClassResolution,1,0,3,2,15,4,0,2,0.0,0,4
eclipse.pde.ui-20100428-1600,org.eclipse.pde.internal.ui.correction,CreateClassXMLResolution,0,0,4,2,35,10,0,2,-1.0,0,10
eclipse.pde.ui-20100428-1600,org.eclipse.pde.internal.ui.correction,CreateJREBundleHeaderResolution,0,0,4,3,14,4,0,2,-1.0,0,3
eclipse.pde.ui-20100428-1600,org.eclipse.pde.internal.ui.correction,CreateManifestClassResolution,1,0,3,2,20,5,0,2,0.0,0,8
eclipse.pde.ui-20100428-1600,org.eclipse.pde.internal.ui.correction,DeletePluginBaseResolution,0,0,4,3,27,5,0,1,-1.0,0,8
eclipse.pde.ui-20100428-1600,org.eclipse.pde.internal.ui.correction,ExternalizeResolution,0,0,8,3,95,19,0,2,-1.0,0,12
eclipse.pde.ui-20100428-1600,org.eclipse.pde.internal.ui.correction,ExternalizeStringsResolution,0,0,6,5,24,6,0,1,-1.0,0,4
eclipse.pde.ui-20100428-1600,org.eclipse.pde.internal.ui.correction,MultiFixResolution,3,0,8,7,77,17,0,0,0.25,1,6
eclipse.pde.ui-20100428-1600,org.eclipse.pde.internal.ui.correction,OptionalImportPackageResolution,1,0,4,3,21,6,0,2,0.0,0,1
eclipse.pde.ui-20100428-1600,org.eclipse.pde.internal.ui.correction,OptionalRequireBundleResolution,1,0,4,3,23,7,0,2,0.0,0,1
eclipse.pde.ui-20100428-1600,org.eclipse.pde.internal.ui.correction,OrganizeExportPackageResolution,0,0,4,3,14,4,0,2,-1.0,0,3
eclipse.pde.ui-20100428-1600,org.eclipse.pde.internal.ui.correction,OrganizeImportPackageResolution,1,0,4,3,16,4,0,2,0.75,0,3
eclipse.pde.ui-20100428-1600,org.eclipse.pde.internal.ui.correction,OrganizeRequireBundleResolution,1,0,4,3,16,4,0,2,0.75,0,3
eclipse.pde.ui-20100428-1600,org.eclipse.pde.internal.ui.correction,RemoveBuildEntryResolution,0,0,3,2,24,7,0,2,-1.0,0,3
eclipse.pde.ui-20100428-1600,org.eclipse.pde.internal.ui.correction,RemoveExportPackageResolution,1,0,4,3,18,5,0,2,0.0,0,1
eclipse.pde.ui-20100428-1600,org.eclipse.pde.internal.ui.correction,RemoveImportExportServicesResolution,1,0,4,3,18,5,0,2,0.0,0,4
eclipse.pde.ui-20100428-1600,org.eclipse.pde.internal.ui.correction,RemoveImportPackageResolution,1,0,4,3,18,5,0,2,0.0,0,1
eclipse.pde.ui-20100428-1600,org.eclipse.pde.internal.ui.correction,RemoveInternalDirectiveEntryResolution,1,0,4,3,20,6,0,2,0.75,0,2
eclipse.pde.ui-20100428-1600,org.eclipse.pde.internal.ui.correction,RemoveLazyLoadingDirectiveResolution,1,0,3,2,13,3,0,2,0.6666666666666666,0,2
eclipse.pde.ui-20100428-1600,org.eclipse.pde.internal.ui.correction,RemoveNodeXMLResolution,0,0,3,2,25,8,0,2,-1.0,0,2
eclipse.pde.ui-20100428-1600,org.eclipse.pde.internal.ui.correction,RemoveRequireBundleResolution,1,0,4,3,18,5,0,2,0.0,0,1
eclipse.pde.ui-20100428-1600,org.eclipse.pde.internal.ui.correction,RemoveSeperatorBuildEntryResolution,0,0,3,2,16,3,0,2,-1.0,0,3
eclipse.pde.ui-20100428-1600,org.eclipse.pde.internal.ui.correction,RemoveStaticProjectReferences,0,0,5,4,25,7,0,1,-1.0,0,2
eclipse.pde.ui-20100428-1600,org.eclipse.pde.internal.ui.correction,RemoveUnknownExecEnvironments,0,0,3,2,26,8,0,2,-1.0,0,2
eclipse.pde.ui-20100428-1600,org.eclipse.pde.internal.ui.correction,RenameProvidePackageResolution,0,0,4,3,14,4,0,2,-1.0,0,3
eclipse.pde.ui-20100428-1600,org.eclipse.pde.internal.ui.correction,ReplaceBuildEntryResolution,0,0,3,2,24,6,0,2,-1.0,0,3
eclipse.pde.ui-20100428-1600,org.eclipse.pde.internal.ui.correction,ResolutionGenerator,1,0,7,2,127,51,0,0,0.2857142857142857,4,6
eclipse.pde.ui-20100428-1600,org.eclipse.pde.internal.ui.correction,UnsupportedSingletonDirectiveResolution,0,0,4,3,21,6,0,2,-1.0,0,3
eclipse.pde.ui-20100428-1600,org.eclipse.pde.internal.ui.correction,UpdateActivationResolution,1,0,4,3,40,10,0,2,0.5,0,3
eclipse.pde.ui-20100428-1600,org.eclipse.pde.internal.ui.correction,UpdateClasspathResolution,0,0,4,3,19,4,0,1,-1.0,0,5
eclipse.pde.ui-20100428-1600,org.eclipse.pde.internal.ui.correction.java,FindClassResolutionsOperation,3,0,7,4,97,20,0,0,0.42857142857142855,1,5
eclipse.pde.ui-20100428-1600,org.eclipse.pde.internal.ui.correction.java,AbstractClassResolutionCollector,0,0,2,2,14,2,1,0,-1.0,2,0
eclipse.pde.ui-20100428-1600,org.eclipse.pde.internal.ui.correction.java,JavaResolutionFactory,4,2,51,41,296,82,0,0,0.8627450980392157,4,8
eclipse.pde.ui-20100428-1600,org.eclipse.pde.internal.ui.correction.java,AbstractManifestChange,2,0,9,5,30,9,3,0,0.6666666666666666,1,0
eclipse.pde.ui-20100428-1600,org.eclipse.pde.internal.ui.correction.java,RequireBundleManifestChange,0,0,8,6,50,20,0,1,-1.0,0,5
eclipse.pde.ui-20100428-1600,org.eclipse.pde.internal.ui.correction.java,ImportPackageManifestChange,0,0,8,6,53,19,0,1,-1.0,0,3
eclipse.pde.ui-20100428-1600,org.eclipse.pde.internal.ui.correction.java,ExportPackageChange,0,0,7,6,37,12,0,1,-1.0,0,4
eclipse.pde.ui-20100428-1600,org.eclipse.pde.internal.ui.correction.java,QuickFixProcessor,1,0,10,4,152,44,0,0,0.2,1,6
eclipse.pde.ui-20100428-1600,org.eclipse.pde.internal.ui.correction.java,SearchRepositoriesForIUProposal,1,0,8,8,47,8,0,0,0.625,0,0
eclipse.pde.ui-20100428-1600,org.eclipse.pde.internal.ui.correction.java,UnresolvedImportFixProcessor,1,0,3,3,30,6,0,0,0.6666666666666666,0,3
eclipse.pde.ui-20100428-1600,org.eclipse.pde.internal.ui.correction.java,ClasspathFixCollector,1,0,2,2,11,4,0,1,0.0,1,1
eclipse.pde.ui-20100428-1600,org.eclipse.pde.internal.ui.dialogs,FeatureSelectionDialog,0,0,3,2,22,3,0,0,-1.0,6,1
eclipse.pde.ui-20100428-1600,org.eclipse.pde.internal.ui.dialogs,FolderSelectionDialog,2,0,7,3,57,11,0,0,0.42857142857142855,1,3
eclipse.pde.ui-20100428-1600,org.eclipse.pde.internal.ui.dialogs,PluginSelectionDialog,2,0,24,8,172,48,0,0,0.75,16,6
eclipse.pde.ui-20100428-1600,org.eclipse.pde.internal.ui.dialogs,PluginSearchItemsFilter,0,0,3,2,21,5,0,0,-1.0,0,0
eclipse.pde.ui-20100428-1600,org.eclipse.pde.internal.ui.dialogs,PluginSearchComparator,0,0,4,1,25,7,0,0,-1.0,0,0
eclipse.pde.ui-20100428-1600,org.eclipse.pde.internal.ui.editor,AbstractFoldingStructureProvider,2,0,7,6,55,13,0,1,0.0,0,3
eclipse.pde.ui-20100428-1600,org.eclipse.pde.internal.ui.editor,EditorUtilities,11,0,17,5,184,48,0,0,0.11764705882352941,1,12
eclipse.pde.ui-20100428-1600,org.eclipse.pde.internal.ui.editor,ValidationMessage,2,0,1,0,7,1,0,0,0.0,1,0
eclipse.pde.ui-20100428-1600,org.eclipse.pde.internal.ui.editor,ValidationInfo,5,0,0,0,3,0,0,0,-1.0,1,0
eclipse.pde.ui-20100428-1600,org.eclipse.pde.internal.ui.editor,EmptyOutlinePage,1,0,12,12,35,12,0,1,0.9166666666666666,0,0
eclipse.pde.ui-20100428-1600,org.eclipse.pde.internal.ui.editor,FormEntryAdapter,2,0,10,10,38,12,0,0,0.4,1,2
eclipse.pde.ui-20100428-1600,org.eclipse.pde.internal.ui.editor,FormLayoutFactory,43,43,12,11,266,16,0,0,0.5833333333333334,46,0
eclipse.pde.ui-20100428-1600,org.eclipse.pde.internal.ui.editor,FormOutlinePage,7,0,28,24,192,58,0,1,0.32142857142857145,0,3
eclipse.pde.ui-20100428-1600,org.eclipse.pde.internal.ui.editor,BasicContentProvider,0,0,4,4,14,4,0,0,-1.0,0,0
eclipse.pde.ui-20100428-1600,org.eclipse.pde.internal.ui.editor,BasicLabelProvider,1,0,3,3,14,5,0,0,0.0,0,2
eclipse.pde.ui-20100428-1600,org.eclipse.pde.internal.ui.editor,BasicComparator,0,0,1,1,11,3,0,0,-1.0,0,0
eclipse.pde.ui-20100428-1600,org.eclipse.pde.internal.ui.editor,GenericSourcePage,0,0,7,6,28,7,0,1,-1.0,0,1
eclipse.pde.ui-20100428-1600,org.eclipse.pde.internal.ui.editor,IContextPart,0,0,5,0,7,5,2,0,-1.0,12,0
eclipse.pde.ui-20100428-1600,org.eclipse.pde.internal.ui.editor,IFoldingStructureProvider,0,0,2,2,4,2,1,0,-1.0,1,1
eclipse.pde.ui-20100428-1600,org.eclipse.pde.internal.ui.editor,ILauncherFormPageHelper,0,0,3,3,8,3,0,0,-1.0,1,0
eclipse.pde.ui-20100428-1600,org.eclipse.pde.internal.ui.editor,IModelUndoManager,0,0,9,9,49,9,1,0,-1.0,2,1
eclipse.pde.ui-20100428-1600,org.eclipse.pde.internal.ui.editor,IPDEDragParticipant,0,0,5,5,28,5,1,0,-1.0,1,0
eclipse.pde.ui-20100428-1600,org.eclipse.pde.internal.ui.editor,IPDEDropParticipant,0,0,6,6,44,6,1,0,-1.0,1,0
eclipse.pde.ui-20100428-1600,org.eclipse.pde.internal.ui.editor,IPDESourceParticipant,0,0,1,1,9,1,1,0,-1.0,1,0
eclipse.pde.ui-20100428-1600,org.eclipse.pde.internal.ui.editor,ISortableContentOutlinePage,0,0,1,1,10,1,3,0,-1.0,5,0
eclipse.pde.ui-20100428-1600,org.eclipse.pde.internal.ui.editor,JarEntryEditorInput,1,0,11,11,46,15,0,0,0.2727272727272727,2,1
eclipse.pde.ui-20100428-1600,org.eclipse.pde.internal.ui.editor,JarEntryFile,2,0,8,8,38,11,0,0,0.25,0,1
eclipse.pde.ui-20100428-1600,org.eclipse.pde.internal.ui.editor,KeyValueSourcePage,0,0,6,6,36,11,0,2,-1.0,0,3
eclipse.pde.ui-20100428-1600,org.eclipse.pde.internal.ui.editor,LaunchShortcutOverviewPage,0,0,9,4,61,11,0,1,-1.0,0,2
eclipse.pde.ui-20100428-1600,org.eclipse.pde.internal.ui.editor,LinkSection,8,0,27,14,176,43,0,2,0.07407407407407407,0,2
eclipse.pde.ui-20100428-1600,org.eclipse.pde.internal.ui.editor,LinkHandler,0,0,3,3,11,3,0,0,-1.0,0,0
eclipse.pde.ui-20100428-1600,org.eclipse.pde.internal.ui.editor,ModelDataTransfer,4,1,6,2,66,10,0,0,1.0,10,1
eclipse.pde.ui-20100428-1600,org.eclipse.pde.internal.ui.editor,ModelUndoManager,7,0,22,11,140,40,0,1,0.09090909090909091,0,2
eclipse.pde.ui-20100428-1600,org.eclipse.pde.internal.ui.editor,MultiSourceEditor,0,0,3,0,29,8,1,1,-1.0,0,4
eclipse.pde.ui-20100428-1600,org.eclipse.pde.internal.ui.editor,OpenManifestAction,1,0,6,6,50,21,0,0,0.8333333333333334,0,2
eclipse.pde.ui-20100428-1600,org.eclipse.pde.internal.ui.editor,OrientableBlock,0,0,4,3,32,4,0,1,-1.0,0,3
eclipse.pde.ui-20100428-1600,org.eclipse.pde.internal.ui.editor,PDEDetails,0,0,8,6,36,8,1,1,-1.0,0,0
eclipse.pde.ui-20100428-1600,org.eclipse.pde.internal.ui.editor,PDEDetailsSections,1,0,12,11,55,19,0,2,0.25,0,4
eclipse.pde.ui-20100428-1600,org.eclipse.pde.internal.ui.editor,PDEDragAdapter,6,3,12,5,170,35,0,1,0.0,1,2
eclipse.pde.ui-20100428-1600,org.eclipse.pde.internal.ui.editor,PDEDropAdapter,3,0,9,3,136,26,0,0,0.0,1,3
eclipse.pde.ui-20100428-1600,org.eclipse.pde.internal.ui.editor,PDEFormEditor,10,0,85,49,701,182,1,0,0.1411764705882353,76,13
eclipse.pde.ui-20100428-1600,org.eclipse.pde.internal.ui.editor,PDEFormEditorChangeListener,0,0,3,3,43,9,0,0,-1.0,1,0
eclipse.pde.ui-20100428-1600,org.eclipse.pde.internal.ui.editor,PDEMultiPageEditorSite,0,0,3,3,13,3,0,0,-1.0,0,2
eclipse.pde.ui-20100428-1600,org.eclipse.pde.internal.ui.editor,PDEFormEditorContributor,10,0,41,37,205,53,1,0,0.3170731707317073,3,5
eclipse.pde.ui-20100428-1600,org.eclipse.pde.internal.ui.editor,GlobalAction,1,0,3,3,13,3,1,0,0.6666666666666666,0,0
eclipse.pde.ui-20100428-1600,org.eclipse.pde.internal.ui.editor,ClipboardAction,0,0,3,3,13,4,3,1,-1.0,0,1
eclipse.pde.ui-20100428-1600,org.eclipse.pde.internal.ui.editor,CutAction,0,0,2,2,12,2,0,2,-1.0,0,1
eclipse.pde.ui-20100428-1600,org.eclipse.pde.internal.ui.editor,CopyAction,0,0,2,2,12,2,0,2,-1.0,0,1
eclipse.pde.ui-20100428-1600,org.eclipse.pde.internal.ui.editor,PasteAction,0,0,2,2,12,2,0,2,-1.0,0,1
eclipse.pde.ui-20100428-1600,org.eclipse.pde.internal.ui.editor,SaveAction,0,0,3,3,10,4,0,0,-1.0,0,1
eclipse.pde.ui-20100428-1600,org.eclipse.pde.internal.ui.editor,RevertAction,0,0,3,3,10,4,0,0,-1.0,0,0
eclipse.pde.ui-20100428-1600,org.eclipse.pde.internal.ui.editor,PDEFormPage,1,0,30,21,310,76,1,0,0.3333333333333333,30,3
eclipse.pde.ui-20100428-1600,org.eclipse.pde.internal.ui.editor,PDEFormTextEditorContributor,6,0,19,12,172,42,0,1,0.0,1,2
eclipse.pde.ui-20100428-1600,org.eclipse.pde.internal.ui.editor,PDETextEditorActionContributor,0,0,3,3,29,11,0,0,-1.0,0,0
eclipse.pde.ui-20100428-1600,org.eclipse.pde.internal.ui.editor,PDEHyperlinkDetector,1,0,5,2,42,10,0,0,0.0,0,2
eclipse.pde.ui-20100428-1600,org.eclipse.pde.internal.ui.editor,PDELauncherFormEditor,4,0,12,5,150,37,0,2,0.16666666666666666,3,3
eclipse.pde.ui-20100428-1600,org.eclipse.pde.internal.ui.editor,PDEMasterDetailsBlock,2,0,7,4,33,7,1,0,0.7142857142857143,0,3
eclipse.pde.ui-20100428-1600,org.eclipse.pde.internal.ui.editor,PDEMultiPageContentOutline,8,0,23,20,130,36,0,0,0.21739130434782608,1,2
eclipse.pde.ui-20100428-1600,org.eclipse.pde.internal.ui.editor,SortingAction,0,0,3,2,21,4,0,0,-1.0,0,0
eclipse.pde.ui-20100428-1600,org.eclipse.pde.internal.ui.editor,PDEOutlinePage,1,0,4,4,26,6,2,0,0.5,0,2
eclipse.pde.ui-20100428-1600,org.eclipse.pde.internal.ui.editor,PDEProjectionSourcePage,4,0,16,7,112,30,2,1,0.1875,1,7
eclipse.pde.ui-20100428-1600,org.eclipse.pde.internal.ui.editor,PDEProjectionViewer,3,1,5,5,63,14,0,0,0.0,1,1
eclipse.pde.ui-20100428-1600,org.eclipse.pde.internal.ui.editor,PDESection,1,0,15,13,64,17,2,1,0.6666666666666666,4,2
eclipse.pde.ui-20100428-1600,org.eclipse.pde.internal.ui.editor,PDESourcePage,11,0,59,42,438,105,2,0,0.288135593220339,33,11
eclipse.pde.ui-20100428-1600,org.eclipse.pde.internal.ui.editor,PDESourcePageChangedListener,0,0,3,3,39,7,0,0,-1.0,1,0
eclipse.pde.ui-20100428-1600,org.eclipse.pde.internal.ui.editor,PDEStorageDocumentProvider,1,0,4,1,38,10,0,0,0.75,0,0
eclipse.pde.ui-20100428-1600,org.eclipse.pde.internal.ui.editor,SourceOutlinePage,8,0,11,10,107,23,0,1,0.18181818181818182,1,2
eclipse.pde.ui-20100428-1600,org.eclipse.pde.internal.ui.editor,StructuredViewerSection,4,0,35,17,211,48,2,2,0.45714285714285713,0,6
eclipse.pde.ui-20100428-1600,org.eclipse.pde.internal.ui.editor,SystemFileMarkerAnnotationModel,0,0,4,0,15,4,0,0,-1.0,0,0
eclipse.pde.ui-20100428-1600,org.eclipse.pde.internal.ui.editor,TableSection,2,0,18,8,78,21,0,3,0.7222222222222222,2,3
eclipse.pde.ui-20100428-1600,org.eclipse.pde.internal.ui.editor,PartAdapter,1,0,8,6,41,11,0,0,0.75,0,2
eclipse.pde.ui-20100428-1600,org.eclipse.pde.internal.ui.editor,ToggleLinkWithEditorAction,1,0,2,2,21,3,0,0,0.0,0,1
eclipse.pde.ui-20100428-1600,org.eclipse.pde.internal.ui.editor,TreeSection,1,0,13,5,59,15,0,3,0.9230769230769231,2,2
eclipse.pde.ui-20100428-1600,org.eclipse.pde.internal.ui.editor,PartAdapter,0,0,6,4,27,8,0,0,-1.0,0,1
eclipse.pde.ui-20100428-1600,org.eclipse.pde.internal.ui.editor,XMLSourcePage,0,0,4,2,20,5,0,2,-1.0,0,1
eclipse.pde.ui-20100428-1600,org.eclipse.pde.internal.ui.editor.actions,ActionMenu,2,0,6,5,36,12,0,0,0.3333333333333333,0,0
eclipse.pde.ui-20100428-1600,org.eclipse.pde.internal.ui.editor.actions,CollapseAction,3,0,4,3,50,6,0,0,0.0,5,1
eclipse.pde.ui-20100428-1600,org.eclipse.pde.internal.ui.editor.actions,FormatAction,1,0,4,4,25,5,0,0,0.5,0,2
eclipse.pde.ui-20100428-1600,org.eclipse.pde.internal.ui.editor.actions,FormatOperation,1,0,7,4,44,19,0,0,0.2857142857142857,1,8
eclipse.pde.ui-20100428-1600,org.eclipse.pde.internal.ui.editor.actions,HyperlinkAction,3,0,15,11,76,28,0,0,0.3333333333333333,0,2
eclipse.pde.ui-20100428-1600,org.eclipse.pde.internal.ui.editor.actions,OpenSchemaAction,2,0,11,6,167,28,0,0,0.0,4,7
eclipse.pde.ui-20100428-1600,org.eclipse.pde.internal.ui.editor.actions,PDEActionConstants,4,4,0,0,9,0,0,0,-1.0,4,0
eclipse.pde.ui-20100428-1600,org.eclipse.pde.internal.ui.editor.actions,SortAction,4,0,2,2,48,6,0,0,0.0,6,1
eclipse.pde.ui-20100428-1600,org.eclipse.pde.internal.ui.editor.build,AddLibraryDialog,8,0,17,11,116,24,0,0,0.29411764705882354,1,2
eclipse.pde.ui-20100428-1600,org.eclipse.pde.internal.ui.editor.build,DuplicateStatusValidator,0,0,1,1,12,7,0,0,-1.0,0,0
eclipse.pde.ui-20100428-1600,org.eclipse.pde.internal.ui.editor.build,TableContentProvider,0,0,1,1,8,2,0,0,-1.0,0,0
eclipse.pde.ui-20100428-1600,org.eclipse.pde.internal.ui.editor.build,TableLabelProvider,0,0,2,2,8,2,0,0,-1.0,0,0
eclipse.pde.ui-20100428-1600,org.eclipse.pde.internal.ui.editor.build,BinSection,0,0,5,2,83,20,0,1,-1.0,0,5
eclipse.pde.ui-20100428-1600,org.eclipse.pde.internal.ui.editor.build,BuildClasspathSection,4,0,27,16,261,63,0,0,0.2222222222222222,1,9
eclipse.pde.ui-20100428-1600,org.eclipse.pde.internal.ui.editor.build,ElementSelectionValidator,2,0,4,2,45,11,0,0,0.0,0,1
eclipse.pde.ui-20100428-1600,org.eclipse.pde.internal.ui.editor.build,TableContentProvider,0,0,1,1,12,3,0,0,-1.0,0,0
eclipse.pde.ui-20100428-1600,org.eclipse.pde.internal.ui.editor.build,TableLabelProvider,0,0,2,2,9,2,0,0,-1.0,0,0
eclipse.pde.ui-20100428-1600,org.eclipse.pde.internal.ui.editor.build,BuildContentsSection,7,0,43,22,454,156,2,0,0.23255813953488372,1,6
eclipse.pde.ui-20100428-1600,org.eclipse.pde.internal.ui.editor.build,TreeContentProvider,0,0,5,5,59,12,0,0,-1.0,0,1
eclipse.pde.ui-20100428-1600,org.eclipse.pde.internal.ui.editor.build,BuildEditor,1,0,22,8,112,33,0,0,0.9545454545454546,0,11
eclipse.pde.ui-20100428-1600,org.eclipse.pde.internal.ui.editor.build,BuildEditorContributor,0,0,4,3,14,4,0,0,-1.0,0,0
eclipse.pde.ui-20100428-1600,org.eclipse.pde.internal.ui.editor.build,BuildHyperlinkDetector,1,0,4,2,51,19,0,0,0.0,0,5
eclipse.pde.ui-20100428-1600,org.eclipse.pde.internal.ui.editor.build,BuildInputContext,2,1,10,3,96,20,0,0,0.5,9,6
eclipse.pde.ui-20100428-1600,org.eclipse.pde.internal.ui.editor.build,BuildInputContextManager,0,0,3,2,14,3,0,0,-1.0,1,3
eclipse.pde.ui-20100428-1600,org.eclipse.pde.internal.ui.editor.build,BuildOutlinePage,0,0,3,1,25,8,0,0,-1.0,0,1
eclipse.pde.ui-20100428-1600,org.eclipse.pde.internal.ui.editor.build,BuildPage,6,1,11,3,97,16,0,0,0.2727272727272727,9,6
eclipse.pde.ui-20100428-1600,org.eclipse.pde.internal.ui.editor.build,BuildSourcePage,0,0,18,13,98,29,0,0,-1.0,0,6
eclipse.pde.ui-20100428-1600,org.eclipse.pde.internal.ui.editor.build,BuildOutlineContentProvider,0,0,4,4,20,6,0,0,-1.0,0,0
eclipse.pde.ui-20100428-1600,org.eclipse.pde.internal.ui.editor.build,BuildLabelProvider,0,0,2,2,12,4,0,0,-1.0,0,2
eclipse.pde.ui-20100428-1600,org.eclipse.pde.internal.ui.editor.build,BuildSourceViewerConfiguration,11,0,23,17,156,40,0,0,0.5652173913043478,0,1
eclipse.pde.ui-20100428-1600,org.eclipse.pde.internal.ui.editor.build,AbstractJavaScanner,0,0,2,1,22,11,2,0,-1.0,0,0
eclipse.pde.ui-20100428-1600,org.eclipse.pde.internal.ui.editor.build,SingleTokenJavaScanner,1,0,4,2,17,4,0,1,0.5,0,0
eclipse.pde.ui-20100428-1600,org.eclipse.pde.internal.ui.editor.build,PropertyValueScanner,2,0,7,5,50,10,0,1,0.7142857142857143,0,0
eclipse.pde.ui-20100428-1600,org.eclipse.pde.internal.ui.editor.build,AssignmentDetector,0,0,2,2,18,3,0,0,-1.0,0,0
eclipse.pde.ui-20100428-1600,org.eclipse.pde.internal.ui.editor.build,BuildUndoManager,0,0,7,2,78,22,0,0,-1.0,0,6
eclipse.pde.ui-20100428-1600,org.eclipse.pde.internal.ui.editor.build,BuildUtil,0,0,1,1,11,3,0,0,-1.0,3,1
eclipse.pde.ui-20100428-1600,org.eclipse.pde.internal.ui.editor.build,JARFileFilter,2,0,5,5,34,11,0,0,0.0,0,1
eclipse.pde.ui-20100428-1600,org.eclipse.pde.internal.ui.editor.build,RuntimeInfoSection,8,0,57,30,710,189,0,0,0.22807017543859648,1,14
eclipse.pde.ui-20100428-1600,org.eclipse.pde.internal.ui.editor.build,PartAdapter,0,0,4,4,36,13,0,0,-1.0,0,0
eclipse.pde.ui-20100428-1600,org.eclipse.pde.internal.ui.editor.build,LibraryContentProvider,0,0,1,1,19,7,0,0,-1.0,0,1
eclipse.pde.ui-20100428-1600,org.eclipse.pde.internal.ui.editor.build,LibraryLabelProvider,0,0,2,2,11,3,0,0,-1.0,0,3
eclipse.pde.ui-20100428-1600,org.eclipse.pde.internal.ui.editor.build,JarsNewContentProvider,0,0,1,1,7,3,0,0,-1.0,0,0
eclipse.pde.ui-20100428-1600,org.eclipse.pde.internal.ui.editor.build,FolderContentProvider,0,0,1,1,5,1,0,0,-1.0,0,0
eclipse.pde.ui-20100428-1600,org.eclipse.pde.internal.ui.editor.build,FolderLabelProvider,0,0,2,2,9,2,0,0,-1.0,0,0
eclipse.pde.ui-20100428-1600,org.eclipse.pde.internal.ui.editor.build,SrcSection,0,0,4,1,34,6,0,1,-1.0,0,5
eclipse.pde.ui-20100428-1600,org.eclipse.pde.internal.ui.editor.category,CategoryDetailsSection,7,0,21,14,220,52,0,0,0.23809523809523808,0,4
eclipse.pde.ui-20100428-1600,org.eclipse.pde.internal.ui.editor.category,CategoryEditor,0,0,14,4,61,15,0,0,-1.0,1,7
eclipse.pde.ui-20100428-1600,org.eclipse.pde.internal.ui.editor.category,CategoryEditorContributor,0,0,2,1,8,2,0,0,-1.0,0,0
eclipse.pde.ui-20100428-1600,org.eclipse.pde.internal.ui.editor.category,CategoryInputContext,2,1,11,3,126,18,0,0,0.8181818181818182,3,5
eclipse.pde.ui-20100428-1600,org.eclipse.pde.internal.ui.editor.category,CategoryInputContextManager,0,0,3,2,14,3,0,0,-1.0,1,3
eclipse.pde.ui-20100428-1600,org.eclipse.pde.internal.ui.editor.category,CategoryLabelProvider,5,0,4,4,53,15,0,0,0.0,0,2
eclipse.pde.ui-20100428-1600,org.eclipse.pde.internal.ui.editor.category,CategoryOutlinePage,1,0,5,3,63,19,0,0,0.8,0,1
eclipse.pde.ui-20100428-1600,org.eclipse.pde.internal.ui.editor.category,CategorySection,7,0,50,27,546,151,0,0,0.26,2,11
eclipse.pde.ui-20100428-1600,org.eclipse.pde.internal.ui.editor.category,CategoryContentProvider,0,0,4,4,49,15,0,0,-1.0,0,0
eclipse.pde.ui-20100428-1600,org.eclipse.pde.internal.ui.editor.category,CategoryUndoManager,0,0,7,2,104,28,0,0,-1.0,0,6
eclipse.pde.ui-20100428-1600,org.eclipse.pde.internal.ui.editor.category,FeatureDetailsSection,5,0,20,13,153,38,0,0,0.25,0,6
eclipse.pde.ui-20100428-1600,org.eclipse.pde.internal.ui.editor.category,FeaturesPage,3,1,14,6,67,22,0,0,0.6428571428571429,3,7
eclipse.pde.ui-20100428-1600,org.eclipse.pde.internal.ui.editor.category,SiteFeaturesBlock,0,0,5,3,24,13,0,0,-1.0,1,0
eclipse.pde.ui-20100428-1600,org.eclipse.pde.internal.ui.editor.category,SiteFeatureAdapter,3,0,4,4,41,9,0,0,0.0,2,2
eclipse.pde.ui-20100428-1600,org.eclipse.pde.internal.ui.editor.contentassist,ManifestContentAssistProcessor,22,0,41,8,632,181,0,1,0.0975609756097561,1,8
eclipse.pde.ui-20100428-1600,org.eclipse.pde.internal.ui.editor.contentassist,TypeCompletionProposal,7,0,16,16,76,21,0,0,0.5,2,0
eclipse.pde.ui-20100428-1600,org.eclipse.pde.internal.ui.editor.contentassist,TypeContentProposal,4,0,7,7,41,8,0,0,0.0,0,0
eclipse.pde.ui-20100428-1600,org.eclipse.pde.internal.ui.editor.contentassist,TypeContentProposalListener,0,0,4,4,19,5,0,0,-1.0,1,0
eclipse.pde.ui-20100428-1600,org.eclipse.pde.internal.ui.editor.contentassist,TypeContentProposalProvider,6,1,10,5,115,17,0,1,0.4,0,0
eclipse.pde.ui-20100428-1600,org.eclipse.pde.internal.ui.editor.contentassist,TypeComparator,0,0,2,2,14,2,0,0,-1.0,0,0
eclipse.pde.ui-20100428-1600,org.eclipse.pde.internal.ui.editor.contentassist,TypeFieldAssistDisposer,2,0,2,2,29,5,0,0,0.0,3,1
eclipse.pde.ui-20100428-1600,org.eclipse.pde.internal.ui.editor.contentassist,TypePackageCompletionProcessor,3,0,23,12,170,41,3,0,0.5217391304347826,0,3
eclipse.pde.ui-20100428-1600,org.eclipse.pde.internal.ui.editor.contentassist,ProposalGenerator,0,0,2,0,4,2,0,0,-1.0,0,0
eclipse.pde.ui-20100428-1600,org.eclipse.pde.internal.ui.editor.contentassist,TypePackageCompletionRequestor,0,0,2,2,29,5,0,0,-1.0,0,1
eclipse.pde.ui-20100428-1600,org.eclipse.pde.internal.ui.editor.contentassist,TypeProposalLabelProvider,0,0,2,2,15,3,0,0,-1.0,0,0
eclipse.pde.ui-20100428-1600,org.eclipse.pde.internal.ui.editor.contentassist,VirtualSchemaObject,3,0,11,10,57,16,0,0,0.5454545454545454,1,6
eclipse.pde.ui-20100428-1600,org.eclipse.pde.internal.ui.editor.contentassist,XMLCompletionProposal,12,0,24,13,431,96,0,0,0.2916666666666667,0,8
eclipse.pde.ui-20100428-1600,org.eclipse.pde.internal.ui.editor.contentassist,XMLContentAssistProcessor,27,0,36,8,590,168,0,1,0.08333333333333333,2,12
eclipse.pde.ui-20100428-1600,org.eclipse.pde.internal.ui.editor.contentassist,XMLContentAssistText,2,0,6,4,93,15,0,0,0.3333333333333333,2,1
eclipse.pde.ui-20100428-1600,org.eclipse.pde.internal.ui.editor.contentassist,XMLElementProposalComparator,0,0,3,2,21,3,0,0,-1.0,0,1
eclipse.pde.ui-20100428-1600,org.eclipse.pde.internal.ui.editor.contentassist,XMLElementProposalComputer,0,0,9,1,151,28,0,0,-1.0,3,2
eclipse.pde.ui-20100428-1600,org.eclipse.pde.internal.ui.editor.contentassist,XMLInsertionComputer,0,0,16,4,313,72,0,0,-1.0,4,7
eclipse.pde.ui-20100428-1600,org.eclipse.pde.internal.ui.editor.contentassist.display,JavaDocCommentReader,5,0,5,5,67,11,0,0,0.0,1,0
eclipse.pde.ui-20100428-1600,org.eclipse.pde.internal.ui.editor.context,IInputContextListener,0,0,4,0,23,4,0,0,-1.0,1,1
eclipse.pde.ui-20100428-1600,org.eclipse.pde.internal.ui.editor.context,InputContext,11,0,48,30,400,101,1,0,0.10416666666666667,38,5
eclipse.pde.ui-20100428-1600,org.eclipse.pde.internal.ui.editor.context,ElementListener,0,0,5,5,19,9,0,0,-1.0,0,0
eclipse.pde.ui-20100428-1600,org.eclipse.pde.internal.ui.editor.context,InputContextManager,5,0,32,24,240,76,0,0,0.0625,21,7
eclipse.pde.ui-20100428-1600,org.eclipse.pde.internal.ui.editor.context,ManifestDocumentSetupParticipant,0,0,2,1,12,3,0,0,-1.0,1,1
eclipse.pde.ui-20100428-1600,org.eclipse.pde.internal.ui.editor.context,UTF8InputContext,0,0,2,1,12,2,1,1,-1.0,0,1
eclipse.pde.ui-20100428-1600,org.eclipse.pde.internal.ui.editor.context,XMLDocumentSetupParticpant,1,1,2,1,25,4,0,0,0.0,4,2
eclipse.pde.ui-20100428-1600,org.eclipse.pde.internal.ui.editor.context,XMLInputContext,2,0,23,1,398,91,0,2,0.17391304347826086,0,3
eclipse.pde.ui-20100428-1600,org.eclipse.pde.internal.ui.editor.feature,Choice,2,0,4,4,17,4,0,0,0.0,5,0
eclipse.pde.ui-20100428-1600,org.eclipse.pde.internal.ui.editor.feature,DataDetailsSection,3,0,17,14,128,30,0,0,0.23529411764705882,1,4
eclipse.pde.ui-20100428-1600,org.eclipse.pde.internal.ui.editor.feature,DataPortabilitySection,5,0,35,28,263,61,1,0,0.17142857142857143,2,7
eclipse.pde.ui-20100428-1600,org.eclipse.pde.internal.ui.editor.feature,DataSection,4,0,31,17,289,65,0,0,0.22580645161290322,1,7
eclipse.pde.ui-20100428-1600,org.eclipse.pde.internal.ui.editor.feature,PluginContentProvider,0,0,1,1,8,2,0,0,-1.0,0,0
eclipse.pde.ui-20100428-1600,org.eclipse.pde.internal.ui.editor.feature,EditorBuildFeatureAction,2,0,5,4,42,7,0,0,0.4,1,5
eclipse.pde.ui-20100428-1600,org.eclipse.pde.internal.ui.editor.feature,FeatureAdvancedPage,6,1,3,1,41,3,0,0,1.0,5,9
eclipse.pde.ui-20100428-1600,org.eclipse.pde.internal.ui.editor.feature,FeatureDependenciesPage,3,1,4,2,46,4,0,0,0.75,4,6
eclipse.pde.ui-20100428-1600,org.eclipse.pde.internal.ui.editor.feature,FeatureEditor,1,0,31,13,273,71,0,0,0.8387096774193549,10,18
eclipse.pde.ui-20100428-1600,org.eclipse.pde.internal.ui.editor.feature,FeatureEditorContributor,3,0,8,6,39,9,0,0,0.375,3,3
eclipse.pde.ui-20100428-1600,org.eclipse.pde.internal.ui.editor.feature,FeatureEditorMatchingStrategy,0,0,1,1,24,9,0,0,-1.0,0,1
eclipse.pde.ui-20100428-1600,org.eclipse.pde.internal.ui.editor.feature,FeatureFormPage,3,1,14,7,129,23,0,0,0.5,4,17
eclipse.pde.ui-20100428-1600,org.eclipse.pde.internal.ui.editor.feature,FeatureIncludesPage,4,1,3,1,44,3,0,0,1.0,2,7
eclipse.pde.ui-20100428-1600,org.eclipse.pde.internal.ui.editor.feature,FeatureInputContext,1,1,11,2,112,16,0,0,0.7272727272727273,2,5
eclipse.pde.ui-20100428-1600,org.eclipse.pde.internal.ui.editor.feature,FeatureInputContextManager,0,0,3,2,14,3,0,0,-1.0,1,3
eclipse.pde.ui-20100428-1600,org.eclipse.pde.internal.ui.editor.feature,FeatureOutlinePage,1,0,13,7,134,41,0,0,0.15384615384615385,0,9
eclipse.pde.ui-20100428-1600,org.eclipse.pde.internal.ui.editor.feature,ContentProvider,0,0,2,2,34,11,0,0,-1.0,0,0
eclipse.pde.ui-20100428-1600,org.eclipse.pde.internal.ui.editor.feature,FeatureReferencePage,4,1,4,2,49,4,0,0,0.75,3,7
eclipse.pde.ui-20100428-1600,org.eclipse.pde.internal.ui.editor.feature,FeatureSourcePage,0,0,8,7,24,8,0,0,-1.0,0,0
eclipse.pde.ui-20100428-1600,org.eclipse.pde.internal.ui.editor.feature,FeatureSpecSection,10,0,35,21,483,89,0,0,0.22857142857142856,1,11
eclipse.pde.ui-20100428-1600,org.eclipse.pde.internal.ui.editor.feature,FeatureUndoManager,0,0,7,2,99,31,0,0,-1.0,0,8
eclipse.pde.ui-20100428-1600,org.eclipse.pde.internal.ui.editor.feature,HandlerSection,2,0,16,12,119,26,0,0,0.25,1,5
eclipse.pde.ui-20100428-1600,org.eclipse.pde.internal.ui.editor.feature,IncludedFeaturesDetailsSection,8,0,19,18,202,43,0,0,0.2631578947368421,1,6
eclipse.pde.ui-20100428-1600,org.eclipse.pde.internal.ui.editor.feature,IncludedFeaturesPortabilitySection,5,0,35,28,264,61,0,0,0.17142857142857143,2,7
eclipse.pde.ui-20100428-1600,org.eclipse.pde.internal.ui.editor.feature,IncludedFeaturesSection,5,0,44,23,411,99,0,0,0.20454545454545456,2,13
eclipse.pde.ui-20100428-1600,org.eclipse.pde.internal.ui.editor.feature,IncludedFeaturesContentProvider,0,0,1,1,8,2,0,0,-1.0,0,0
eclipse.pde.ui-20100428-1600,org.eclipse.pde.internal.ui.editor.feature,InfoFormPage,3,1,5,3,34,5,0,0,0.6,2,6
eclipse.pde.ui-20100428-1600,org.eclipse.pde.internal.ui.editor.feature,InfoSection,12,0,30,17,343,62,0,0,0.13333333333333333,1,9
eclipse.pde.ui-20100428-1600,org.eclipse.pde.internal.ui.editor.feature,InstallSection,3,0,12,12,107,21,0,0,0.3333333333333333,1,7
eclipse.pde.ui-20100428-1600,org.eclipse.pde.internal.ui.editor.feature,OpenReferenceAction,0,0,3,3,38,9,0,0,-1.0,1,5
eclipse.pde.ui-20100428-1600,org.eclipse.pde.internal.ui.editor.feature,PluginDetailsSection,7,0,19,16,178,34,0,0,0.2631578947368421,1,6
eclipse.pde.ui-20100428-1600,org.eclipse.pde.internal.ui.editor.feature,PluginPortabilitySection,0,0,1,1,5,1,0,1,-1.0,1,2
eclipse.pde.ui-20100428-1600,org.eclipse.pde.internal.ui.editor.feature,PluginReference,3,0,10,10,41,14,0,0,0.3,0,2
eclipse.pde.ui-20100428-1600,org.eclipse.pde.internal.ui.editor.feature,PluginSection,5,0,40,22,346,83,0,0,0.25,1,14
eclipse.pde.ui-20100428-1600,org.eclipse.pde.internal.ui.editor.feature,PluginContentProvider,0,0,1,1,8,2,0,0,-1.0,0,0
eclipse.pde.ui-20100428-1600,org.eclipse.pde.internal.ui.editor.feature,PortabilityChoicesDialog,4,0,11,5,88,19,0,0,0.36363636363636365,4,2
eclipse.pde.ui-20100428-1600,org.eclipse.pde.internal.ui.editor.feature,ContentProvider,0,0,1,1,5,1,0,0,-1.0,0,0
eclipse.pde.ui-20100428-1600,org.eclipse.pde.internal.ui.editor.feature,ChoiceLabelProvider,0,0,2,2,8,2,0,0,-1.0,0,0
eclipse.pde.ui-20100428-1600,org.eclipse.pde.internal.ui.editor.feature,PortabilitySection,4,0,32,27,228,49,0,0,0.1875,2,8
eclipse.pde.ui-20100428-1600,org.eclipse.pde.internal.ui.editor.feature,RequiresSection,4,0,41,22,433,112,0,0,0.2682926829268293,1,12
eclipse.pde.ui-20100428-1600,org.eclipse.pde.internal.ui.editor.feature,ImportContentProvider,0,0,1,1,14,4,0,0,-1.0,0,0
eclipse.pde.ui-20100428-1600,org.eclipse.pde.internal.ui.editor.feature,SynchronizeVersionsAction,1,0,5,4,35,6,0,0,0.4,1,5
eclipse.pde.ui-20100428-1600,org.eclipse.pde.internal.ui.editor.feature,SynchronizeVersionsWizard,2,0,3,3,18,3,0,0,0.0,1,2
eclipse.pde.ui-20100428-1600,org.eclipse.pde.internal.ui.editor.feature,SynchronizeVersionsWizardPage,9,3,13,4,164,33,0,0,0.15384615384615385,1,9
eclipse.pde.ui-20100428-1600,org.eclipse.pde.internal.ui.editor.feature,URLDetailsSection,3,0,20,13,183,39,0,0,0.2,1,4
eclipse.pde.ui-20100428-1600,org.eclipse.pde.internal.ui.editor.feature,URLSection,4,0,28,17,261,53,0,0,0.25,1,9
eclipse.pde.ui-20100428-1600,org.eclipse.pde.internal.ui.editor.feature,URLContentProvider,0,0,1,1,10,2,0,0,-1.0,0,0
eclipse.pde.ui-20100428-1600,org.eclipse.pde.internal.ui.editor.feature,URLLabelProvider,0,0,1,1,8,2,0,0,-1.0,0,0
eclipse.pde.ui-20100428-1600,org.eclipse.pde.internal.ui.editor.outline,IOutlineContentCreator,0,0,5,5,25,5,0,0,-1.0,1,0
eclipse.pde.ui-20100428-1600,org.eclipse.pde.internal.ui.editor.outline,IOutlineSelectionHandler,0,0,3,3,17,3,0,0,-1.0,1,0
eclipse.pde.ui-20100428-1600,org.eclipse.pde.internal.ui.editor.outline,QuickOutlineMouseMoveListener,2,0,2,2,41,9,0,0,0.0,0,0
eclipse.pde.ui-20100428-1600,org.eclipse.pde.internal.ui.editor.outline,QuickOutlineNamePatternFilter,1,0,4,3,42,8,0,0,0.0,1,1
eclipse.pde.ui-20100428-1600,org.eclipse.pde.internal.ui.editor.outline,QuickOutlinePopupDialog,11,0,43,27,337,77,0,0,0.3488372093023256,1,6
eclipse.pde.ui-20100428-1600,org.eclipse.pde.internal.ui.editor.plugin,AbstractPluginElementDetails,1,0,2,2,18,2,3,0,0.0,0,1
eclipse.pde.ui-20100428-1600,org.eclipse.pde.internal.ui.editor.plugin,BlankQuery,1,0,6,5,22,6,0,0,0.8333333333333334,0,2
eclipse.pde.ui-20100428-1600,org.eclipse.pde.internal.ui.editor.plugin,BundleFoldingStructureProvider,1,0,3,2,31,5,0,0,0.6666666666666666,0,4
eclipse.pde.ui-20100428-1600,org.eclipse.pde.internal.ui.editor.plugin,BundleHyperlinkDetector,1,0,4,2,80,27,0,0,0.0,0,4
eclipse.pde.ui-20100428-1600,org.eclipse.pde.internal.ui.editor.plugin,BundleInputContext,2,1,11,3,104,23,0,0,0.6363636363636364,12,5
eclipse.pde.ui-20100428-1600,org.eclipse.pde.internal.ui.editor.plugin,BundleSourcePage,4,0,43,19,510,125,0,0,0.4186046511627907,2,16
eclipse.pde.ui-20100428-1600,org.eclipse.pde.internal.ui.editor.plugin,BundleOutlineContentProvider,0,0,5,4,49,14,0,0,-1.0,0,2
eclipse.pde.ui-20100428-1600,org.eclipse.pde.internal.ui.editor.plugin,BundleLabelProvider,0,0,3,2,59,16,0,0,-1.0,0,4
eclipse.pde.ui-20100428-1600,org.eclipse.pde.internal.ui.editor.plugin,CreateManifestOperation,1,0,6,2,73,16,0,0,0.0,0,5
eclipse.pde.ui-20100428-1600,org.eclipse.pde.internal.ui.editor.plugin,DependenciesPage,1,1,5,1,59,8,0,0,0.6,4,6
eclipse.pde.ui-20100428-1600,org.eclipse.pde.internal.ui.editor.plugin,DependencyAnalysisSection,1,0,7,2,62,22,0,0,0.0,1,5
eclipse.pde.ui-20100428-1600,org.eclipse.pde.internal.ui.editor.plugin,DependencyManagementSection,18,0,53,20,635,144,0,0,0.1320754716981132,0,16
eclipse.pde.ui-20100428-1600,org.eclipse.pde.internal.ui.editor.plugin,ContentProvider,0,0,3,1,32,7,0,0,-1.0,0,1
eclipse.pde.ui-20100428-1600,org.eclipse.pde.internal.ui.editor.plugin,SecondaryTableLabelProvider,0,0,2,2,19,5,0,0,-1.0,0,1
eclipse.pde.ui-20100428-1600,org.eclipse.pde.internal.ui.editor.plugin,DependencyPropertiesDialog,10,0,12,8,93,17,0,0,0.5,3,6
eclipse.pde.ui-20100428-1600,org.eclipse.pde.internal.ui.editor.plugin,ExecutionEnvironmentSection,4,0,50,24,478,125,0,0,0.24,0,14
eclipse.pde.ui-20100428-1600,org.eclipse.pde.internal.ui.editor.plugin,EELabelProvider,1,0,4,4,17,6,0,0,0.5,0,1
eclipse.pde.ui-20100428-1600,org.eclipse.pde.internal.ui.editor.plugin,ContentProvider,0,0,1,1,13,3,0,0,-1.0,0,0
eclipse.pde.ui-20100428-1600,org.eclipse.pde.internal.ui.editor.plugin,ExportPackageSection,10,0,43,14,489,118,0,0,0.11627906976744186,0,15
eclipse.pde.ui-20100428-1600,org.eclipse.pde.internal.ui.editor.plugin,ExportPackageContentProvider,0,0,1,1,9,2,0,0,-1.0,0,1
eclipse.pde.ui-20100428-1600,org.eclipse.pde.internal.ui.editor.plugin,ExportPackageVisibilitySection,10,0,26,13,258,61,0,0,0.23076923076923078,0,13
eclipse.pde.ui-20100428-1600,org.eclipse.pde.internal.ui.editor.plugin,TableContentProvider,0,0,1,1,7,2,0,0,-1.0,0,1
eclipse.pde.ui-20100428-1600,org.eclipse.pde.internal.ui.editor.plugin,TableLabelProvider,0,0,2,2,8,2,0,0,-1.0,0,0
eclipse.pde.ui-20100428-1600,org.eclipse.pde.internal.ui.editor.plugin,ExtensionAttributePointDectector,3,0,12,8,120,26,0,0,0.3333333333333333,1,7
eclipse.pde.ui-20100428-1600,org.eclipse.pde.internal.ui.editor.plugin,ExtensionDetails,5,0,22,16,213,45,0,1,0.13636363636363635,0,15
eclipse.pde.ui-20100428-1600,org.eclipse.pde.internal.ui.editor.plugin,ExtensionElementBodyTextDetails,7,0,38,17,301,55,0,1,0.0,2,10
eclipse.pde.ui-20100428-1600,org.eclipse.pde.internal.ui.editor.plugin,ExtensionElementDetails,4,0,19,12,209,57,0,1,0.10526315789473684,0,3
eclipse.pde.ui-20100428-1600,org.eclipse.pde.internal.ui.editor.plugin,ExtensionHyperLink,0,0,2,2,8,2,0,0,-1.0,0,0
eclipse.pde.ui-20100428-1600,org.eclipse.pde.internal.ui.editor.plugin,ExtensionPointDetails,8,0,27,23,271,79,0,0,0.14814814814814814,0,12
eclipse.pde.ui-20100428-1600,org.eclipse.pde.internal.ui.editor.plugin,ExtensionPointsPage,3,1,9,5,58,19,0,0,0.6666666666666666,3,8
eclipse.pde.ui-20100428-1600,org.eclipse.pde.internal.ui.editor.plugin,ExtensionPointsBlock,0,0,5,3,22,9,0,0,-1.0,1,0
eclipse.pde.ui-20100428-1600,org.eclipse.pde.internal.ui.editor.plugin,ExtensionPointsSection,1,0,23,11,237,53,0,0,0.34782608695652173,1,14
eclipse.pde.ui-20100428-1600,org.eclipse.pde.internal.ui.editor.plugin,TableContentProvider,0,0,1,1,8,2,0,0,-1.0,0,0
eclipse.pde.ui-20100428-1600,org.eclipse.pde.internal.ui.editor.plugin,ExtensionsPage,4,1,9,5,88,23,0,0,0.3333333333333333,4,9
eclipse.pde.ui-20100428-1600,org.eclipse.pde.internal.ui.editor.plugin,ExtensionsBlock,1,0,5,3,44,12,0,0,0.6,1,3
eclipse.pde.ui-20100428-1600,org.eclipse.pde.internal.ui.editor.plugin,ExtensionsSection,15,0,85,31,1333,325,0,0,0.17647058823529413,3,19
eclipse.pde.ui-20100428-1600,org.eclipse.pde.internal.ui.editor.plugin,ExtensionContentProvider,0,0,4,4,27,10,0,0,-1.0,0,0
eclipse.pde.ui-20100428-1600,org.eclipse.pde.internal.ui.editor.plugin,ExtensionLabelProvider,0,0,2,2,8,2,0,0,-1.0,0,0
eclipse.pde.ui-20100428-1600,org.eclipse.pde.internal.ui.editor.plugin,FormFilteredTree,2,0,14,11,71,16,0,0,0.7142857142857143,3,1
eclipse.pde.ui-20100428-1600,org.eclipse.pde.internal.ui.editor.plugin,FragmentGeneralInfoSection,9,0,34,12,321,60,0,1,0.17647058823529413,0,14
eclipse.pde.ui-20100428-1600,org.eclipse.pde.internal.ui.editor.plugin,GeneralInfoSection,13,0,40,13,297,61,2,0,0.075,1,9
eclipse.pde.ui-20100428-1600,org.eclipse.pde.internal.ui.editor.plugin,ImportPackageSection,10,0,53,21,563,157,0,0,0.16981132075471697,1,21
eclipse.pde.ui-20100428-1600,org.eclipse.pde.internal.ui.editor.plugin,ImportItemWrapper,1,0,7,5,36,14,0,0,0.0,0,0
eclipse.pde.ui-20100428-1600,org.eclipse.pde.internal.ui.editor.plugin,ImportPackageContentProvider,0,0,1,1,9,2,0,0,-1.0,0,1
eclipse.pde.ui-20100428-1600,org.eclipse.pde.internal.ui.editor.plugin,ImportPackageDialogLabelProvider,0,0,2,2,16,3,0,0,-1.0,0,1
eclipse.pde.ui-20100428-1600,org.eclipse.pde.internal.ui.editor.plugin,JarSelectionValidator,2,0,4,3,45,11,1,0,0.0,0,1
eclipse.pde.ui-20100428-1600,org.eclipse.pde.internal.ui.editor.plugin,JavaAttributeValue,2,0,4,4,18,4,0,1,0.5,4,2
eclipse.pde.ui-20100428-1600,org.eclipse.pde.internal.ui.editor.plugin,JavaAttributeWizard,6,0,9,6,82,18,0,0,0.2222222222222222,1,3
eclipse.pde.ui-20100428-1600,org.eclipse.pde.internal.ui.editor.plugin,JavaAttributeWizardPage,15,0,8,5,183,38,0,0,0.0,0,6
eclipse.pde.ui-20100428-1600,org.eclipse.pde.internal.ui.editor.plugin,InitialClassProperties,9,0,1,1,22,1,0,0,0.0,0,0
eclipse.pde.ui-20100428-1600,org.eclipse.pde.internal.ui.editor.plugin,LibrarySection,9,0,51,21,650,158,0,0,0.19607843137254902,0,16
eclipse.pde.ui-20100428-1600,org.eclipse.pde.internal.ui.editor.plugin,LibraryFilter,0,0,2,2,10,4,0,0,-1.0,0,0
eclipse.pde.ui-20100428-1600,org.eclipse.pde.internal.ui.editor.plugin,LibrarySelectionValidator,0,0,2,2,8,2,0,1,-1.0,0,0
eclipse.pde.ui-20100428-1600,org.eclipse.pde.internal.ui.editor.plugin,TableContentProvider,0,0,1,1,5,1,0,0,-1.0,0,0
eclipse.pde.ui-20100428-1600,org.eclipse.pde.internal.ui.editor.plugin,LibraryVisibilitySection,9,0,23,14,222,45,0,0,0.34782608695652173,0,6
eclipse.pde.ui-20100428-1600,org.eclipse.pde.internal.ui.editor.plugin,TableContentProvider,0,0,1,1,9,2,0,0,-1.0,0,0
eclipse.pde.ui-20100428-1600,org.eclipse.pde.internal.ui.editor.plugin,TableLabelProvider,0,0,2,2,8,2,0,0,-1.0,0,0
eclipse.pde.ui-20100428-1600,org.eclipse.pde.internal.ui.editor.plugin,LoopDialog,3,0,11,7,69,13,0,0,0.8181818181818182,3,1
eclipse.pde.ui-20100428-1600,org.eclipse.pde.internal.ui.editor.plugin,ContentProvider,0,0,4,4,15,5,0,0,-1.0,0,0
eclipse.pde.ui-20100428-1600,org.eclipse.pde.internal.ui.editor.plugin,LoopLabelProvider,0,0,2,2,9,3,0,0,-1.0,0,0
eclipse.pde.ui-20100428-1600,org.eclipse.pde.internal.ui.editor.plugin,ManifestEditor,7,0,43,17,553,139,0,0,0.5116279069767442,20,24
eclipse.pde.ui-20100428-1600,org.eclipse.pde.internal.ui.editor.plugin,ManifestEditorContributor,1,0,10,9,48,12,0,0,0.9,0,5
eclipse.pde.ui-20100428-1600,org.eclipse.pde.internal.ui.editor.plugin,ExternalizeAction,0,0,3,3,17,4,0,0,-1.0,2,3
eclipse.pde.ui-20100428-1600,org.eclipse.pde.internal.ui.editor.plugin,ManifestEditorMatchingStrategy,0,0,1,1,41,9,0,0,-1.0,0,1
eclipse.pde.ui-20100428-1600,org.eclipse.pde.internal.ui.editor.plugin,ManifestHyperlinkDetector,0,0,4,1,50,21,0,0,-1.0,0,4
eclipse.pde.ui-20100428-1600,org.eclipse.pde.internal.ui.editor.plugin,ManifestOutlinePage,0,0,3,1,32,15,0,0,-1.0,0,5
eclipse.pde.ui-20100428-1600,org.eclipse.pde.internal.ui.editor.plugin,ManifestSourcePage,8,0,22,19,160,61,0,0,0.6363636363636364,1,11
eclipse.pde.ui-20100428-1600,org.eclipse.pde.internal.ui.editor.plugin,OutlineLabelProvider,1,0,3,3,24,12,0,0,0.0,0,5
eclipse.pde.ui-20100428-1600,org.eclipse.pde.internal.ui.editor.plugin,ContentProvider,0,0,4,4,35,16,0,0,-1.0,0,1
eclipse.pde.ui-20100428-1600,org.eclipse.pde.internal.ui.editor.plugin,OutlineComparator,0,0,1,1,9,5,0,0,-1.0,0,0
eclipse.pde.ui-20100428-1600,org.eclipse.pde.internal.ui.editor.plugin,MatchSection,7,0,21,12,220,50,0,0,0.09523809523809523,2,7
eclipse.pde.ui-20100428-1600,org.eclipse.pde.internal.ui.editor.plugin,MissingResourcePage,0,0,2,1,19,3,0,0,-1.0,0,1
eclipse.pde.ui-20100428-1600,org.eclipse.pde.internal.ui.editor.plugin,NewElementAction,3,1,3,2,29,4,0,0,0.0,0,4
eclipse.pde.ui-20100428-1600,org.eclipse.pde.internal.ui.editor.plugin,NewRuntimeLibraryDialog,5,0,9,5,71,14,0,0,0.3333333333333333,1,2
eclipse.pde.ui-20100428-1600,org.eclipse.pde.internal.ui.editor.plugin,DuplicateStatusValidator,0,0,1,1,10,5,0,0,-1.0,0,1
eclipse.pde.ui-20100428-1600,org.eclipse.pde.internal.ui.editor.plugin,OverviewPage,5,1,20,3,229,50,0,0,0.15,3,23
eclipse.pde.ui-20100428-1600,org.eclipse.pde.internal.ui.editor.plugin,PackageSelectionDialog,0,0,2,1,17,2,0,0,-1.0,1,2
eclipse.pde.ui-20100428-1600,org.eclipse.pde.internal.ui.editor.plugin,PluginExportAction,1,0,5,4,67,13,0,0,0.4,3,4
eclipse.pde.ui-20100428-1600,org.eclipse.pde.internal.ui.editor.plugin,PluginFoldingStructureProvider,1,0,4,2,47,10,0,0,0.5,0,5
eclipse.pde.ui-20100428-1600,org.eclipse.pde.internal.ui.editor.plugin,PluginGeneralInfoSection,4,0,21,9,151,50,0,1,0.2857142857142857,0,13
eclipse.pde.ui-20100428-1600,org.eclipse.pde.internal.ui.editor.plugin,PluginInputContext,2,1,7,4,104,24,0,0,0.7142857142857143,10,3
eclipse.pde.ui-20100428-1600,org.eclipse.pde.internal.ui.editor.plugin,PluginInputContextManager,1,0,14,4,82,31,0,0,0.21428571428571427,1,7
eclipse.pde.ui-20100428-1600,org.eclipse.pde.internal.ui.editor.plugin,PluginLauncherFormPageHelper,1,0,4,4,14,4,0,0,0.5,0,1
eclipse.pde.ui-20100428-1600,org.eclipse.pde.internal.ui.editor.plugin,PluginUndoManager,0,0,8,2,170,51,0,0,-1.0,0,15
eclipse.pde.ui-20100428-1600,org.eclipse.pde.internal.ui.editor.plugin,RequiresSection,13,0,58,22,657,156,0,0,0.10344827586206896,1,14
eclipse.pde.ui-20100428-1600,org.eclipse.pde.internal.ui.editor.plugin,ImportContentProvider,0,0,1,1,6,2,0,0,-1.0,0,0
eclipse.pde.ui-20100428-1600,org.eclipse.pde.internal.ui.editor.plugin,ResourceAttributeValue,2,0,4,4,17,4,1,0,0.0,0,0
eclipse.pde.ui-20100428-1600,org.eclipse.pde.internal.ui.editor.plugin,RuntimePage,1,1,4,1,31,8,0,0,0.75,3,2
eclipse.pde.ui-20100428-1600,org.eclipse.pde.internal.ui.editor.plugin.rows,BooleanAttributeRow,0,0,4,2,21,6,0,2,-1.0,0,2
eclipse.pde.ui-20100428-1600,org.eclipse.pde.internal.ui.editor.plugin.rows,ButtonAttributeRow,0,0,5,3,31,8,3,3,-1.0,0,4
eclipse.pde.ui-20100428-1600,org.eclipse.pde.internal.ui.editor.plugin.rows,ChoiceAttributeRow,1,0,8,5,78,23,1,1,0.375,0,4
eclipse.pde.ui-20100428-1600,org.eclipse.pde.internal.ui.editor.plugin.rows,ClassAttributeRow,1,0,10,4,54,16,0,4,0.5,0,8
eclipse.pde.ui-20100428-1600,org.eclipse.pde.internal.ui.editor.plugin.rows,ExtensionAttributeRow,6,0,20,11,96,31,2,0,0.15,0,5
eclipse.pde.ui-20100428-1600,org.eclipse.pde.internal.ui.editor.plugin.rows,IdAttributeRow,0,0,6,3,73,17,0,4,-1.0,0,9
eclipse.pde.ui-20100428-1600,org.eclipse.pde.internal.ui.editor.plugin.rows,IdAttributeLabelProvider,0,0,2,2,32,9,0,0,-1.0,0,2
eclipse.pde.ui-20100428-1600,org.eclipse.pde.internal.ui.editor.plugin.rows,ReferenceAttributeRow,0,0,5,2,28,8,2,2,-1.0,0,3
eclipse.pde.ui-20100428-1600,org.eclipse.pde.internal.ui.editor.plugin.rows,ResourceAttributeRow,0,0,10,3,93,25,0,4,-1.0,0,4
eclipse.pde.ui-20100428-1600,org.eclipse.pde.internal.ui.editor.plugin.rows,TextAttributeRow,1,0,10,7,66,13,1,1,0.4,0,6
eclipse.pde.ui-20100428-1600,org.eclipse.pde.internal.ui.editor.plugin.rows,TranslatableAttributeRow,0,0,3,1,22,4,0,3,-1.0,0,3
eclipse.pde.ui-20100428-1600,org.eclipse.pde.internal.ui.editor.product,AboutSection,3,0,19,11,135,24,0,0,0.10526315789473684,0,6
eclipse.pde.ui-20100428-1600,org.eclipse.pde.internal.ui.editor.product,ArgumentsSection,5,0,16,10,131,24,0,0,0.125,0,5
eclipse.pde.ui-20100428-1600,org.eclipse.pde.internal.ui.editor.product,BrandingPage,1,1,4,1,25,4,0,0,0.75,0,1
eclipse.pde.ui-20100428-1600,org.eclipse.pde.internal.ui.editor.product,ConfigurationPage,1,1,3,1,28,4,0,0,0.6666666666666666,0,3
eclipse.pde.ui-20100428-1600,org.eclipse.pde.internal.ui.editor.product,ConfigurationSection,8,0,21,12,213,41,0,0,0.09523809523809523,0,6
eclipse.pde.ui-20100428-1600,org.eclipse.pde.internal.ui.editor.product,DependenciesPage,4,2,5,2,31,6,0,0,0.4,4,2
eclipse.pde.ui-20100428-1600,org.eclipse.pde.internal.ui.editor.product,FeatureSection,3,0,39,15,351,83,0,0,0.15384615384615385,1,16
eclipse.pde.ui-20100428-1600,org.eclipse.pde.internal.ui.editor.product,ContentProvider,0,0,1,1,5,1,0,0,-1.0,0,0
eclipse.pde.ui-20100428-1600,org.eclipse.pde.internal.ui.editor.product,NewFeatureAction,0,0,2,2,9,2,0,0,-1.0,0,2
eclipse.pde.ui-20100428-1600,org.eclipse.pde.internal.ui.editor.product,GeneralInfoSection,5,0,19,11,155,30,0,0,0.10526315789473684,1,5
eclipse.pde.ui-20100428-1600,org.eclipse.pde.internal.ui.editor.product,IntroSection,5,0,18,7,185,48,0,0,0.0,0,20
eclipse.pde.ui-20100428-1600,org.eclipse.pde.internal.ui.editor.product,JRESection,8,0,20,10,199,37,0,0,0.2,0,7
eclipse.pde.ui-20100428-1600,org.eclipse.pde.internal.ui.editor.product,EELabelProvider,0,0,1,1,16,3,0,1,-1.0,0,1
eclipse.pde.ui-20100428-1600,org.eclipse.pde.internal.ui.editor.product,LauncherSection,18,2,40,17,387,71,0,0,0.05,1,8
eclipse.pde.ui-20100428-1600,org.eclipse.pde.internal.ui.editor.product,IconEntry,1,0,6,5,27,6,0,0,0.5,2,3
eclipse.pde.ui-20100428-1600,org.eclipse.pde.internal.ui.editor.product,LaunchingPage,1,1,4,1,25,4,0,0,0.75,0,1
eclipse.pde.ui-20100428-1600,org.eclipse.pde.internal.ui.editor.product,LicenseSection,2,0,14,9,92,18,0,0,0.14285714285714285,0,3
eclipse.pde.ui-20100428-1600,org.eclipse.pde.internal.ui.editor.product,LicensingPage,1,1,3,1,24,3,0,0,0.6666666666666666,0,2
eclipse.pde.ui-20100428-1600,org.eclipse.pde.internal.ui.editor.product,OverviewPage,2,1,9,2,66,15,0,0,0.4444444444444444,1,9
eclipse.pde.ui-20100428-1600,org.eclipse.pde.internal.ui.editor.product,PluginConfigurationSection,4,0,29,12,309,73,0,0,0.3793103448275862,1,9
eclipse.pde.ui-20100428-1600,org.eclipse.pde.internal.ui.editor.product,ContentProvider,1,0,4,3,14,5,0,0,0.75,0,0
eclipse.pde.ui-20100428-1600,org.eclipse.pde.internal.ui.editor.product,LabelProvider,0,0,2,2,18,6,1,0,-1.0,0,1
eclipse.pde.ui-20100428-1600,org.eclipse.pde.internal.ui.editor.product,PluginSection,5,1,47,21,461,108,0,0,0.1702127659574468,3,19
eclipse.pde.ui-20100428-1600,org.eclipse.pde.internal.ui.editor.product,ContentProvider,0,0,1,1,5,1,0,0,-1.0,0,0
eclipse.pde.ui-20100428-1600,org.eclipse.pde.internal.ui.editor.product,NewPluginAction,0,0,2,2,9,2,0,0,-1.0,0,2
eclipse.pde.ui-20100428-1600,org.eclipse.pde.internal.ui.editor.product,NewFragmentAction,0,0,2,2,9,2,0,0,-1.0,0,2
eclipse.pde.ui-20100428-1600,org.eclipse.pde.internal.ui.editor.product,ProductEditor,2,0,20,10,105,25,0,0,0.85,2,10
eclipse.pde.ui-20100428-1600,org.eclipse.pde.internal.ui.editor.product,ProductEditorContributor,0,0,1,1,5,1,0,0,-1.0,0,0
eclipse.pde.ui-20100428-1600,org.eclipse.pde.internal.ui.editor.product,ProductExportAction,2,0,3,3,21,4,0,0,0.0,1,4
eclipse.pde.ui-20100428-1600,org.eclipse.pde.internal.ui.editor.product,ProductInfoSection,6,0,37,23,314,69,0,0,0.24324324324324326,1,10
eclipse.pde.ui-20100428-1600,org.eclipse.pde.internal.ui.editor.product,ExtensionIdComboPart,1,0,9,6,70,25,0,0,0.3333333333333333,0,0
eclipse.pde.ui-20100428-1600,org.eclipse.pde.internal.ui.editor.product,ProductInputContext,1,1,7,3,70,13,0,0,1.0,2,3
eclipse.pde.ui-20100428-1600,org.eclipse.pde.internal.ui.editor.product,ProductInputContextManager,0,0,2,2,12,2,0,0,-1.0,0,3
eclipse.pde.ui-20100428-1600,org.eclipse.pde.internal.ui.editor.product,ProductLauncherFormPageHelper,1,0,6,6,34,8,0,0,0.3333333333333333,1,4
eclipse.pde.ui-20100428-1600,org.eclipse.pde.internal.ui.editor.product,ProductOutlinePage,0,0,4,2,21,8,0,0,-1.0,0,2
eclipse.pde.ui-20100428-1600,org.eclipse.pde.internal.ui.editor.product,ProductValidateAction,1,0,5,2,66,17,0,0,0.0,0,5
eclipse.pde.ui-20100428-1600,org.eclipse.pde.internal.ui.editor.product,SplashConfigurationSection,13,0,48,13,464,83,0,0,0.041666666666666664,0,7
eclipse.pde.ui-20100428-1600,org.eclipse.pde.internal.ui.editor.product,SplashLocationSection,1,0,15,9,98,20,0,0,0.13333333333333333,0,6
eclipse.pde.ui-20100428-1600,org.eclipse.pde.internal.ui.editor.product,SplashPage,1,1,4,1,31,4,0,0,0.75,0,1
eclipse.pde.ui-20100428-1600,org.eclipse.pde.internal.ui.editor.product,VersionDialog,3,0,6,3,36,6,0,0,0.3333333333333333,2,2
eclipse.pde.ui-20100428-1600,org.eclipse.pde.internal.ui.editor.product,WindowImagesSection,4,0,18,10,126,27,0,0,0.1111111111111111,0,6
eclipse.pde.ui-20100428-1600,org.eclipse.pde.internal.ui.editor.schema,AbstractSchemaDetails,15,0,41,21,291,79,5,0,0.07317073170731707,0,8
eclipse.pde.ui-20100428-1600,org.eclipse.pde.internal.ui.editor.schema,DocSection,7,0,25,17,237,59,0,0,0.2,1,5
eclipse.pde.ui-20100428-1600,org.eclipse.pde.internal.ui.editor.schema,ElementSection,7,0,47,18,639,191,0,0,0.1702127659574468,12,11
eclipse.pde.ui-20100428-1600,org.eclipse.pde.internal.ui.editor.schema,ContentProvider,0,0,4,4,36,11,0,0,-1.0,0,0
eclipse.pde.ui-20100428-1600,org.eclipse.pde.internal.ui.editor.schema,ElementSectionDragAdapter,2,0,10,5,82,23,0,0,0.0,2,1
eclipse.pde.ui-20100428-1600,org.eclipse.pde.internal.ui.editor.schema,ElementSectionDropAdapter,3,0,4,3,41,13,0,0,0.5,0,3
eclipse.pde.ui-20100428-1600,org.eclipse.pde.internal.ui.editor.schema,FilteredSchemaAttributeSelectionDialog,7,0,27,16,181,45,0,0,0.7407407407407407,1,6
eclipse.pde.ui-20100428-1600,org.eclipse.pde.internal.ui.editor.schema,ShowOptionalAttributesAction,0,0,2,2,10,2,0,0,-1.0,0,0
eclipse.pde.ui-20100428-1600,org.eclipse.pde.internal.ui.editor.schema,OptionalAttributesFilter,1,0,2,2,14,4,0,0,0.0,1,0
eclipse.pde.ui-20100428-1600,org.eclipse.pde.internal.ui.editor.schema,SchemaListLabelProvider,0,0,4,4,26,9,0,0,-1.0,1,0
eclipse.pde.ui-20100428-1600,org.eclipse.pde.internal.ui.editor.schema,SchemaDetailsLabelProvider,0,0,2,2,13,3,0,0,-1.0,1,0
eclipse.pde.ui-20100428-1600,org.eclipse.pde.internal.ui.editor.schema,SchemaItemsFilter,0,0,2,2,15,3,0,0,-1.0,0,0
eclipse.pde.ui-20100428-1600,org.eclipse.pde.internal.ui.editor.schema,SchemaComparator,0,0,1,1,5,1,0,0,-1.0,0,0
eclipse.pde.ui-20100428-1600,org.eclipse.pde.internal.ui.editor.schema,NewAttributeAction,1,0,5,4,35,7,0,0,0.4,1,5
eclipse.pde.ui-20100428-1600,org.eclipse.pde.internal.ui.editor.schema,NewClassCreationWizard,4,0,3,2,59,16,0,0,0.0,1,1
eclipse.pde.ui-20100428-1600,org.eclipse.pde.internal.ui.editor.schema,NewCompositorAction,3,0,3,2,65,12,0,0,0.0,0,2
eclipse.pde.ui-20100428-1600,org.eclipse.pde.internal.ui.editor.schema,NewElementAction,1,0,5,4,26,6,0,0,0.4,1,4
eclipse.pde.ui-20100428-1600,org.eclipse.pde.internal.ui.editor.schema,NewReferenceAction,2,0,2,2,20,3,0,0,0.0,0,4
eclipse.pde.ui-20100428-1600,org.eclipse.pde.internal.ui.editor.schema,NewRestrictionDialog,2,0,5,3,26,5,0,0,0.6,2,2
eclipse.pde.ui-20100428-1600,org.eclipse.pde.internal.ui.editor.schema,SchemaAttributeDetails,12,0,16,13,199,50,4,1,0.125,0,6
eclipse.pde.ui-20100428-1600,org.eclipse.pde.internal.ui.editor.schema,SchemaAttributeContentProvider,0,0,1,1,8,2,0,0,-1.0,0,0
eclipse.pde.ui-20100428-1600,org.eclipse.pde.internal.ui.editor.schema,SchemaCompositorDetails,3,0,8,8,62,15,0,1,0.375,0,6
eclipse.pde.ui-20100428-1600,org.eclipse.pde.internal.ui.editor.schema,SchemaDtdDetailsSection,2,0,2,1,38,8,0,0,0.0,1,2
eclipse.pde.ui-20100428-1600,org.eclipse.pde.internal.ui.editor.schema,SchemaEditor,1,0,24,12,187,39,0,0,0.8333333333333334,8,11
eclipse.pde.ui-20100428-1600,org.eclipse.pde.internal.ui.editor.schema,SchemaEditorContributor,1,0,8,6,37,9,0,0,0.75,1,3
eclipse.pde.ui-20100428-1600,org.eclipse.pde.internal.ui.editor.schema,PreviewAction,0,0,3,3,15,4,0,0,-1.0,0,2
eclipse.pde.ui-20100428-1600,org.eclipse.pde.internal.ui.editor.schema,SchemaElementDetails,6,0,9,9,99,28,0,1,0.2222222222222222,0,4
eclipse.pde.ui-20100428-1600,org.eclipse.pde.internal.ui.editor.schema,SchemaElementReferenceDetails,3,0,8,8,58,15,0,1,0.375,0,4
eclipse.pde.ui-20100428-1600,org.eclipse.pde.internal.ui.editor.schema,SchemaFormOutlinePage,1,0,12,6,105,32,0,0,0.5,0,6
eclipse.pde.ui-20100428-1600,org.eclipse.pde.internal.ui.editor.schema,SchemaLabelProvider,0,0,2,2,9,2,0,0,-1.0,0,0
eclipse.pde.ui-20100428-1600,org.eclipse.pde.internal.ui.editor.schema,SchemaFormPage,6,1,22,10,171,40,0,0,0.3181818181818182,1,10
eclipse.pde.ui-20100428-1600,org.eclipse.pde.internal.ui.editor.schema,SchemaBlock,0,0,5,3,45,14,0,0,-1.0,1,4
eclipse.pde.ui-20100428-1600,org.eclipse.pde.internal.ui.editor.schema,SchemaIdentifierAttributeDetails,4,0,10,8,152,54,0,2,0.2,2,8
eclipse.pde.ui-20100428-1600,org.eclipse.pde.internal.ui.editor.schema,SchemaIncludesSection,1,0,16,7,179,45,0,0,0.1875,1,12
eclipse.pde.ui-20100428-1600,org.eclipse.pde.internal.ui.editor.schema,PDEProjectFilter,0,0,1,1,15,3,0,0,-1.0,0,1
eclipse.pde.ui-20100428-1600,org.eclipse.pde.internal.ui.editor.schema,SchemaInputContext,1,1,11,3,107,20,0,0,0.7272727272727273,4,3
eclipse.pde.ui-20100428-1600,org.eclipse.pde.internal.ui.editor.schema,SchemaInputContextManager,0,0,3,2,14,3,0,0,-1.0,1,3
eclipse.pde.ui-20100428-1600,org.eclipse.pde.internal.ui.editor.schema,SchemaJavaAttributeDetails,4,0,15,11,141,44,0,2,0.13333333333333333,2,9
eclipse.pde.ui-20100428-1600,org.eclipse.pde.internal.ui.editor.schema,SchemaOtherAttributeDetails,0,0,2,1,7,2,0,2,-1.0,2,1
eclipse.pde.ui-20100428-1600,org.eclipse.pde.internal.ui.editor.schema,SchemaOverviewPage,7,1,15,6,103,18,0,0,0.26666666666666666,4,8
eclipse.pde.ui-20100428-1600,org.eclipse.pde.internal.ui.editor.schema,SchemaPreviewLauncher,0,0,2,1,34,6,0,0,-1.0,0,5
eclipse.pde.ui-20100428-1600,org.eclipse.pde.internal.ui.editor.schema,SchemaRearranger,1,0,14,14,169,43,0,0,0.7857142857142857,1,1
eclipse.pde.ui-20100428-1600,org.eclipse.pde.internal.ui.editor.schema,SchemaRootElementDetails,7,0,8,8,85,18,0,1,0.25,0,5
eclipse.pde.ui-20100428-1600,org.eclipse.pde.internal.ui.editor.schema,SchemaSourcePage,0,0,11,8,36,11,0,0,-1.0,0,2
eclipse.pde.ui-20100428-1600,org.eclipse.pde.internal.ui.editor.schema,SchemaSpecSection,3,0,12,12,84,14,0,0,0.5,1,5
eclipse.pde.ui-20100428-1600,org.eclipse.pde.internal.ui.editor.schema,SchemaStringAttributeDetails,5,0,8,7,135,47,0,2,0.25,2,6
eclipse.pde.ui-20100428-1600,org.eclipse.pde.internal.ui.editor.site,ArchivePage,4,1,3,1,29,3,0,0,1.0,2,7
eclipse.pde.ui-20100428-1600,org.eclipse.pde.internal.ui.editor.site,ArchiveSection,6,0,27,20,230,39,0,0,0.2222222222222222,1,4
eclipse.pde.ui-20100428-1600,org.eclipse.pde.internal.ui.editor.site,FolderProvider,0,0,1,1,11,3,0,0,-1.0,0,0
eclipse.pde.ui-20100428-1600,org.eclipse.pde.internal.ui.editor.site,ContentProvider,0,0,1,1,6,1,0,0,-1.0,0,0
eclipse.pde.ui-20100428-1600,org.eclipse.pde.internal.ui.editor.site,ArchiveLabelProvider,0,0,2,2,15,4,0,0,-1.0,0,0
eclipse.pde.ui-20100428-1600,org.eclipse.pde.internal.ui.editor.site,CategoryDetailsSection,7,0,21,14,220,52,0,0,0.23809523809523808,0,4
eclipse.pde.ui-20100428-1600,org.eclipse.pde.internal.ui.editor.site,CategorySection,12,0,57,29,646,169,0,0,0.22807017543859648,2,11
eclipse.pde.ui-20100428-1600,org.eclipse.pde.internal.ui.editor.site,CategoryContentProvider,0,0,4,4,49,15,0,0,-1.0,0,0
eclipse.pde.ui-20100428-1600,org.eclipse.pde.internal.ui.editor.site,DescriptionSection,3,0,17,13,161,29,0,0,0.23529411764705882,1,4
eclipse.pde.ui-20100428-1600,org.eclipse.pde.internal.ui.editor.site,FeatureDetailsSection,5,0,20,13,153,38,0,0,0.25,0,6
eclipse.pde.ui-20100428-1600,org.eclipse.pde.internal.ui.editor.site,FeaturesPage,3,1,14,6,73,22,0,0,0.6428571428571429,3,7
eclipse.pde.ui-20100428-1600,org.eclipse.pde.internal.ui.editor.site,SiteFeaturesBlock,0,0,5,3,24,13,0,0,-1.0,1,0
eclipse.pde.ui-20100428-1600,org.eclipse.pde.internal.ui.editor.site,MirrorsSection,1,0,13,11,90,19,0,0,0.3076923076923077,1,6
eclipse.pde.ui-20100428-1600,org.eclipse.pde.internal.ui.editor.site,NewArchiveDialog,6,0,13,2,108,25,0,0,0.0,1,2
eclipse.pde.ui-20100428-1600,org.eclipse.pde.internal.ui.editor.site,PortabilitySection,5,0,35,28,259,62,0,0,0.17142857142857143,1,10
eclipse.pde.ui-20100428-1600,org.eclipse.pde.internal.ui.editor.site,SiteEditor,1,0,24,8,159,37,0,0,0.7083333333333334,2,12
eclipse.pde.ui-20100428-1600,org.eclipse.pde.internal.ui.editor.site,SiteEditorContributor,0,0,2,1,8,2,0,0,-1.0,0,0
eclipse.pde.ui-20100428-1600,org.eclipse.pde.internal.ui.editor.site,SiteFeatureAdapter,3,0,4,4,41,9,0,0,0.0,2,2
eclipse.pde.ui-20100428-1600,org.eclipse.pde.internal.ui.editor.site,SiteInputContext,2,1,11,3,126,18,0,0,0.8181818181818182,3,5
eclipse.pde.ui-20100428-1600,org.eclipse.pde.internal.ui.editor.site,SiteInputContextManager,0,0,3,2,14,3,0,0,-1.0,1,3
eclipse.pde.ui-20100428-1600,org.eclipse.pde.internal.ui.editor.site,SiteLabelProvider,5,0,4,4,56,15,0,0,0.0,0,2
eclipse.pde.ui-20100428-1600,org.eclipse.pde.internal.ui.editor.site,SiteOutlinePage,1,0,5,3,65,21,0,0,0.8,0,2
eclipse.pde.ui-20100428-1600,org.eclipse.pde.internal.ui.editor.site,SiteSourcePage,0,0,9,8,27,9,0,0,-1.0,0,0
eclipse.pde.ui-20100428-1600,org.eclipse.pde.internal.ui.editor.site,SiteUndoManager,0,0,7,2,107,29,0,0,-1.0,0,7
eclipse.pde.ui-20100428-1600,org.eclipse.pde.internal.ui.editor.site,SynchronizePropertiesAction,2,0,2,2,14,2,0,0,0.0,0,5
eclipse.pde.ui-20100428-1600,org.eclipse.pde.internal.ui.editor.site,SynchronizePropertiesWizard,3,0,3,3,21,3,0,0,0.0,1,3
eclipse.pde.ui-20100428-1600,org.eclipse.pde.internal.ui.editor.site,SynchronizePropertiesWizardPage,8,2,11,5,165,23,0,0,0.18181818181818182,1,3
eclipse.pde.ui-20100428-1600,org.eclipse.pde.internal.ui.editor.targetdefinition,ArgumentsSection,5,0,11,9,152,22,0,0,0.0,0,6
eclipse.pde.ui-20100428-1600,org.eclipse.pde.internal.ui.editor.targetdefinition,ContentPage,1,1,6,4,45,6,0,0,0.8333333333333334,1,2
eclipse.pde.ui-20100428-1600,org.eclipse.pde.internal.ui.editor.targetdefinition,ContentSection,2,0,5,3,51,5,0,0,0.4,0,5
eclipse.pde.ui-20100428-1600,org.eclipse.pde.internal.ui.editor.targetdefinition,DefinitionPage,1,1,13,7,98,15,0,0,0.5384615384615384,0,4
eclipse.pde.ui-20100428-1600,org.eclipse.pde.internal.ui.editor.targetdefinition,EnvironmentPage,1,1,5,3,45,5,0,0,0.8,1,1
eclipse.pde.ui-20100428-1600,org.eclipse.pde.internal.ui.editor.targetdefinition,EnvironmentSection,10,0,15,9,224,38,0,0,0.0,0,7
eclipse.pde.ui-20100428-1600,org.eclipse.pde.internal.ui.editor.targetdefinition,ImplicitDependenciesSection,6,0,19,9,226,33,0,0,0.15789473684210525,0,3
eclipse.pde.ui-20100428-1600,org.eclipse.pde.internal.ui.editor.targetdefinition,InformationSection,4,0,7,3,68,9,0,0,0.2857142857142857,0,5
eclipse.pde.ui-20100428-1600,org.eclipse.pde.internal.ui.editor.targetdefinition,JRESection,11,0,14,9,187,30,0,0,0.0,0,6
eclipse.pde.ui-20100428-1600,org.eclipse.pde.internal.ui.editor.targetdefinition,LocationsSection,2,0,5,3,51,5,0,0,0.4,0,5
eclipse.pde.ui-20100428-1600,org.eclipse.pde.internal.ui.editor.targetdefinition,SimpleFormEntryAdapter,1,0,9,9,27,9,0,0,0.8888888888888888,0,1
eclipse.pde.ui-20100428-1600,org.eclipse.pde.internal.ui.editor.targetdefinition,TargetEditor,9,0,33,28,358,73,0,0,0.42424242424242425,12,4
eclipse.pde.ui-20100428-1600,org.eclipse.pde.internal.ui.editor.targetdefinition,FileInputListener,1,0,4,4,39,8,0,0,0.75,0,1
eclipse.pde.ui-20100428-1600,org.eclipse.pde.internal.ui.editor.targetdefinition,TargetChangedListener,3,0,8,7,87,26,0,0,0.25,0,1
eclipse.pde.ui-20100428-1600,org.eclipse.pde.internal.ui.editor.targetdefinition,TargetEditorContributor,2,0,4,3,34,8,0,0,0.0,0,1
eclipse.pde.ui-20100428-1600,org.eclipse.pde.internal.ui.editor.targetdefinition,RevertAction,0,0,2,2,8,3,0,0,-1.0,0,0
eclipse.pde.ui-20100428-1600,org.eclipse.pde.internal.ui.editor.text,AbstractHyperlink,2,0,4,4,17,4,5,0,0.75,0,0
eclipse.pde.ui-20100428-1600,org.eclipse.pde.internal.ui.editor.text,AnnotationHover,0,0,3,1,41,12,0,0,-1.0,1,0
eclipse.pde.ui-20100428-1600,org.eclipse.pde.internal.ui.editor.text,AnnotationModelFactory,0,0,1,1,7,2,0,0,-1.0,0,0
eclipse.pde.ui-20100428-1600,org.eclipse.pde.internal.ui.editor.text,ArgumentRule,1,0,5,3,28,6,0,0,0.8,0,0
eclipse.pde.ui-20100428-1600,org.eclipse.pde.internal.ui.editor.text,ArgumentDetector,0,0,2,2,8,2,0,0,-1.0,0,0
eclipse.pde.ui-20100428-1600,org.eclipse.pde.internal.ui.editor.text,BasePDEScanner,1,0,11,4,53,19,4,0,0.18181818181818182,3,4
eclipse.pde.ui-20100428-1600,org.eclipse.pde.internal.ui.editor.text,BundleHyperlink,0,0,2,1,8,2,0,2,-1.0,0,1
eclipse.pde.ui-20100428-1600,org.eclipse.pde.internal.ui.editor.text,ChangeAwareSourceViewerConfiguration,5,0,15,12,107,27,2,0,0.4666666666666667,1,9
eclipse.pde.ui-20100428-1600,org.eclipse.pde.internal.ui.editor.text,ColorManager,3,0,10,7,86,19,0,1,0.3,3,4
eclipse.pde.ui-20100428-1600,org.eclipse.pde.internal.ui.editor.text,ExternalizedStringRule,0,0,5,4,53,12,0,0,-1.0,0,0
eclipse.pde.ui-20100428-1600,org.eclipse.pde.internal.ui.editor.text,ExternalizedStringDetector,0,0,3,3,31,8,0,0,-1.0,0,0
eclipse.pde.ui-20100428-1600,org.eclipse.pde.internal.ui.editor.text,IColorManager,1,1,3,0,6,3,1,0,-1.0,15,0
eclipse.pde.ui-20100428-1600,org.eclipse.pde.internal.ui.editor.text,IControlHoverContentProvider,0,0,1,1,10,1,0,0,-1.0,1,0
eclipse.pde.ui-20100428-1600,org.eclipse.pde.internal.ui.editor.text,IPDEColorConstants,27,0,0,0,29,0,1,0,-1.0,8,0
eclipse.pde.ui-20100428-1600,org.eclipse.pde.internal.ui.editor.text,JavaHyperlink,1,0,2,2,26,5,0,1,0.0,0,2
eclipse.pde.ui-20100428-1600,org.eclipse.pde.internal.ui.editor.text,ManifestConfiguration,11,0,28,23,206,42,0,1,0.6785714285714286,0,10
eclipse.pde.ui-20100428-1600,org.eclipse.pde.internal.ui.editor.text,ManifestHeaderScanner,1,0,4,2,44,5,0,1,0.75,0,2
eclipse.pde.ui-20100428-1600,org.eclipse.pde.internal.ui.editor.text,ManifestValueScanner,2,0,4,2,45,7,0,1,0.75,0,2
eclipse.pde.ui-20100428-1600,org.eclipse.pde.internal.ui.editor.text,AssignmentDetector,0,0,2,2,8,2,0,0,-1.0,0,0
eclipse.pde.ui-20100428-1600,org.eclipse.pde.internal.ui.editor.text,KeywordDetector,0,0,2,2,8,2,0,0,-1.0,0,0
eclipse.pde.ui-20100428-1600,org.eclipse.pde.internal.ui.editor.text,ManifestElementHyperlink,0,0,3,2,16,5,2,1,-1.0,0,0
eclipse.pde.ui-20100428-1600,org.eclipse.pde.internal.ui.editor.text,ManifestPartitionScanner,3,3,1,1,14,1,0,0,0.0,3,0
eclipse.pde.ui-20100428-1600,org.eclipse.pde.internal.ui.editor.text,ManifestTextHover,2,0,3,2,31,9,0,1,0.0,1,6
eclipse.pde.ui-20100428-1600,org.eclipse.pde.internal.ui.editor.text,MultilineDamagerRepairer,0,0,4,4,17,4,0,0,-1.0,1,0
eclipse.pde.ui-20100428-1600,org.eclipse.pde.internal.ui.editor.text,PDEDefaultInformationControl,1,0,3,3,13,3,0,0,0.6666666666666666,0,0
eclipse.pde.ui-20100428-1600,org.eclipse.pde.internal.ui.editor.text,PDEMarkerAnnotationModel,2,0,6,5,25,6,0,0,0.6666666666666666,0,1
eclipse.pde.ui-20100428-1600,org.eclipse.pde.internal.ui.editor.text,PDEMarkerAnnotation,2,0,4,4,17,4,0,0,0.5,0,0
eclipse.pde.ui-20100428-1600,org.eclipse.pde.internal.ui.editor.text,PDEQuickAssistAssistant,8,0,21,20,185,48,0,0,0.5238095238095238,2,3
eclipse.pde.ui-20100428-1600,org.eclipse.pde.internal.ui.editor.text,PDECompletionProposal,3,0,13,13,73,23,0,0,0.46153846153846156,0,1
eclipse.pde.ui-20100428-1600,org.eclipse.pde.internal.ui.editor.text,PDEQuickAssistProcessor,2,0,5,4,90,22,0,0,0.6,0,1
eclipse.pde.ui-20100428-1600,org.eclipse.pde.internal.ui.editor.text,PDESelectAnnotationRulerAction,5,0,5,4,60,15,0,0,0.0,1,0
eclipse.pde.ui-20100428-1600,org.eclipse.pde.internal.ui.editor.text,PDESourceInfoProvider,1,0,4,4,36,8,0,0,0.0,0,2
eclipse.pde.ui-20100428-1600,org.eclipse.pde.internal.ui.editor.text,PDETextHover,0,0,9,9,50,16,2,0,-1.0,4,2
eclipse.pde.ui-20100428-1600,org.eclipse.pde.internal.ui.editor.text,PDEWordFinder,0,0,2,2,45,9,0,0,-1.0,2,0
eclipse.pde.ui-20100428-1600,org.eclipse.pde.internal.ui.editor.text,PackageHyperlink,1,0,2,1,21,4,0,2,0.0,0,4
eclipse.pde.ui-20100428-1600,org.eclipse.pde.internal.ui.editor.text,PluginXMLConfiguration,3,0,4,4,30,7,0,2,0.75,0,5
eclipse.pde.ui-20100428-1600,org.eclipse.pde.internal.ui.editor.text,PluginXMLTextHover,1,0,10,2,99,37,0,1,0.0,1,5
eclipse.pde.ui-20100428-1600,org.eclipse.pde.internal.ui.editor.text,ReconcilingStrategy,2,0,7,6,26,10,0,0,0.2857142857142857,2,1
eclipse.pde.ui-20100428-1600,org.eclipse.pde.internal.ui.editor.text,ResourceHyperlink,1,0,3,2,51,11,0,1,0.0,0,1
eclipse.pde.ui-20100428-1600,org.eclipse.pde.internal.ui.editor.text,SchemaHyperlink,1,0,2,2,10,3,0,1,0.0,0,2
eclipse.pde.ui-20100428-1600,org.eclipse.pde.internal.ui.editor.text,SourceInformationProvider,8,3,10,9,66,20,0,0,0.4,3,2
eclipse.pde.ui-20100428-1600,org.eclipse.pde.internal.ui.editor.text,TranslationHyperlink,2,0,5,4,79,20,0,1,0.0,1,3
eclipse.pde.ui-20100428-1600,org.eclipse.pde.internal.ui.editor.text,XMLConfiguration,7,0,18,13,137,36,1,1,0.6111111111111112,2,18
eclipse.pde.ui-20100428-1600,org.eclipse.pde.internal.ui.editor.text,XMLDoubleClickStrategy,1,0,3,1,42,8,0,0,0.0,1,0
eclipse.pde.ui-20100428-1600,org.eclipse.pde.internal.ui.editor.text,XMLPartitionScanner,3,3,1,1,11,1,0,0,0.0,6,0
eclipse.pde.ui-20100428-1600,org.eclipse.pde.internal.ui.editor.text,XMLReconcilingStrategy,3,0,9,6,102,20,0,0,0.4444444444444444,1,3
eclipse.pde.ui-20100428-1600,org.eclipse.pde.internal.ui.editor.text,SpellingProblemCollector,3,0,4,4,43,6,0,0,0.0,0,0
eclipse.pde.ui-20100428-1600,org.eclipse.pde.internal.ui.editor.text,XMLScanner,2,0,4,2,29,6,0,1,0.75,1,2
eclipse.pde.ui-20100428-1600,org.eclipse.pde.internal.ui.editor.text,XMLStringPartitionScanner,3,3,1,1,18,1,0,0,0.0,3,1
eclipse.pde.ui-20100428-1600,org.eclipse.pde.internal.ui.editor.text,XMLTagRule,0,0,2,1,22,6,0,0,-1.0,0,0
eclipse.pde.ui-20100428-1600,org.eclipse.pde.internal.ui.editor.text,XMLTagScanner,2,0,4,2,32,6,0,1,0.75,1,2
eclipse.pde.ui-20100428-1600,org.eclipse.pde.internal.ui.editor.text,XMLUtil,0,0,10,9,132,33,0,0,-1.0,6,4
eclipse.pde.ui-20100428-1600,org.eclipse.pde.internal.ui.editor.text,XMLWhitespaceDetector,0,0,1,1,5,1,0,0,-1.0,0,0
eclipse.pde.ui-20100428-1600,org.eclipse.pde.internal.ui.editor.validation,AbstractControlValidator,7,1,19,17,141,32,1,1,0.15789473684210525,1,2
eclipse.pde.ui-20100428-1600,org.eclipse.pde.internal.ui.editor.validation,ControlValidationUtility,0,0,6,6,120,18,0,0,-1.0,4,7
eclipse.pde.ui-20100428-1600,org.eclipse.pde.internal.ui.editor.validation,IControlValidator,0,0,7,7,39,7,1,0,-1.0,0,0
eclipse.pde.ui-20100428-1600,org.eclipse.pde.internal.ui.editor.validation,IValidatorMessageHandler,0,0,7,7,43,7,1,0,-1.0,2,0
eclipse.pde.ui-20100428-1600,org.eclipse.pde.internal.ui.editor.validation,TextValidator,3,0,10,3,89,17,0,2,0.0,6,0
eclipse.pde.ui-20100428-1600,org.eclipse.pde.internal.ui.elements,DefaultContentProvider,0,0,3,3,9,3,2,0,-1.0,0,0
eclipse.pde.ui-20100428-1600,org.eclipse.pde.internal.ui.elements,DefaultElement,0,0,4,4,14,4,1,1,-1.0,0,0
eclipse.pde.ui-20100428-1600,org.eclipse.pde.internal.ui.elements,DefaultTableProvider,0,0,0,0,2,0,0,1,-1.0,0,0
eclipse.pde.ui-20100428-1600,org.eclipse.pde.internal.ui.elements,ElementLabelProvider,1,1,3,3,18,5,0,0,1.0,2,1
eclipse.pde.ui-20100428-1600,org.eclipse.pde.internal.ui.elements,ElementList,1,0,8,8,30,9,0,3,0.5,7,1
eclipse.pde.ui-20100428-1600,org.eclipse.pde.internal.ui.elements,IPDEElement,0,0,4,4,6,4,1,0,-1.0,2,0
eclipse.pde.ui-20100428-1600,org.eclipse.pde.internal.ui.elements,ListContentProvider,0,0,2,2,11,3,1,1,-1.0,0,0
eclipse.pde.ui-20100428-1600,org.eclipse.pde.internal.ui.elements,NamedElement,3,0,7,7,28,7,1,2,0.0,3,1
eclipse.pde.ui-20100428-1600,org.eclipse.pde.internal.ui.elements,TreeContentProvider,0,0,8,8,37,12,0,2,-1.0,0,0
eclipse.pde.ui-20100428-1600,org.eclipse.pde.internal.ui.launcher,AbstractPluginBlock,29,0,61,26,810,198,2,0,0.09836065573770492,1,13
eclipse.pde.ui-20100428-1600,org.eclipse.pde.internal.ui.launcher,OSGiLabelProvider,1,0,5,5,49,12,0,0,0.0,0,1
eclipse.pde.ui-20100428-1600,org.eclipse.pde.internal.ui.launcher,Listener,0,0,2,1,44,12,0,0,-1.0,0,0
eclipse.pde.ui-20100428-1600,org.eclipse.pde.internal.ui.launcher,PluginContentProvider,0,0,4,4,23,9,0,0,-1.0,0,1
eclipse.pde.ui-20100428-1600,org.eclipse.pde.internal.ui.launcher,Filter,0,0,1,1,12,2,0,0,-1.0,0,0
eclipse.pde.ui-20100428-1600,org.eclipse.pde.internal.ui.launcher,ApplicationSelectionDialog,4,0,6,2,49,9,0,0,0.5,1,3
eclipse.pde.ui-20100428-1600,org.eclipse.pde.internal.ui.launcher,BaseBlock,7,0,16,5,143,30,3,0,0.0,0,4
eclipse.pde.ui-20100428-1600,org.eclipse.pde.internal.ui.launcher,Listener,0,0,2,2,20,5,0,0,-1.0,0,0
eclipse.pde.ui-20100428-1600,org.eclipse.pde.internal.ui.launcher,BlockAdapter,12,0,10,10,111,24,0,0,0.2,1,4
eclipse.pde.ui-20100428-1600,org.eclipse.pde.internal.ui.launcher,ConfigurationAreaBlock,5,0,9,7,79,16,0,1,0.4444444444444444,1,3
eclipse.pde.ui-20100428-1600,org.eclipse.pde.internal.ui.launcher,ConfigurationTemplateBlock,2,0,14,8,134,28,0,1,0.5,0,4
eclipse.pde.ui-20100428-1600,org.eclipse.pde.internal.ui.launcher,FeatureBlock,32,3,64,44,866,181,0,0,0.21875,1,13
eclipse.pde.ui-20100428-1600,org.eclipse.pde.internal.ui.launcher,FeatureTreeLabelProvider,1,0,6,5,91,24,0,0,0.3333333333333333,0,1
eclipse.pde.ui-20100428-1600,org.eclipse.pde.internal.ui.launcher,ButtonSelectionListener,0,0,12,1,203,46,0,0,-1.0,0,5
eclipse.pde.ui-20100428-1600,org.eclipse.pde.internal.ui.launcher,LocationCellModifier,0,0,5,3,64,18,0,0,-1.0,0,1
eclipse.pde.ui-20100428-1600,org.eclipse.pde.internal.ui.launcher,PluginContentProvider,0,0,6,6,29,11,0,0,-1.0,0,0
eclipse.pde.ui-20100428-1600,org.eclipse.pde.internal.ui.launcher,TreeSorter,2,0,2,2,18,4,0,0,0.0,0,0
eclipse.pde.ui-20100428-1600,org.eclipse.pde.internal.ui.launcher,PluginLaunchModel,2,0,6,6,23,6,0,0,0.0,0,1
eclipse.pde.ui-20100428-1600,org.eclipse.pde.internal.ui.launcher,FeatureLaunchModel,3,3,8,8,55,15,0,0,0.0,0,1
eclipse.pde.ui-20100428-1600,org.eclipse.pde.internal.ui.launcher,FilteredCheckboxTree,10,0,25,14,305,68,0,0,0.4,4,3
eclipse.pde.ui-20100428-1600,org.eclipse.pde.internal.ui.launcher,PreRefreshNotifier,0,0,1,1,6,1,0,0,-1.0,2,1
eclipse.pde.ui-20100428-1600,org.eclipse.pde.internal.ui.launcher,FilterableCheckboxTreeViewer,9,0,18,10,244,58,0,0,0.0,3,2
eclipse.pde.ui-20100428-1600,org.eclipse.pde.internal.ui.launcher,FilteredCheckboxTreeItem,3,0,1,1,16,2,0,0,0.0,0,0
eclipse.pde.ui-20100428-1600,org.eclipse.pde.internal.ui.launcher,GenericExceptionStatusHandler,0,0,1,1,6,1,0,0,-1.0,0,1
eclipse.pde.ui-20100428-1600,org.eclipse.pde.internal.ui.launcher,JREBlock,11,0,24,11,257,52,0,0,0.125,1,7
eclipse.pde.ui-20100428-1600,org.eclipse.pde.internal.ui.launcher,Listener,0,0,2,2,11,4,0,0,-1.0,0,0
eclipse.pde.ui-20100428-1600,org.eclipse.pde.internal.ui.launcher,JUnitProgramBlock,0,0,6,2,37,10,0,1,-1.0,0,5
eclipse.pde.ui-20100428-1600,org.eclipse.pde.internal.ui.launcher,LaunchAction,4,0,19,2,240,55,0,0,0.0,0,22
eclipse.pde.ui-20100428-1600,org.eclipse.pde.internal.ui.launcher,LaunchTerminationStatusHandler,2,2,6,3,53,15,0,0,0.3333333333333333,0,5
eclipse.pde.ui-20100428-1600,org.eclipse.pde.internal.ui.launcher,LauncherUtilsStatusHandler,0,0,14,6,102,24,0,0,-1.0,2,6
eclipse.pde.ui-20100428-1600,org.eclipse.pde.internal.ui.launcher,OSGiBundleBlock,1,0,6,2,75,16,0,1,0.5,0,3
eclipse.pde.ui-20100428-1600,org.eclipse.pde.internal.ui.launcher,OSGiFrameworkBlock,8,0,9,8,118,16,0,0,0.0,0,7
eclipse.pde.ui-20100428-1600,org.eclipse.pde.internal.ui.launcher,Listener,0,0,2,2,11,3,0,0,-1.0,0,0
eclipse.pde.ui-20100428-1600,org.eclipse.pde.internal.ui.launcher,OpenLogDialog,7,1,17,4,178,29,0,0,0.17647058823529413,0,2
eclipse.pde.ui-20100428-1600,org.eclipse.pde.internal.ui.launcher,PDELogFileProvider,0,0,1,1,41,4,0,0,-1.0,0,2
eclipse.pde.ui-20100428-1600,org.eclipse.pde.internal.ui.launcher,PluginBlock,3,0,12,3,198,46,0,1,0.16666666666666666,0,5
eclipse.pde.ui-20100428-1600,org.eclipse.pde.internal.ui.launcher,PluginStatusDialog,3,0,16,10,87,18,0,0,0.5625,4,0
eclipse.pde.ui-20100428-1600,org.eclipse.pde.internal.ui.launcher,ContentProvider,0,0,4,4,14,4,0,0,-1.0,0,0
eclipse.pde.ui-20100428-1600,org.eclipse.pde.internal.ui.launcher,PluginValidationStatusHandler,0,0,4,2,27,7,0,0,-1.0,0,3
eclipse.pde.ui-20100428-1600,org.eclipse.pde.internal.ui.launcher,ProgramBlock,7,0,16,7,143,32,1,0,0.125,0,5
eclipse.pde.ui-20100428-1600,org.eclipse.pde.internal.ui.launcher,Listener,0,0,3,2,35,9,0,0,-1.0,0,1
eclipse.pde.ui-20100428-1600,org.eclipse.pde.internal.ui.launcher,RunWorkbenchAction,0,0,2,2,15,2,0,0,-1.0,0,1
eclipse.pde.ui-20100428-1600,org.eclipse.pde.internal.ui.launcher,SoftwareInstallBlock,2,0,7,7,61,8,0,0,0.42857142857142855,0,4
eclipse.pde.ui-20100428-1600,org.eclipse.pde.internal.ui.launcher,TracingBlock,12,0,30,17,320,63,0,0,0.1,2,11
eclipse.pde.ui-20100428-1600,org.eclipse.pde.internal.ui.launcher,PageBookKey,2,0,3,2,17,4,0,0,0.0,1,1
eclipse.pde.ui-20100428-1600,org.eclipse.pde.internal.ui.launcher,TracingPropertySource,13,0,25,20,179,34,0,0,0.2,1,3
eclipse.pde.ui-20100428-1600,org.eclipse.pde.internal.ui.launcher,PropertyEditor,2,0,6,3,21,6,2,0,0.5,1,0
eclipse.pde.ui-20100428-1600,org.eclipse.pde.internal.ui.launcher,BooleanEditor,1,0,5,5,27,5,0,1,0.4,0,0
eclipse.pde.ui-20100428-1600,org.eclipse.pde.internal.ui.launcher,TextEditor,1,0,5,5,30,5,0,1,0.4,0,0
eclipse.pde.ui-20100428-1600,org.eclipse.pde.internal.ui.launcher,WorkspaceDataBlock,4,0,13,9,108,15,0,1,0.6923076923076923,0,5
eclipse.pde.ui-20100428-1600,org.eclipse.pde.internal.ui.nls,AvailableFilter,4,1,4,3,30,9,0,0,0.0,2,1
eclipse.pde.ui-20100428-1600,org.eclipse.pde.internal.ui.nls,ExternalizeStringsLabelProvider,1,0,4,4,30,9,0,0,0.75,0,3
eclipse.pde.ui-20100428-1600,org.eclipse.pde.internal.ui.nls,ExternalizeStringsOperation,4,0,11,3,139,31,0,0,0.2727272727272727,2,14
eclipse.pde.ui-20100428-1600,org.eclipse.pde.internal.ui.nls,ExternalizeStringsProcessor,1,0,9,9,42,10,0,0,0.6666666666666666,1,2
eclipse.pde.ui-20100428-1600,org.eclipse.pde.internal.ui.nls,ExternalizeStringsWizard,2,0,2,1,16,2,0,0,0.0,1,5
eclipse.pde.ui-20100428-1600,org.eclipse.pde.internal.ui.nls,ExternalizeStringsWizardPage,27,4,39,24,449,86,0,0,0.20512820512820512,2,9
eclipse.pde.ui-20100428-1600,org.eclipse.pde.internal.ui.nls,ModelChangeContentProvider,0,0,6,6,22,8,0,0,-1.0,0,0
eclipse.pde.ui-20100428-1600,org.eclipse.pde.internal.ui.nls,ExternalizeStringsCellModifier,0,0,3,3,28,8,0,0,-1.0,0,2
eclipse.pde.ui-20100428-1600,org.eclipse.pde.internal.ui.nls,GetNonExternalizedStringsAction,3,0,9,9,58,12,0,0,0.4444444444444444,5,7
eclipse.pde.ui-20100428-1600,org.eclipse.pde.internal.ui.nls,GetNonExternalizedStringsOperation,5,0,12,3,136,55,0,0,0.0,1,10
eclipse.pde.ui-20100428-1600,org.eclipse.pde.internal.ui.nls,InternationalizationWizardPage,0,0,4,2,28,4,2,0,-1.0,0,0
eclipse.pde.ui-20100428-1600,org.eclipse.pde.internal.ui.nls,InternationalizeAction,1,0,5,5,45,7,0,0,0.8,0,6
eclipse.pde.ui-20100428-1600,org.eclipse.pde.internal.ui.nls,InternationalizeModelTable,2,0,9,9,67,10,0,0,0.0,5,0
eclipse.pde.ui-20100428-1600,org.eclipse.pde.internal.ui.nls,InternationalizeOperation,4,0,5,5,51,10,0,0,0.4,1,5
eclipse.pde.ui-20100428-1600,org.eclipse.pde.internal.ui.nls,InternationalizeWizard,8,0,14,10,132,20,0,0,0.21428571428571427,2,6
eclipse.pde.ui-20100428-1600,org.eclipse.pde.internal.ui.nls,InternationalizeWizardLocalePage,18,1,43,19,385,68,0,1,0.18604651162790697,1,8
eclipse.pde.ui-20100428-1600,org.eclipse.pde.internal.ui.nls,ContentProvider,0,0,1,1,5,1,0,0,-1.0,0,0
eclipse.pde.ui-20100428-1600,org.eclipse.pde.internal.ui.nls,InternationalizeWizardOpenOperation,1,0,3,3,43,6,0,0,0.0,1,3
eclipse.pde.ui-20100428-1600,org.eclipse.pde.internal.ui.nls,InternationalizeWizardPluginPage,22,1,53,24,508,94,0,1,0.09433962264150944,2,11
eclipse.pde.ui-20100428-1600,org.eclipse.pde.internal.ui.nls,ContentProvider,0,0,1,1,8,1,0,0,-1.0,0,0
eclipse.pde.ui-20100428-1600,org.eclipse.pde.internal.ui.nls,SelectedContentProvider,0,0,1,1,8,1,0,0,-1.0,0,0
eclipse.pde.ui-20100428-1600,org.eclipse.pde.internal.ui.nls,ModelChange,9,1,16,13,112,37,0,0,0.1875,5,6
eclipse.pde.ui-20100428-1600,org.eclipse.pde.internal.ui.nls,ModelChangeElement,10,0,13,11,114,23,0,0,0.15384615384615385,6,4
eclipse.pde.ui-20100428-1600,org.eclipse.pde.internal.ui.nls,ModelChangeFile,4,0,6,2,25,7,0,0,0.3333333333333333,4,2
eclipse.pde.ui-20100428-1600,org.eclipse.pde.internal.ui.nls,ModelChangeLabelProvider,2,0,6,4,43,17,0,0,0.3333333333333333,0,1
eclipse.pde.ui-20100428-1600,org.eclipse.pde.internal.ui.nls,ModelChangeTable,3,0,6,6,33,10,0,0,0.0,4,2
eclipse.pde.ui-20100428-1600,org.eclipse.pde.internal.ui.nls,NLSFragmentGenerator,35,2,39,19,418,77,0,0,0.2564102564102564,2,10
eclipse.pde.ui-20100428-1600,org.eclipse.pde.internal.ui.nls,Filters,2,0,3,3,24,6,0,0,0.0,1,1
eclipse.pde.ui-20100428-1600,org.eclipse.pde.internal.ui.nls,AbstractFilter,1,0,2,2,9,2,0,1,0.0,0,0
eclipse.pde.ui-20100428-1600,org.eclipse.pde.internal.ui.nls,Filter,0,0,2,0,4,2,1,0,-1.0,2,0
eclipse.pde.ui-20100428-1600,org.eclipse.pde.internal.ui.nls,Visitor,0,0,1,0,3,1,0,0,-1.0,1,0
eclipse.pde.ui-20100428-1600,org.eclipse.pde.internal.ui.nls,StringHelper,1,0,6,1,155,57,0,0,0.5,6,1
eclipse.pde.ui-20100428-1600,org.eclipse.pde.internal.ui.parts,CheckboxTablePart,0,0,8,4,37,9,1,3,-1.0,0,0
eclipse.pde.ui-20100428-1600,org.eclipse.pde.internal.ui.parts,ComboPart,1,0,18,18,83,35,0,0,0.1111111111111111,13,0
eclipse.pde.ui-20100428-1600,org.eclipse.pde.internal.ui.parts,ComboViewerPart,4,1,16,16,78,21,0,0,0.125,1,0
eclipse.pde.ui-20100428-1600,org.eclipse.pde.internal.ui.parts,ConditionalListSelectionDialog,3,0,5,4,38,9,0,0,0.0,2,0
eclipse.pde.ui-20100428-1600,org.eclipse.pde.internal.ui.parts,EditableTablePart,2,0,12,9,61,15,0,4,0.5833333333333334,8,2
eclipse.pde.ui-20100428-1600,org.eclipse.pde.internal.ui.parts,RenameAction,0,0,2,2,8,2,0,0,-1.0,0,1
eclipse.pde.ui-20100428-1600,org.eclipse.pde.internal.ui.parts,NameModifier,0,0,3,3,11,3,0,0,-1.0,0,0
eclipse.pde.ui-20100428-1600,org.eclipse.pde.internal.ui.parts,FormBrowser,5,0,5,5,50,10,0,0,0.4,2,0
eclipse.pde.ui-20100428-1600,org.eclipse.pde.internal.ui.parts,FormEntry,8,1,27,22,260,67,0,0,0.07407407407407407,60,3
eclipse.pde.ui-20100428-1600,org.eclipse.pde.internal.ui.parts,IFormEntryListener,0,0,5,0,23,5,0,0,-1.0,1,1
eclipse.pde.ui-20100428-1600,org.eclipse.pde.internal.ui.parts,ILinkLabelProvider,0,0,2,0,4,2,0,0,-1.0,1,0
eclipse.pde.ui-20100428-1600,org.eclipse.pde.internal.ui.parts,MessageLine,3,0,5,4,65,13,0,0,0.4,0,0
eclipse.pde.ui-20100428-1600,org.eclipse.pde.internal.ui.parts,PDESourceViewer,6,0,16,12,183,34,0,0,0.0,4,1
eclipse.pde.ui-20100428-1600,org.eclipse.pde.internal.ui.parts,PluginVersionPart,7,0,26,12,249,57,0,0,0.2692307692307692,3,6
eclipse.pde.ui-20100428-1600,org.eclipse.pde.internal.ui.parts,PluginVersionTablePart,0,0,4,1,36,7,0,4,-1.0,1,1
eclipse.pde.ui-20100428-1600,org.eclipse.pde.internal.ui.parts,PluginVersionContentProvider,0,0,3,3,13,4,0,0,-1.0,0,0
eclipse.pde.ui-20100428-1600,org.eclipse.pde.internal.ui.parts,SharedPart,1,0,6,3,34,9,1,0,0.6666666666666666,0,0
eclipse.pde.ui-20100428-1600,org.eclipse.pde.internal.ui.parts,SharedPartWithButtons,3,0,15,7,97,23,1,1,0.26666666666666666,0,1
eclipse.pde.ui-20100428-1600,org.eclipse.pde.internal.ui.parts,SelectionHandler,0,0,3,2,12,3,0,0,-1.0,1,0
eclipse.pde.ui-20100428-1600,org.eclipse.pde.internal.ui.parts,StatusInfo,2,0,18,18,123,18,0,0,0.3333333333333333,1,1
eclipse.pde.ui-20100428-1600,org.eclipse.pde.internal.ui.parts,StructuredViewerPart,2,0,8,4,37,10,3,2,0.25,2,0
eclipse.pde.ui-20100428-1600,org.eclipse.pde.internal.ui.parts,TablePart,0,0,8,4,37,9,2,3,-1.0,20,0
eclipse.pde.ui-20100428-1600,org.eclipse.pde.internal.ui.parts,TreeMessageDialog,3,0,5,4,28,5,0,0,0.4,0,0
eclipse.pde.ui-20100428-1600,org.eclipse.pde.internal.ui.parts,TreePart,0,0,9,4,40,10,0,3,-1.0,8,0
eclipse.pde.ui-20100428-1600,org.eclipse.pde.internal.ui.parts,WizardCheckboxTablePart,5,0,20,11,111,24,0,4,0.25,4,3
eclipse.pde.ui-20100428-1600,org.eclipse.pde.internal.ui.preferences,AddToJavaSearchJob,4,0,7,5,117,17,0,0,0.2857142857142857,3,9
eclipse.pde.ui-20100428-1600,org.eclipse.pde.internal.ui.preferences,CompilersPreferencePage,4,1,10,7,90,18,0,0,0.3,1,4
eclipse.pde.ui-20100428-1600,org.eclipse.pde.internal.ui.preferences,EditorPreferencePage,3,0,10,6,71,10,0,0,0.4,0,3
eclipse.pde.ui-20100428-1600,org.eclipse.pde.internal.ui.preferences,MainPreferencePage,7,0,8,6,130,15,0,0,0.5,0,4
eclipse.pde.ui-20100428-1600,org.eclipse.pde.internal.ui.preferences,ManifestSyntaxColorTab,1,0,4,1,30,4,0,1,1.0,1,1
eclipse.pde.ui-20100428-1600,org.eclipse.pde.internal.ui.preferences,OSGiFrameworkPreferencePage,3,0,12,9,124,21,0,0,0.3333333333333333,0,5
eclipse.pde.ui-20100428-1600,org.eclipse.pde.internal.ui.preferences,FrameworkLabelProvider,1,0,4,4,42,10,0,0,0.75,0,1
eclipse.pde.ui-20100428-1600,org.eclipse.pde.internal.ui.preferences,PDECompilersConfigurationBlock,51,0,44,24,825,130,0,0,0.06818181818181818,2,9
eclipse.pde.ui-20100428-1600,org.eclipse.pde.internal.ui.preferences,ControlData,2,0,5,5,36,8,0,0,0.0,1,1
eclipse.pde.ui-20100428-1600,org.eclipse.pde.internal.ui.preferences,Key,2,0,6,5,76,11,0,0,0.0,2,0
eclipse.pde.ui-20100428-1600,org.eclipse.pde.internal.ui.preferences,PreferenceInitializer,0,0,1,1,8,1,0,0,-1.0,0,3
eclipse.pde.ui-20100428-1600,org.eclipse.pde.internal.ui.preferences,ProjectSelectionDialog,6,0,11,7,130,16,0,0,0.36363636363636365,1,2
eclipse.pde.ui-20100428-1600,org.eclipse.pde.internal.ui.preferences,ApiJavaElementContentProvider,0,0,1,1,22,4,0,0,-1.0,0,1
eclipse.pde.ui-20100428-1600,org.eclipse.pde.internal.ui.preferences,SyntaxColorTab,11,0,27,20,212,35,2,0,0.14814814814814814,0,2
eclipse.pde.ui-20100428-1600,org.eclipse.pde.internal.ui.preferences,ColorElement,5,0,11,11,60,15,0,0,0.0,0,0
eclipse.pde.ui-20100428-1600,org.eclipse.pde.internal.ui.preferences,TabFolderLayout,0,0,2,0,24,7,0,0,-1.0,0,0
eclipse.pde.ui-20100428-1600,org.eclipse.pde.internal.ui.preferences,TargetPlatformPreferenceNode,1,0,11,11,69,12,0,0,0.8181818181818182,0,2
eclipse.pde.ui-20100428-1600,org.eclipse.pde.internal.ui.preferences,TargetPlatformPreferencePage,18,0,35,21,711,130,0,0,0.2,1,9
eclipse.pde.ui-20100428-1600,org.eclipse.pde.internal.ui.preferences,TargetLabelProvider,2,0,6,4,93,21,0,0,0.0,0,3
eclipse.pde.ui-20100428-1600,org.eclipse.pde.internal.ui.preferences,XMLSyntaxColorTab,1,0,4,1,32,4,0,1,1.0,1,1
eclipse.pde.ui-20100428-1600,org.eclipse.pde.internal.ui.properties,CompilersPropertyPage,4,0,11,6,104,17,0,0,0.18181818181818182,0,2
eclipse.pde.ui-20100428-1600,org.eclipse.pde.internal.ui.properties,PluginDevelopmentPage,2,0,6,3,61,10,0,0,0.5,0,2
eclipse.pde.ui-20100428-1600,org.eclipse.pde.internal.ui.properties,SelfHostingPropertyPage,2,0,11,6,112,23,0,0,0.36363636363636365,0,2
eclipse.pde.ui-20100428-1600,org.eclipse.pde.internal.ui.properties,ContentProvider,0,0,1,1,5,1,0,0,-1.0,0,0
eclipse.pde.ui-20100428-1600,org.eclipse.pde.internal.ui.properties,FolderLabelProvider,0,0,1,1,5,1,0,0,-1.0,0,0
eclipse.pde.ui-20100428-1600,org.eclipse.pde.internal.ui.provisional,IBundeImportWizardPage,0,0,3,3,21,3,0,0,-1.0,1,1
eclipse.pde.ui-20100428-1600,org.eclipse.pde.internal.ui.refactoring,BuildPropertiesChange,0,0,2,1,56,10,0,0,-1.0,3,7
eclipse.pde.ui-20100428-1600,org.eclipse.pde.internal.ui.refactoring,BundleManifestChange,0,0,13,4,186,37,0,0,-1.0,7,10
eclipse.pde.ui-20100428-1600,org.eclipse.pde.internal.ui.refactoring,ContainerMoveParticipant,0,0,1,1,5,1,0,2,-1.0,0,1
eclipse.pde.ui-20100428-1600,org.eclipse.pde.internal.ui.refactoring,ContainerRenameParticipant,0,0,4,2,73,12,0,1,-1.0,0,10
eclipse.pde.ui-20100428-1600,org.eclipse.pde.internal.ui.refactoring,CreateHeaderChangeOperation,5,0,6,3,95,21,0,0,0.0,2,6
eclipse.pde.ui-20100428-1600,org.eclipse.pde.internal.ui.refactoring,FileMoveParticipant,0,0,1,1,5,1,0,2,-1.0,0,1
eclipse.pde.ui-20100428-1600,org.eclipse.pde.internal.ui.refactoring,FileRenameParticipant,0,0,2,1,19,4,0,1,-1.0,0,2
eclipse.pde.ui-20100428-1600,org.eclipse.pde.internal.ui.refactoring,FindReferenceOperation,3,0,6,3,76,20,0,0,0.0,2,2
eclipse.pde.ui-20100428-1600,org.eclipse.pde.internal.ui.refactoring,GeneralRenameIDWizardPage,3,0,9,4,61,11,1,0,0.0,0,2
eclipse.pde.ui-20100428-1600,org.eclipse.pde.internal.ui.refactoring,ManifestPackageMoveParticipant,0,0,5,1,47,14,0,1,-1.0,0,4
eclipse.pde.ui-20100428-1600,org.eclipse.pde.internal.ui.refactoring,ManifestPackageRenameParticipant,0,0,4,1,59,17,0,1,-1.0,0,4
eclipse.pde.ui-20100428-1600,org.eclipse.pde.internal.ui.refactoring,ManifestTypeMoveParticipant,0,0,6,1,50,15,0,1,-1.0,0,5
eclipse.pde.ui-20100428-1600,org.eclipse.pde.internal.ui.refactoring,ManifestTypeRenameParticipant,0,0,4,1,38,8,0,1,-1.0,0,2
eclipse.pde.ui-20100428-1600,org.eclipse.pde.internal.ui.refactoring,MoveFromChange,1,0,5,5,28,6,0,0,0.4,3,1
eclipse.pde.ui-20100428-1600,org.eclipse.pde.internal.ui.refactoring,MovedTextFileChange,1,0,2,2,24,4,0,0,0.0,1,0
eclipse.pde.ui-20100428-1600,org.eclipse.pde.internal.ui.refactoring,PDEMoveParticipant,2,0,8,3,34,10,3,0,0.375,0,1
eclipse.pde.ui-20100428-1600,org.eclipse.pde.internal.ui.refactoring,PDERefactor,1,0,2,2,10,2,0,0,0.0,6,0
eclipse.pde.ui-20100428-1600,org.eclipse.pde.internal.ui.refactoring,PDERefactoringAction,1,0,6,5,26,6,0,0,0.0,5,2
eclipse.pde.ui-20100428-1600,org.eclipse.pde.internal.ui.refactoring,PDERenameParticipant,2,0,11,3,63,23,4,0,0.18181818181818182,0,4
eclipse.pde.ui-20100428-1600,org.eclipse.pde.internal.ui.refactoring,PluginManifestChange,0,0,6,1,109,31,0,0,-1.0,4,6
eclipse.pde.ui-20100428-1600,org.eclipse.pde.internal.ui.refactoring,RefactoringActionFactory,0,0,10,9,44,14,0,0,-1.0,6,4
eclipse.pde.ui-20100428-1600,org.eclipse.pde.internal.ui.refactoring,RefactoringInfo,3,0,8,8,25,8,1,0,0.625,8,0
eclipse.pde.ui-20100428-1600,org.eclipse.pde.internal.ui.refactoring,RefactoringPluginInfo,1,0,4,4,20,6,0,1,0.5,1,2
eclipse.pde.ui-20100428-1600,org.eclipse.pde.internal.ui.refactoring,RenameExtensionPointProcessor,1,0,18,9,100,39,0,0,0.3333333333333333,0,6
eclipse.pde.ui-20100428-1600,org.eclipse.pde.internal.ui.refactoring,RenameExtensionPointWizard,1,0,3,1,21,9,0,0,0.0,0,3
eclipse.pde.ui-20100428-1600,org.eclipse.pde.internal.ui.refactoring,RenamePluginProcessor,2,0,14,10,96,28,0,0,0.35714285714285715,0,8
eclipse.pde.ui-20100428-1600,org.eclipse.pde.internal.ui.refactoring,RenamePluginWizard,1,0,2,1,11,2,0,0,0.0,0,1
eclipse.pde.ui-20100428-1600,org.eclipse.pde.internal.ui.refactoring,RenamePluginWizardPage,2,0,6,2,33,6,0,1,0.5,0,3
eclipse.pde.ui-20100428-1600,org.eclipse.pde.internal.ui.refactoring,RenameProjectChange,5,0,11,9,62,15,0,0,0.2727272727272727,1,4
eclipse.pde.ui-20100428-1600,org.eclipse.pde.internal.ui.refactoring,ResourceMoveParticipant,0,0,5,0,44,15,2,1,-1.0,0,5
eclipse.pde.ui-20100428-1600,org.eclipse.pde.internal.ui.search,AbstractSearchResultPage,3,0,12,6,51,18,1,0,0.4166666666666667,0,0
eclipse.pde.ui-20100428-1600,org.eclipse.pde.internal.ui.search,ContentProvider,2,0,5,5,28,9,0,0,0.6,0,0
eclipse.pde.ui-20100428-1600,org.eclipse.pde.internal.ui.search,BaseSearchAction,0,0,3,2,10,3,2,0,-1.0,0,0
eclipse.pde.ui-20100428-1600,org.eclipse.pde.internal.ui.search,ClassSearchParticipant,13,0,16,4,206,59,0,0,0.25,0,9
eclipse.pde.ui-20100428-1600,org.eclipse.pde.internal.ui.search,FindDeclarationsAction,1,0,2,1,32,6,0,1,0.0,1,2
eclipse.pde.ui-20100428-1600,org.eclipse.pde.internal.ui.search,FindPluginReferencesAction,1,0,4,3,30,8,0,0,0.5,0,3
eclipse.pde.ui-20100428-1600,org.eclipse.pde.internal.ui.search,FindReferencesAction,2,0,4,2,52,11,0,1,0.5,0,2
eclipse.pde.ui-20100428-1600,org.eclipse.pde.internal.ui.search,ManifestEditorOpener,0,0,8,4,102,24,0,0,-1.0,5,3
eclipse.pde.ui-20100428-1600,org.eclipse.pde.internal.ui.search,OpenPluginSearchPageAction,2,0,5,4,23,7,0,0,0.4,0,1
eclipse.pde.ui-20100428-1600,org.eclipse.pde.internal.ui.search,PluginSearchActionGroup,1,0,8,2,99,26,0,0,0.0,6,4
eclipse.pde.ui-20100428-1600,org.eclipse.pde.internal.ui.search,PluginSearchPage,15,7,21,8,238,57,0,0,0.0,0,3
eclipse.pde.ui-20100428-1600,org.eclipse.pde.internal.ui.search,QueryData,7,7,1,1,15,3,0,0,0.0,0,0
eclipse.pde.ui-20100428-1600,org.eclipse.pde.internal.ui.search,PluginSearchQuery,2,0,7,7,37,10,0,0,0.5714285714285714,0,2
eclipse.pde.ui-20100428-1600,org.eclipse.pde.internal.ui.search,PluginSearchResultPage,0,0,8,4,56,13,0,1,-1.0,0,5
eclipse.pde.ui-20100428-1600,org.eclipse.pde.internal.ui.search,SearchLabelProvider,0,0,2,2,18,6,0,0,-1.0,0,1
eclipse.pde.ui-20100428-1600,org.eclipse.pde.internal.ui.search,PreviewReferenceAction,2,0,3,3,32,7,0,0,0.6666666666666666,1,3
eclipse.pde.ui-20100428-1600,org.eclipse.pde.internal.ui.search,SearchResult,1,0,11,9,78,24,0,0,0.5454545454545454,1,6
eclipse.pde.ui-20100428-1600,org.eclipse.pde.internal.ui.search,ShowDescriptionAction,5,0,16,8,169,29,0,0,0.125,5,7
eclipse.pde.ui-20100428-1600,org.eclipse.pde.internal.ui.search.dependencies,AddNewBinaryDependenciesOperation,1,0,3,2,37,9,0,1,0.6666666666666666,0,7
eclipse.pde.ui-20100428-1600,org.eclipse.pde.internal.ui.search.dependencies,AddNewDependenciesAction,2,0,8,6,53,11,0,0,0.625,1,3
eclipse.pde.ui-20100428-1600,org.eclipse.pde.internal.ui.search.dependencies,AddDependenciesOperation,0,0,3,2,14,4,0,1,-1.0,0,1
eclipse.pde.ui-20100428-1600,org.eclipse.pde.internal.ui.search.dependencies,AddNewDependenciesOperation,4,0,23,4,364,99,2,0,0.13043478260869565,1,12
eclipse.pde.ui-20100428-1600,org.eclipse.pde.internal.ui.search.dependencies,ReferenceFinder,1,0,2,2,9,2,0,0,0.0,1,0
eclipse.pde.ui-20100428-1600,org.eclipse.pde.internal.ui.search.dependencies,CalculateUsesAction,2,0,7,4,47,10,0,0,0.42857142857142855,0,3
eclipse.pde.ui-20100428-1600,org.eclipse.pde.internal.ui.search.dependencies,CalculateUsesOperation,2,0,11,1,146,41,0,0,0.0,1,3
eclipse.pde.ui-20100428-1600,org.eclipse.pde.internal.ui.search.dependencies,DependencyCalculator,2,0,10,5,77,31,0,0,0.0,2,2
eclipse.pde.ui-20100428-1600,org.eclipse.pde.internal.ui.search.dependencies,DependencyExtentAction,2,0,2,2,13,2,0,0,0.0,0,1
eclipse.pde.ui-20100428-1600,org.eclipse.pde.internal.ui.search.dependencies,DependencyExtentOperation,6,0,10,6,109,31,0,0,0.3,1,3
eclipse.pde.ui-20100428-1600,org.eclipse.pde.internal.ui.search.dependencies,TypeReferenceSearchRequestor,1,0,2,2,11,3,0,0,0.0,0,0
eclipse.pde.ui-20100428-1600,org.eclipse.pde.internal.ui.search.dependencies,TypeDeclarationSearchRequestor,1,0,2,2,9,3,0,0,0.0,0,0
eclipse.pde.ui-20100428-1600,org.eclipse.pde.internal.ui.search.dependencies,DependencyExtentQuery,3,0,7,7,43,10,0,0,0.42857142857142855,1,2
eclipse.pde.ui-20100428-1600,org.eclipse.pde.internal.ui.search.dependencies,DependencyExtentSearchResult,0,0,10,9,59,15,0,0,-1.0,1,2
eclipse.pde.ui-20100428-1600,org.eclipse.pde.internal.ui.search.dependencies,DependencyExtentSearchResultPage,0,0,11,6,94,24,0,0,-1.0,0,4
eclipse.pde.ui-20100428-1600,org.eclipse.pde.internal.ui.search.dependencies,Comparator,0,0,1,1,13,3,0,0,-1.0,0,0
eclipse.pde.ui-20100428-1600,org.eclipse.pde.internal.ui.search.dependencies,LabelProvider,0,0,2,2,22,10,0,0,-1.0,0,1
eclipse.pde.ui-20100428-1600,org.eclipse.pde.internal.ui.search.dependencies,GatherUnusedDependenciesOperation,3,0,13,6,204,52,0,0,0.23076923076923078,2,3
eclipse.pde.ui-20100428-1600,org.eclipse.pde.internal.ui.search.dependencies,Requestor,1,0,2,2,9,2,0,0,0.0,0,0
eclipse.pde.ui-20100428-1600,org.eclipse.pde.internal.ui.search.dependencies,JavaEditorOpener,0,0,2,1,34,7,0,0,-1.0,2,1
eclipse.pde.ui-20100428-1600,org.eclipse.pde.internal.ui.search.dependencies,PackageFinder,0,0,7,2,179,49,0,0,-1.0,2,4
eclipse.pde.ui-20100428-1600,org.eclipse.pde.internal.ui.search.dependencies,ShowResultsAction,3,0,6,5,49,8,0,0,0.5,0,4
eclipse.pde.ui-20100428-1600,org.eclipse.pde.internal.ui.search.dependencies,UnusedDependenciesAction,2,0,2,2,15,2,0,0,0.0,0,4
eclipse.pde.ui-20100428-1600,org.eclipse.pde.internal.ui.search.dependencies,UnusedDependenciesJob,2,0,5,2,35,5,0,0,0.0,0,4
eclipse.pde.ui-20100428-1600,org.eclipse.pde.internal.ui.search.dependencies,UnusedImportsDialog,4,0,7,3,57,9,0,0,0.5714285714285714,1,3
eclipse.pde.ui-20100428-1600,org.eclipse.pde.internal.ui.search.dependencies,Comparator,0,0,1,1,7,3,0,0,-1.0,0,0
eclipse.pde.ui-20100428-1600,org.eclipse.pde.internal.ui.search.dependencies,ContentProvider,0,0,1,1,5,1,0,0,-1.0,0,0
eclipse.pde.ui-20100428-1600,org.eclipse.pde.internal.ui.search.dialogs,FilteredIUSelectionDialog,6,0,21,15,170,46,0,0,0.6190476190476191,1,3
eclipse.pde.ui-20100428-1600,org.eclipse.pde.internal.ui.search.dialogs,IUWrapperLabelProvider,1,0,5,5,48,10,0,0,0.4,0,1
eclipse.pde.ui-20100428-1600,org.eclipse.pde.internal.ui.search.dialogs,IUItemsFilter,1,0,6,6,32,13,0,0,0.5,0,0
eclipse.pde.ui-20100428-1600,org.eclipse.pde.internal.ui.search.dialogs,FilteredPluginArtifactsSelectionDialog,28,0,51,28,589,146,0,0,0.6470588235294118,1,7
eclipse.pde.ui-20100428-1600,org.eclipse.pde.internal.ui.search.dialogs,SearchLabelProvider,0,0,4,4,40,12,0,0,-1.0,1,2
eclipse.pde.ui-20100428-1600,org.eclipse.pde.internal.ui.search.dialogs,DetailedLabelProvider,0,0,3,2,58,14,0,0,-1.0,0,1
eclipse.pde.ui-20100428-1600,org.eclipse.pde.internal.ui.search.dialogs,ExtensionsFilter,1,0,2,2,13,4,0,0,0.0,1,0
eclipse.pde.ui-20100428-1600,org.eclipse.pde.internal.ui.search.dialogs,ExtensionPointsFilter,1,0,2,2,13,4,0,0,0.0,1,0
eclipse.pde.ui-20100428-1600,org.eclipse.pde.internal.ui.search.dialogs,ExportedPackagesFilter,1,0,2,2,13,4,0,0,0.0,1,0
eclipse.pde.ui-20100428-1600,org.eclipse.pde.internal.ui.search.dialogs,FeaturesFilter,1,0,2,2,13,4,0,0,0.0,1,0
eclipse.pde.ui-20100428-1600,org.eclipse.pde.internal.ui.search.dialogs,ExtensionsAction,0,0,2,2,10,2,0,0,-1.0,0,0
eclipse.pde.ui-20100428-1600,org.eclipse.pde.internal.ui.search.dialogs,ExtensionPointsAction,0,0,2,2,10,2,0,0,-1.0,0,0
eclipse.pde.ui-20100428-1600,org.eclipse.pde.internal.ui.search.dialogs,ExportedPackagesAction,0,0,2,2,10,2,0,0,-1.0,0,0
eclipse.pde.ui-20100428-1600,org.eclipse.pde.internal.ui.search.dialogs,FeaturesAction,0,0,2,2,10,2,0,0,-1.0,0,0
eclipse.pde.ui-20100428-1600,org.eclipse.pde.internal.ui.search.dialogs,PluginSearchSelectionHistory,4,0,4,0,111,31,0,0,0.0,0,2
eclipse.pde.ui-20100428-1600,org.eclipse.pde.internal.ui.search.dialogs,PluginSearchItemsFilter,0,0,3,2,46,12,0,0,-1.0,0,1
eclipse.pde.ui-20100428-1600,org.eclipse.pde.internal.ui.search.dialogs,PluginSearchComparator,0,0,7,1,70,20,0,0,-1.0,0,1
eclipse.pde.ui-20100428-1600,org.eclipse.pde.internal.ui.search.dialogs,IUPackage,3,0,4,4,38,4,0,0,0.0,2,0
eclipse.pde.ui-20100428-1600,org.eclipse.pde.internal.ui.search.dialogs,PluginArtifactSearchHandler,0,0,2,1,32,6,0,0,-1.0,0,4
eclipse.pde.ui-20100428-1600,org.eclipse.pde.internal.ui.search.dialogs,TargetRepositorySearchHandler,0,0,2,1,57,9,0,0,-1.0,1,5
eclipse.pde.ui-20100428-1600,org.eclipse.pde.internal.ui.shared,CachedCheckboxTreeViewer,1,0,12,9,182,44,0,0,0.0,5,0
eclipse.pde.ui-20100428-1600,org.eclipse.pde.internal.ui.shared,FilteredCheckboxTree,3,0,10,6,81,17,0,0,0.4,3,1
eclipse.pde.ui-20100428-1600,org.eclipse.pde.internal.ui.shared.target,AddBundleContainerSelectionPage,12,0,39,32,432,112,0,0,0.2564102564102564,2,7
eclipse.pde.ui-20100428-1600,org.eclipse.pde.internal.ui.shared.target,AbstractBundleContainerNode,4,0,9,9,42,11,0,0,0.3333333333333333,0,0
eclipse.pde.ui-20100428-1600,org.eclipse.pde.internal.ui.shared.target,AddBundleContainerWizard,1,0,3,3,19,3,0,0,0.6666666666666666,1,2
eclipse.pde.ui-20100428-1600,org.eclipse.pde.internal.ui.shared.target,AddFeatureContainersPage,4,0,15,6,227,38,0,2,0.3333333333333333,0,3
eclipse.pde.ui-20100428-1600,org.eclipse.pde.internal.ui.shared.target,ArgumentsFromContainerSelectionDialog,6,0,19,12,201,44,0,0,0.47368421052631576,1,3
eclipse.pde.ui-20100428-1600,org.eclipse.pde.internal.ui.shared.target,EditBundleContainerWizard,3,0,4,4,54,11,0,0,0.0,1,6
eclipse.pde.ui-20100428-1600,org.eclipse.pde.internal.ui.shared.target,EditDirectoryContainerPage,8,0,21,9,305,54,3,1,0.14285714285714285,3,6
eclipse.pde.ui-20100428-1600,org.eclipse.pde.internal.ui.shared.target,CreateContainerJob,0,0,2,2,27,4,0,0,-1.0,0,0
eclipse.pde.ui-20100428-1600,org.eclipse.pde.internal.ui.shared.target,EditFeatureContainerPage,0,0,8,2,45,8,0,2,-1.0,0,3
eclipse.pde.ui-20100428-1600,org.eclipse.pde.internal.ui.shared.target,EditIUContainerPage,20,0,23,11,392,62,0,1,0.0,0,3
eclipse.pde.ui-20100428-1600,org.eclipse.pde.internal.ui.shared.target,EditProfileContainerPage,8,0,15,7,206,41,0,2,0.26666666666666666,1,4
eclipse.pde.ui-20100428-1600,org.eclipse.pde.internal.ui.shared.target,IEditBundleContainerPage,0,0,2,2,15,2,2,0,-1.0,1,0
eclipse.pde.ui-20100428-1600,org.eclipse.pde.internal.ui.shared.target,ITargetChangedListener,0,0,1,1,16,1,0,0,-1.0,2,1
eclipse.pde.ui-20100428-1600,org.eclipse.pde.internal.ui.shared.target,Messages,109,108,1,0,116,1,0,0,0.0,14,0
eclipse.pde.ui-20100428-1600,org.eclipse.pde.internal.ui.shared.target,PreviewContainerPage,4,0,5,3,72,12,0,0,0.0,0,4
eclipse.pde.ui-20100428-1600,org.eclipse.pde.internal.ui.shared.target,StyledBundleLabelProvider,3,0,9,5,259,54,0,0,0.2222222222222222,0,9
eclipse.pde.ui-20100428-1600,org.eclipse.pde.internal.ui.shared.target,TargetContentsGroup,29,0,50,34,1034,191,0,0,0.16,2,12
eclipse.pde.ui-20100428-1600,org.eclipse.pde.internal.ui.shared.target,TreeContentProvider,0,0,6,6,63,17,0,0,-1.0,0,0
eclipse.pde.ui-20100428-1600,org.eclipse.pde.internal.ui.shared.target,TargetLocationsGroup,7,0,29,19,380,74,0,0,0.27586206896551724,2,7
eclipse.pde.ui-20100428-1600,org.eclipse.pde.internal.ui.shared.target,BundleContainerContentProvider,0,0,6,6,77,22,0,0,-1.0,0,0
eclipse.pde.ui-20100428-1600,org.eclipse.pde.internal.ui.util,AbstractOverlayIcon,4,0,9,2,79,27,2,0,0.2222222222222222,0,0
eclipse.pde.ui-20100428-1600,org.eclipse.pde.internal.ui.util,ChoicePropertyDescriptor,1,0,2,2,24,3,0,0,0.0,0,0
eclipse.pde.ui-20100428-1600,org.eclipse.pde.internal.ui.util,FileExtensionFilter,1,0,2,2,23,7,0,0,0.0,0,0
eclipse.pde.ui-20100428-1600,org.eclipse.pde.internal.ui.util,FileExtensionsFilter,1,0,5,3,62,12,0,0,0.0,3,0
eclipse.pde.ui-20100428-1600,org.eclipse.pde.internal.ui.util,FileNameFilter,1,0,2,2,23,7,0,0,0.0,0,0
eclipse.pde.ui-20100428-1600,org.eclipse.pde.internal.ui.util,FileValidator,0,0,1,1,8,2,0,0,-1.0,0,1
eclipse.pde.ui-20100428-1600,org.eclipse.pde.internal.ui.util,ImageOverlayIcon,1,0,3,2,16,3,0,1,0.0,2,0
eclipse.pde.ui-20100428-1600,org.eclipse.pde.internal.ui.util,LocaleUtil,0,0,3,3,39,9,0,0,-1.0,3,0
eclipse.pde.ui-20100428-1600,org.eclipse.pde.internal.ui.util,ModelModification,5,0,13,4,84,24,0,0,0.23076923076923078,14,4
eclipse.pde.ui-20100428-1600,org.eclipse.pde.internal.ui.util,OSGiConsole,2,1,6,3,26,6,0,0,0.8333333333333334,2,4
eclipse.pde.ui-20100428-1600,org.eclipse.pde.internal.ui.util,OSGiConsoleFactory,1,0,4,3,20,5,0,0,0.0,1,1
eclipse.pde.ui-20100428-1600,org.eclipse.pde.internal.ui.util,OverlayIcon,1,0,3,2,17,4,0,1,0.6666666666666666,1,0
eclipse.pde.ui-20100428-1600,org.eclipse.pde.internal.ui.util,PDEJavaHelperUI,1,0,8,6,178,29,0,0,0.625,11,9
eclipse.pde.ui-20100428-1600,org.eclipse.pde.internal.ui.util,PDELabelUtility,0,0,7,5,158,37,0,0,-1.0,15,1
eclipse.pde.ui-20100428-1600,org.eclipse.pde.internal.ui.util,PDEModelUtility,4,1,25,13,384,105,0,0,0.16,33,15
eclipse.pde.ui-20100428-1600,org.eclipse.pde.internal.ui.util,PersistablePluginObject,4,2,11,10,59,19,0,0,0.2727272727272727,2,5
eclipse.pde.ui-20100428-1600,org.eclipse.pde.internal.ui.util,PluginAdapter,0,0,2,2,18,5,0,0,-1.0,0,3
eclipse.pde.ui-20100428-1600,org.eclipse.pde.internal.ui.util,PluginContainmentAdapter,0,0,2,2,10,3,0,0,-1.0,1,1
eclipse.pde.ui-20100428-1600,org.eclipse.pde.internal.ui.util,PluginWorkingSet,5,0,23,20,201,41,0,0,0.6086956521739131,0,4
eclipse.pde.ui-20100428-1600,org.eclipse.pde.internal.ui.util,ContentProvider,0,0,4,4,14,4,0,0,-1.0,0,0
eclipse.pde.ui-20100428-1600,org.eclipse.pde.internal.ui.util,WorkingSetLabelProvider,1,0,4,4,22,6,0,0,1.0,0,1
eclipse.pde.ui-20100428-1600,org.eclipse.pde.internal.ui.util,CheckboxFilteredTree,0,0,3,2,11,3,0,0,-1.0,0,0
eclipse.pde.ui-20100428-1600,org.eclipse.pde.internal.ui.util,SWTUtil,0,0,5,5,54,14,0,0,-1.0,51,1
eclipse.pde.ui-20100428-1600,org.eclipse.pde.internal.ui.util,SharedLabelProvider,15,12,19,12,184,57,0,0,0.21052631578947367,15,5
eclipse.pde.ui-20100428-1600,org.eclipse.pde.internal.ui.util,SourcePluginFilter,1,0,4,4,25,7,0,0,0.0,2,4
eclipse.pde.ui-20100428-1600,org.eclipse.pde.internal.ui.util,StringMatcher,11,0,13,7,275,72,0,0,0.0,3,1
eclipse.pde.ui-20100428-1600,org.eclipse.pde.internal.ui.util,Position,2,0,3,3,14,3,0,0,0.0,0,0
eclipse.pde.ui-20100428-1600,org.eclipse.pde.internal.ui.util,TemplateFileGenerator,11,5,19,6,516,108,0,0,0.0,0,5
eclipse.pde.ui-20100428-1600,org.eclipse.pde.internal.ui.util,TextUtil,1,0,7,4,101,41,0,0,0.42857142857142855,9,3
eclipse.pde.ui-20100428-1600,org.eclipse.pde.internal.ui.views.dependencies,CalleesContentProvider,1,0,4,1,69,22,2,1,0.5,0,2
eclipse.pde.ui-20100428-1600,org.eclipse.pde.internal.ui.views.dependencies,CalleesListContentProvider,1,0,4,4,53,16,0,2,0.5,0,3
eclipse.pde.ui-20100428-1600,org.eclipse.pde.internal.ui.views.dependencies,CalleesTreeContentProvider,0,0,5,5,48,11,0,2,-1.0,0,1
eclipse.pde.ui-20100428-1600,org.eclipse.pde.internal.ui.views.dependencies,CallersContentProvider,0,0,2,1,14,4,2,1,-1.0,0,1
eclipse.pde.ui-20100428-1600,org.eclipse.pde.internal.ui.views.dependencies,CallersListContentProvider,0,0,2,2,37,8,0,2,-1.0,0,1
eclipse.pde.ui-20100428-1600,org.eclipse.pde.internal.ui.views.dependencies,CallersTreeContentProvider,0,0,5,5,42,9,0,2,-1.0,0,1
eclipse.pde.ui-20100428-1600,org.eclipse.pde.internal.ui.views.dependencies,DependenciesLabelProvider,2,0,5,5,100,37,0,0,0.0,4,1
eclipse.pde.ui-20100428-1600,org.eclipse.pde.internal.ui.views.dependencies,DependenciesView,20,1,52,33,459,107,0,0,0.34615384615384615,13,6
eclipse.pde.ui-20100428-1600,org.eclipse.pde.internal.ui.views.dependencies,DummyPart,0,0,10,10,27,10,0,0,-1.0,0,0
eclipse.pde.ui-20100428-1600,org.eclipse.pde.internal.ui.views.dependencies,ShowLoopsAction,0,0,2,2,15,2,0,0,-1.0,0,1
eclipse.pde.ui-20100428-1600,org.eclipse.pde.internal.ui.views.dependencies,ShowCalleesAction,0,0,2,2,16,3,0,0,-1.0,0,0
eclipse.pde.ui-20100428-1600,org.eclipse.pde.internal.ui.views.dependencies,ShowCallersAction,0,0,2,2,16,3,0,0,-1.0,0,0
eclipse.pde.ui-20100428-1600,org.eclipse.pde.internal.ui.views.dependencies,ShowListAction,0,0,2,2,16,3,0,0,-1.0,0,0
eclipse.pde.ui-20100428-1600,org.eclipse.pde.internal.ui.views.dependencies,ShowTreeAction,0,0,2,2,16,3,0,0,-1.0,0,0
eclipse.pde.ui-20100428-1600,org.eclipse.pde.internal.ui.views.dependencies,DependenciesViewComparator,1,0,4,2,25,9,0,0,0.75,3,2
eclipse.pde.ui-20100428-1600,org.eclipse.pde.internal.ui.views.dependencies,DependenciesViewListPage,0,0,5,2,33,8,0,1,-1.0,0,2
eclipse.pde.ui-20100428-1600,org.eclipse.pde.internal.ui.views.dependencies,DependenciesViewPage,13,0,36,19,353,95,2,0,0.05555555555555555,0,7
eclipse.pde.ui-20100428-1600,org.eclipse.pde.internal.ui.views.dependencies,FocusOnSelectionAction,0,0,2,2,11,2,0,0,-1.0,0,0
eclipse.pde.ui-20100428-1600,org.eclipse.pde.internal.ui.views.dependencies,FragmentFilter,0,0,1,1,20,6,0,0,-1.0,0,0
eclipse.pde.ui-20100428-1600,org.eclipse.pde.internal.ui.views.dependencies,DependenciesViewPageContentProvider,2,0,9,7,72,25,2,0,0.2222222222222222,0,3
eclipse.pde.ui-20100428-1600,org.eclipse.pde.internal.ui.views.dependencies,DependenciesViewTreePage,2,0,9,6,58,15,0,1,0.6666666666666666,0,4
eclipse.pde.ui-20100428-1600,org.eclipse.pde.internal.ui.views.dependencies,CollapseAllAction,0,0,2,2,14,2,0,0,-1.0,0,2
eclipse.pde.ui-20100428-1600,org.eclipse.pde.internal.ui.views.dependencies,OptionalFilter,0,0,1,1,9,3,0,0,-1.0,0,0
eclipse.pde.ui-20100428-1600,org.eclipse.pde.internal.ui.views.dependencies,HistoryAction,3,0,7,6,50,7,0,0,0.2857142857142857,1,2
eclipse.pde.ui-20100428-1600,org.eclipse.pde.internal.ui.views.dependencies,ImageImageDescriptor,1,0,4,4,22,4,0,0,0.0,0,0
eclipse.pde.ui-20100428-1600,org.eclipse.pde.internal.ui.views.dependencies,HistoryDropDownAction,3,1,7,5,55,11,0,0,0.2857142857142857,1,4
eclipse.pde.ui-20100428-1600,org.eclipse.pde.internal.ui.views.dependencies,HistoryListAction,1,0,2,2,24,4,0,0,0.0,0,3
eclipse.pde.ui-20100428-1600,org.eclipse.pde.internal.ui.views.dependencies,HistoryListDialog,5,0,14,9,143,23,0,0,0.2857142857142857,1,7
eclipse.pde.ui-20100428-1600,org.eclipse.pde.internal.ui.views.dependencies,ContentProvider,0,0,1,1,5,1,0,0,-1.0,0,0
eclipse.pde.ui-20100428-1600,org.eclipse.pde.internal.ui.views.dependencies,OpenDependenciesAction,1,0,5,4,33,11,0,0,0.6,0,0
eclipse.pde.ui-20100428-1600,org.eclipse.pde.internal.ui.views.dependencies,OpenPluginDependenciesAction,1,0,2,2,15,2,0,0,0.0,0,3
eclipse.pde.ui-20100428-1600,org.eclipse.pde.internal.ui.views.dependencies,OpenPluginReferencesAction,1,0,2,2,15,2,0,0,0.0,0,3
eclipse.pde.ui-20100428-1600,org.eclipse.pde.internal.ui.views.plugins,AddAllPluginsToJavaSearchHandler,0,0,1,1,16,1,0,0,-1.0,0,3
eclipse.pde.ui-20100428-1600,org.eclipse.pde.internal.ui.views.plugins,CopyToClipboardAction,2,0,6,2,52,14,0,0,0.3333333333333333,1,1
eclipse.pde.ui-20100428-1600,org.eclipse.pde.internal.ui.views.plugins,ImportActionGroup,2,0,6,3,65,20,0,0,0.3333333333333333,3,4
eclipse.pde.ui-20100428-1600,org.eclipse.pde.internal.ui.views.plugins,ImportAction,2,0,2,1,22,5,0,0,0.0,0,2
eclipse.pde.ui-20100428-1600,org.eclipse.pde.internal.ui.views.plugins,JavaSearchActionGroup,1,0,6,3,88,23,0,0,0.0,2,3
eclipse.pde.ui-20100428-1600,org.eclipse.pde.internal.ui.views.plugins,JavaSearchAction,1,0,2,2,21,5,0,0,0.0,0,0
eclipse.pde.ui-20100428-1600,org.eclipse.pde.internal.ui.views.plugins,JavaSearchOperation,2,0,2,2,18,3,0,0,0.0,0,3
eclipse.pde.ui-20100428-1600,org.eclipse.pde.internal.ui.views.plugins,PluginsContentProvider,3,0,8,7,88,28,0,0,0.25,1,2
eclipse.pde.ui-20100428-1600,org.eclipse.pde.internal.ui.views.plugins,PluginsDragAdapter,1,0,4,3,49,10,0,0,0.0,0,1
eclipse.pde.ui-20100428-1600,org.eclipse.pde.internal.ui.views.plugins,PluginsLabelProvider,3,0,10,4,100,28,0,0,0.3,0,0
eclipse.pde.ui-20100428-1600,org.eclipse.pde.internal.ui.views.plugins,PluginsView,30,0,75,40,768,184,0,0,0.2,2,9
eclipse.pde.ui-20100428-1600,org.eclipse.pde.internal.ui.views.plugins,DisabledFilter,1,0,2,1,13,3,0,0,0.0,0,0
eclipse.pde.ui-20100428-1600,org.eclipse.pde.internal.ui.views.plugins,WorkspaceFilter,0,0,1,1,9,2,0,0,-1.0,0,0
eclipse.pde.ui-20100428-1600,org.eclipse.pde.internal.ui.views.plugins,JavaFilter,0,0,1,1,14,2,0,0,-1.0,0,0
eclipse.pde.ui-20100428-1600,org.eclipse.pde.internal.ui.views.plugins,CollapseAllAction,0,0,2,2,11,2,0,0,-1.0,0,0
eclipse.pde.ui-20100428-1600,org.eclipse.pde.internal.ui.views.target,StateViewPage,13,0,42,32,358,96,0,0,0.2857142857142857,0,3
eclipse.pde.ui-20100428-1600,org.eclipse.pde.internal.ui.views.target,DependencyGroup,1,0,3,3,12,3,0,0,0.0,0,0
eclipse.pde.ui-20100428-1600,org.eclipse.pde.internal.ui.views.target,StateContentProvider,0,0,5,4,35,13,0,0,-1.0,0,0
eclipse.pde.ui-20100428-1600,org.eclipse.pde.internal.ui.views.target,StateLabelProvider,1,0,6,5,80,20,0,0,0.0,0,1
eclipse.pde.ui-20100428-1600,org.eclipse.pde.internal.ui.views.target,TargetStateView,3,0,19,12,79,21,0,0,0.6842105263157895,0,1
eclipse.pde.ui-20100428-1600,org.eclipse.pde.internal.ui.views.target,DummyPart,0,0,10,10,27,10,0,0,-1.0,0,0
eclipse.pde.ui-20100428-1600,org.eclipse.pde.internal.ui.wizards,BaseWizardSelectionPage,2,0,6,5,29,8,2,0,0.3333333333333333,0,3
eclipse.pde.ui-20100428-1600,org.eclipse.pde.internal.ui.wizards,Category,5,3,4,4,27,7,0,0,0.0,0,0
eclipse.pde.ui-20100428-1600,org.eclipse.pde.internal.ui.wizards,IDefaultValueConsumer,0,0,2,0,16,2,1,0,-1.0,0,0
eclipse.pde.ui-20100428-1600,org.eclipse.pde.internal.ui.wizards,IProjectProvider,0,0,3,0,20,3,0,0,-1.0,11,0
eclipse.pde.ui-20100428-1600,org.eclipse.pde.internal.ui.wizards,ListUtil,7,4,11,9,78,20,0,0,0.9090909090909091,19,2
eclipse.pde.ui-20100428-1600,org.eclipse.pde.internal.ui.wizards,NameComparator,0,0,2,2,8,2,2,0,-1.0,0,0
eclipse.pde.ui-20100428-1600,org.eclipse.pde.internal.ui.wizards,FeatureComparator,0,0,1,1,13,3,0,1,-1.0,0,1
eclipse.pde.ui-20100428-1600,org.eclipse.pde.internal.ui.wizards,PluginComparator,2,0,4,2,33,10,0,1,0.0,0,1
eclipse.pde.ui-20100428-1600,org.eclipse.pde.internal.ui.wizards,TableLabelProvider,0,0,2,2,8,2,0,0,-1.0,0,0
eclipse.pde.ui-20100428-1600,org.eclipse.pde.internal.ui.wizards,NewWizard,3,0,7,7,29,8,0,1,0.5714285714285714,0,1
eclipse.pde.ui-20100428-1600,org.eclipse.pde.internal.ui.wizards,PDEWizardNewFileCreationPage,0,0,4,1,29,6,0,0,-1.0,0,2
eclipse.pde.ui-20100428-1600,org.eclipse.pde.internal.ui.wizards,RenameDialog,7,0,15,10,122,23,0,0,0.26666666666666666,2,0
eclipse.pde.ui-20100428-1600,org.eclipse.pde.internal.ui.wizards,RequiredPluginsContainerPage,7,0,14,11,132,26,0,0,0.42857142857142855,0,3
eclipse.pde.ui-20100428-1600,org.eclipse.pde.internal.ui.wizards,EntryContentProvider,0,0,1,1,6,2,0,0,-1.0,0,0
eclipse.pde.ui-20100428-1600,org.eclipse.pde.internal.ui.wizards,EntryLabelProvider,0,0,4,4,26,7,0,0,-1.0,0,0
eclipse.pde.ui-20100428-1600,org.eclipse.pde.internal.ui.wizards,ResizableWizardDialog,0,0,1,1,6,1,0,0,-1.0,0,0
eclipse.pde.ui-20100428-1600,org.eclipse.pde.internal.ui.wizards,WizardCollectionComparator,1,0,3,3,19,7,0,0,0.6666666666666666,0,0
eclipse.pde.ui-20100428-1600,org.eclipse.pde.internal.ui.wizards,WizardCollectionElement,4,1,10,10,52,16,0,0,0.4,2,3
eclipse.pde.ui-20100428-1600,org.eclipse.pde.internal.ui.wizards,WizardElement,10,7,15,13,129,32,0,0,0.13333333333333333,11,2
eclipse.pde.ui-20100428-1600,org.eclipse.pde.internal.ui.wizards,WizardListSelectionPage,3,0,16,12,112,23,0,1,0.25,0,4
eclipse.pde.ui-20100428-1600,org.eclipse.pde.internal.ui.wizards,WizardSelectedAction,0,0,2,2,9,2,0,0,-1.0,1,0
eclipse.pde.ui-20100428-1600,org.eclipse.pde.internal.ui.wizards,WizardNode,3,0,7,6,41,10,0,0,0.2857142857142857,0,4
eclipse.pde.ui-20100428-1600,org.eclipse.pde.internal.ui.wizards,WizardTreeSelectionPage,4,0,11,7,101,16,0,1,0.0,0,3
eclipse.pde.ui-20100428-1600,org.eclipse.pde.internal.ui.wizards.category,CategoryDefinitionWizardPage,5,0,3,2,20,3,0,0,1.0,1,2
eclipse.pde.ui-20100428-1600,org.eclipse.pde.internal.ui.wizards.category,NewCategoryCreationOperation,3,0,5,2,51,12,0,0,0.4,0,2
eclipse.pde.ui-20100428-1600,org.eclipse.pde.internal.ui.wizards.category,NewCategoryDefinitionWizard,4,0,7,6,45,7,0,0,0.7142857142857143,0,1
eclipse.pde.ui-20100428-1600,org.eclipse.pde.internal.ui.wizards.exports,AbstractExportTab,1,0,8,1,55,17,3,0,0.875,0,2
eclipse.pde.ui-20100428-1600,org.eclipse.pde.internal.ui.wizards.exports,AbstractExportWizardPage,0,0,3,0,7,3,3,0,-1.0,4,0
eclipse.pde.ui-20100428-1600,org.eclipse.pde.internal.ui.wizards.exports,AntGeneratingExportWizard,2,0,11,3,144,33,2,1,0.18181818181818182,0,7
eclipse.pde.ui-20100428-1600,org.eclipse.pde.internal.ui.wizards.exports,AntErrorDialog,1,0,3,2,31,3,0,0,0.0,2,1
eclipse.pde.ui-20100428-1600,org.eclipse.pde.internal.ui.wizards.exports,BaseExportWizard,1,0,11,6,48,16,2,0,0.36363636363636365,0,2
eclipse.pde.ui-20100428-1600,org.eclipse.pde.internal.ui.wizards.exports,BaseExportWizardPage,6,0,38,8,247,67,2,1,0.10526315789473684,4,7
eclipse.pde.ui-20100428-1600,org.eclipse.pde.internal.ui.wizards.exports,ExportListProvider,0,0,1,1,5,1,0,0,-1.0,0,0
eclipse.pde.ui-20100428-1600,org.eclipse.pde.internal.ui.wizards.exports,ExportPart,0,0,3,2,21,6,0,0,-1.0,0,0
eclipse.pde.ui-20100428-1600,org.eclipse.pde.internal.ui.wizards.exports,CrossPlatformExportPage,6,0,15,9,154,35,0,1,0.2,2,5
eclipse.pde.ui-20100428-1600,org.eclipse.pde.internal.ui.wizards.exports,Configuration,3,0,2,2,15,3,0,0,0.0,0,0
eclipse.pde.ui-20100428-1600,org.eclipse.pde.internal.ui.wizards.exports,ContentProvider,0,0,1,1,5,1,0,0,-1.0,0,0
eclipse.pde.ui-20100428-1600,org.eclipse.pde.internal.ui.wizards.exports,PlatformPart,0,0,3,2,19,5,0,0,-1.0,0,0
eclipse.pde.ui-20100428-1600,org.eclipse.pde.internal.ui.wizards.exports,ExportActiveTargetJob,2,0,3,1,114,21,0,0,0.0,0,10
eclipse.pde.ui-20100428-1600,org.eclipse.pde.internal.ui.wizards.exports,ExportDestinationTab,17,0,21,10,206,46,1,1,0.23809523809523808,2,2
eclipse.pde.ui-20100428-1600,org.eclipse.pde.internal.ui.wizards.exports,ExportOptionsTab,19,0,37,10,251,42,1,1,0.1891891891891892,1,4
eclipse.pde.ui-20100428-1600,org.eclipse.pde.internal.ui.wizards.exports,ExportTargetMetadata,2,1,4,3,47,10,0,0,0.0,2,3
eclipse.pde.ui-20100428-1600,org.eclipse.pde.internal.ui.wizards.exports,FeatureDestinationTab,0,0,3,2,15,3,0,2,-1.0,0,1
eclipse.pde.ui-20100428-1600,org.eclipse.pde.internal.ui.wizards.exports,FeatureExportWizard,2,0,9,4,123,25,0,2,0.7777777777777778,1,11
eclipse.pde.ui-20100428-1600,org.eclipse.pde.internal.ui.wizards.exports,FeatureExportWizardPage,1,0,19,3,108,29,0,2,0.631578947368421,1,6
eclipse.pde.ui-20100428-1600,org.eclipse.pde.internal.ui.wizards.exports,FeatureOptionsTab,9,0,21,8,211,42,0,2,0.3333333333333333,0,7
eclipse.pde.ui-20100428-1600,org.eclipse.pde.internal.ui.wizards.exports,CategoryResourceListSelectionDialog,0,0,3,2,37,9,0,0,-1.0,1,0
eclipse.pde.ui-20100428-1600,org.eclipse.pde.internal.ui.wizards.exports,JARSigningTab,16,0,13,5,140,22,0,0,0.0,1,2
eclipse.pde.ui-20100428-1600,org.eclipse.pde.internal.ui.wizards.exports,JNLPTab,9,0,12,4,95,16,0,0,0.0,1,2
eclipse.pde.ui-20100428-1600,org.eclipse.pde.internal.ui.wizards.exports,PluginExportWizard,1,0,8,3,102,20,0,2,0.875,0,7
eclipse.pde.ui-20100428-1600,org.eclipse.pde.internal.ui.wizards.exports,PluginExportWizardPage,0,0,9,2,50,16,0,2,-1.0,0,6
eclipse.pde.ui-20100428-1600,org.eclipse.pde.internal.ui.wizards.exports,ProductConfigurationSection,5,0,15,4,173,44,0,0,0.0,1,5
eclipse.pde.ui-20100428-1600,org.eclipse.pde.internal.ui.wizards.exports,ProductDestinationGroup,11,0,19,7,186,40,0,1,0.21052631578947367,1,2
eclipse.pde.ui-20100428-1600,org.eclipse.pde.internal.ui.wizards.exports,ProductExportWizard,5,0,10,4,111,25,0,1,0.3,1,11
eclipse.pde.ui-20100428-1600,org.eclipse.pde.internal.ui.wizards.exports,ProductExportWizardPage,16,0,26,5,185,32,0,1,0.07692307692307693,2,4
eclipse.pde.ui-20100428-1600,org.eclipse.pde.internal.ui.wizards.exports,TargetDefinitionExportWizard,1,0,4,4,22,4,0,0,0.75,0,4
eclipse.pde.ui-20100428-1600,org.eclipse.pde.internal.ui.wizards.exports,TargetDefinitionExportWizardPage,4,0,12,6,117,22,0,0,0.3333333333333333,1,4
eclipse.pde.ui-20100428-1600,org.eclipse.pde.internal.ui.wizards.extension,BaseExtensionPointMainPage,12,2,32,17,377,68,2,0,0.125,0,9
eclipse.pde.ui-20100428-1600,org.eclipse.pde.internal.ui.wizards.extension,ExtensionEditorSelectionPage,3,0,5,3,35,5,0,0,0.6,1,4
eclipse.pde.ui-20100428-1600,org.eclipse.pde.internal.ui.wizards.extension,ExtensionEditorWizard,6,1,5,4,35,5,0,0,0.6,1,4
eclipse.pde.ui-20100428-1600,org.eclipse.pde.internal.ui.wizards.extension,ExtensionTreeSelectionPage,2,0,6,4,40,10,0,0,0.6666666666666666,1,3
eclipse.pde.ui-20100428-1600,org.eclipse.pde.internal.ui.wizards.extension,NewExtensionPointMainPage,2,0,9,5,72,19,0,1,0.4444444444444444,1,2
eclipse.pde.ui-20100428-1600,org.eclipse.pde.internal.ui.wizards.extension,NewExtensionPointWizard,5,0,5,5,31,6,0,0,0.0,2,4
eclipse.pde.ui-20100428-1600,org.eclipse.pde.internal.ui.wizards.extension,NewExtensionRegistryReader,10,7,12,3,153,42,0,0,0.16666666666666666,2,3
eclipse.pde.ui-20100428-1600,org.eclipse.pde.internal.ui.wizards.extension,NewExtensionWizard,6,1,7,5,52,12,0,0,0.0,3,7
eclipse.pde.ui-20100428-1600,org.eclipse.pde.internal.ui.wizards.extension,NewSchemaFileMainPage,2,0,10,4,95,29,0,1,0.4,1,3
eclipse.pde.ui-20100428-1600,org.eclipse.pde.internal.ui.wizards.extension,NewSchemaFileWizard,4,0,7,6,41,10,0,0,0.2857142857142857,1,2
eclipse.pde.ui-20100428-1600,org.eclipse.pde.internal.ui.wizards.extension,PointSelectionPage,19,0,37,28,486,96,0,0,0.16216216216216217,1,17
eclipse.pde.ui-20100428-1600,org.eclipse.pde.internal.ui.wizards.extension,PointFilter,0,0,1,1,8,3,0,0,-1.0,0,0
eclipse.pde.ui-20100428-1600,org.eclipse.pde.internal.ui.wizards.extension,WildcardFilter,1,0,2,1,20,3,0,0,0.0,0,0
eclipse.pde.ui-20100428-1600,org.eclipse.pde.internal.ui.wizards.extension,TemplateContentProvider,0,0,1,1,19,6,0,0,-1.0,0,0
eclipse.pde.ui-20100428-1600,org.eclipse.pde.internal.ui.wizards.extension,PointContentProvider,0,0,1,1,15,5,0,0,-1.0,0,0
eclipse.pde.ui-20100428-1600,org.eclipse.pde.internal.ui.wizards.extension,PointLabelProvider,0,0,4,4,28,7,0,0,-1.0,0,6
eclipse.pde.ui-20100428-1600,org.eclipse.pde.internal.ui.wizards.feature,AbstractCreateFeatureOperation,4,0,10,2,142,26,2,0,0.2,0,8
eclipse.pde.ui-20100428-1600,org.eclipse.pde.internal.ui.wizards.feature,AbstractFeatureSpecPage,8,0,25,9,116,39,2,0,0.24,1,4
eclipse.pde.ui-20100428-1600,org.eclipse.pde.internal.ui.wizards.feature,AbstractNewFeatureWizard,7,3,16,14,77,18,2,0,0.1875,1,4
eclipse.pde.ui-20100428-1600,org.eclipse.pde.internal.ui.wizards.feature,FeaturePatchProvider,0,0,9,9,29,9,0,0,-1.0,1,0
eclipse.pde.ui-20100428-1600,org.eclipse.pde.internal.ui.wizards.feature,BasePluginListPage,1,0,5,5,33,6,1,0,0.6,0,2
eclipse.pde.ui-20100428-1600,org.eclipse.pde.internal.ui.wizards.feature,CreateFeaturePatchOperation,1,0,2,1,23,4,0,1,0.0,0,3
eclipse.pde.ui-20100428-1600,org.eclipse.pde.internal.ui.wizards.feature,CreateFeatureProjectFromLaunchOperation,1,0,3,1,25,6,0,2,0.0,0,8
eclipse.pde.ui-20100428-1600,org.eclipse.pde.internal.ui.wizards.feature,CreateFeatureProjectOperation,1,0,2,1,19,3,1,1,0.0,0,7
eclipse.pde.ui-20100428-1600,org.eclipse.pde.internal.ui.wizards.feature,FeatureData,8,8,4,4,23,4,0,0,0.75,8,0
eclipse.pde.ui-20100428-1600,org.eclipse.pde.internal.ui.wizards.feature,FeatureSpecPage,2,0,9,2,66,12,0,1,0.4444444444444444,0,4
eclipse.pde.ui-20100428-1600,org.eclipse.pde.internal.ui.wizards.feature,NewFeaturePatchWizard,0,0,3,1,13,3,0,1,-1.0,0,2
eclipse.pde.ui-20100428-1600,org.eclipse.pde.internal.ui.wizards.feature,NewFeatureProjectWizard,2,0,7,4,36,9,0,1,0.5714285714285714,2,4
eclipse.pde.ui-20100428-1600,org.eclipse.pde.internal.ui.wizards.feature,OpenProjectWizardAction,0,0,3,3,29,6,0,0,-1.0,0,5
eclipse.pde.ui-20100428-1600,org.eclipse.pde.internal.ui.wizards.feature,PatchSpecPage,5,0,16,4,147,28,0,1,0.25,0,8
eclipse.pde.ui-20100428-1600,org.eclipse.pde.internal.ui.wizards.feature,PluginListPage,3,0,8,6,120,19,0,1,0.375,1,4
eclipse.pde.ui-20100428-1600,org.eclipse.pde.internal.ui.wizards.feature,PluginContentProvider,0,0,1,1,5,1,0,0,-1.0,0,0
eclipse.pde.ui-20100428-1600,org.eclipse.pde.internal.ui.wizards.imports,AlternateSourceLocations,3,0,3,2,51,6,0,0,0.0,0,2
eclipse.pde.ui-20100428-1600,org.eclipse.pde.internal.ui.wizards.imports,BaseImportWizardSecondPage,10,0,17,8,204,49,2,0,0.29411764705882354,1,9
eclipse.pde.ui-20100428-1600,org.eclipse.pde.internal.ui.wizards.imports,ContentProvider,0,0,1,1,5,1,0,0,-1.0,0,0
eclipse.pde.ui-20100428-1600,org.eclipse.pde.internal.ui.wizards.imports,BinaryProjectFilter,0,0,1,1,21,5,0,0,-1.0,0,1
eclipse.pde.ui-20100428-1600,org.eclipse.pde.internal.ui.wizards.imports,CVSBundleImportPage,5,0,12,10,149,26,0,0,0.5,0,4
eclipse.pde.ui-20100428-1600,org.eclipse.pde.internal.ui.wizards.imports,CvsLabelProvider,0,0,4,3,36,6,0,0,-1.0,0,1
eclipse.pde.ui-20100428-1600,org.eclipse.pde.internal.ui.wizards.imports,ExternalPluginLibrariesFilter,0,0,1,1,22,5,0,0,-1.0,0,1
eclipse.pde.ui-20100428-1600,org.eclipse.pde.internal.ui.wizards.imports,FeatureImportOperation,8,3,11,3,190,35,0,0,0.2727272727272727,2,8
eclipse.pde.ui-20100428-1600,org.eclipse.pde.internal.ui.wizards.imports,IReplaceQuery,3,3,1,0,9,1,1,0,-1.0,3,0
eclipse.pde.ui-20100428-1600,org.eclipse.pde.internal.ui.wizards.imports,FeatureImportWizard,4,0,11,8,88,20,0,0,0.6363636363636364,0,6
eclipse.pde.ui-20100428-1600,org.eclipse.pde.internal.ui.wizards.imports,ReplaceDialog,0,0,1,1,5,1,0,0,-1.0,2,0
eclipse.pde.ui-20100428-1600,org.eclipse.pde.internal.ui.wizards.imports,ReplaceQuery,2,0,3,3,28,10,0,1,0.6666666666666666,0,2
eclipse.pde.ui-20100428-1600,org.eclipse.pde.internal.ui.wizards.imports,FeatureImportWizardPage,17,0,43,28,431,93,0,0,0.23255813953488372,1,8
eclipse.pde.ui-20100428-1600,org.eclipse.pde.internal.ui.wizards.imports,ContentProvider,0,0,1,1,6,2,0,0,-1.0,0,0
eclipse.pde.ui-20100428-1600,org.eclipse.pde.internal.ui.wizards.imports,LocationChangedJob,0,0,2,2,19,5,0,0,-1.0,0,0
eclipse.pde.ui-20100428-1600,org.eclipse.pde.internal.ui.wizards.imports,OverwriteProjectsSelectionDialog,4,0,16,11,131,20,0,0,0.75,1,3
eclipse.pde.ui-20100428-1600,org.eclipse.pde.internal.ui.wizards.imports,PluginContentProvider,0,0,6,6,18,6,0,0,-1.0,0,0
eclipse.pde.ui-20100428-1600,org.eclipse.pde.internal.ui.wizards.imports,StyledPluginLabelProvider,0,0,4,3,31,4,0,0,-1.0,0,1
eclipse.pde.ui-20100428-1600,org.eclipse.pde.internal.ui.wizards.imports,ButtonSelectionListener,0,0,1,1,14,3,0,0,-1.0,0,0
eclipse.pde.ui-20100428-1600,org.eclipse.pde.internal.ui.wizards.imports,PluginImportFinishDialog,5,0,8,5,55,10,0,0,0.5,0,0
eclipse.pde.ui-20100428-1600,org.eclipse.pde.internal.ui.wizards.imports,PluginImportTableContentProvider,0,0,1,1,5,1,0,0,-1.0,0,0
eclipse.pde.ui-20100428-1600,org.eclipse.pde.internal.ui.wizards.imports,PluginImportHelper,0,0,18,13,456,88,0,0,-1.0,2,2
eclipse.pde.ui-20100428-1600,org.eclipse.pde.internal.ui.wizards.imports,PluginImportLabelProvider,0,0,4,3,35,5,0,0,-1.0,0,2
eclipse.pde.ui-20100428-1600,org.eclipse.pde.internal.ui.wizards.imports,PluginImportOperation,14,4,36,7,1005,163,0,0,0.1111111111111111,11,15
eclipse.pde.ui-20100428-1600,org.eclipse.pde.internal.ui.wizards.imports,PluginImportWizard,5,0,14,10,157,37,0,0,0.21428571428571427,2,8
eclipse.pde.ui-20100428-1600,org.eclipse.pde.internal.ui.wizards.imports,PluginImportWizardDetailedPage,19,0,52,27,519,97,0,1,0.09615384615384616,0,11
eclipse.pde.ui-20100428-1600,org.eclipse.pde.internal.ui.wizards.imports,ContentProvider,0,0,1,1,5,1,0,0,-1.0,0,0
eclipse.pde.ui-20100428-1600,org.eclipse.pde.internal.ui.wizards.imports,RepositoryFilter,0,0,1,1,8,2,0,0,-1.0,0,1
eclipse.pde.ui-20100428-1600,org.eclipse.pde.internal.ui.wizards.imports,AvailableFilter,1,0,3,3,23,10,0,0,0.0,1,1
eclipse.pde.ui-20100428-1600,org.eclipse.pde.internal.ui.wizards.imports,VersionFilter,1,0,2,2,25,6,0,0,0.0,1,1
eclipse.pde.ui-20100428-1600,org.eclipse.pde.internal.ui.wizards.imports,PluginImportWizardExpressPage,3,0,21,8,215,43,0,1,0.23809523809523808,0,8
eclipse.pde.ui-20100428-1600,org.eclipse.pde.internal.ui.wizards.imports,PluginContentProvider,0,0,1,1,13,4,0,0,-1.0,0,3
eclipse.pde.ui-20100428-1600,org.eclipse.pde.internal.ui.wizards.imports,TablePart,0,0,5,2,20,5,0,0,-1.0,0,0
eclipse.pde.ui-20100428-1600,org.eclipse.pde.internal.ui.wizards.imports,PluginImportWizardFirstPage,30,1,48,25,787,147,0,0,0.125,4,5
eclipse.pde.ui-20100428-1600,org.eclipse.pde.internal.ui.wizards.plugin,AbstractFieldData,14,0,28,28,100,28,2,0,0.5,6,0
eclipse.pde.ui-20100428-1600,org.eclipse.pde.internal.ui.wizards.plugin,ContentPage,11,0,16,7,132,30,2,0,0.1875,2,8
eclipse.pde.ui-20100428-1600,org.eclipse.pde.internal.ui.wizards.plugin,FragmentContentPage,15,0,18,9,258,44,0,1,0.1111111111111111,0,10
eclipse.pde.ui-20100428-1600,org.eclipse.pde.internal.ui.wizards.plugin,FragmentFieldData,3,0,6,6,23,6,0,1,0.5,2,0
eclipse.pde.ui-20100428-1600,org.eclipse.pde.internal.ui.wizards.plugin,LibraryPluginFieldData,5,0,10,10,37,10,0,2,0.5,5,1
eclipse.pde.ui-20100428-1600,org.eclipse.pde.internal.ui.wizards.plugin,LibraryPluginJarsPage,4,0,15,11,200,33,0,0,0.2,1,5
eclipse.pde.ui-20100428-1600,org.eclipse.pde.internal.ui.wizards.plugin,NewFragmentProjectWizard,5,0,11,11,68,11,0,0,0.18181818181818182,1,4
eclipse.pde.ui-20100428-1600,org.eclipse.pde.internal.ui.wizards.plugin,NewLibraryPluginCreationOperation,1,0,21,2,397,90,0,1,0.19047619047619047,1,14
eclipse.pde.ui-20100428-1600,org.eclipse.pde.internal.ui.wizards.plugin,NewLibraryPluginCreationPage,22,0,24,14,294,46,0,0,0.08333333333333333,2,8
eclipse.pde.ui-20100428-1600,org.eclipse.pde.internal.ui.wizards.plugin,PropertiesListener,2,0,3,3,16,4,0,0,0.0,0,0
eclipse.pde.ui-20100428-1600,org.eclipse.pde.internal.ui.wizards.plugin,NewLibraryPluginCreationUpdateRefPage,5,0,9,6,93,18,0,0,0.3333333333333333,1,4
eclipse.pde.ui-20100428-1600,org.eclipse.pde.internal.ui.wizards.plugin,BuildpathContentProvider,0,0,1,1,6,2,0,0,-1.0,0,0
eclipse.pde.ui-20100428-1600,org.eclipse.pde.internal.ui.wizards.plugin,TablePart,0,0,2,1,10,2,0,0,-1.0,0,1
eclipse.pde.ui-20100428-1600,org.eclipse.pde.internal.ui.wizards.plugin,NewLibraryPluginProjectWizard,12,4,13,12,105,18,0,0,0.38461538461538464,1,7
eclipse.pde.ui-20100428-1600,org.eclipse.pde.internal.ui.wizards.plugin,NewPluginProjectWizard,10,4,13,12,118,24,0,0,0.0,4,9
eclipse.pde.ui-20100428-1600,org.eclipse.pde.internal.ui.wizards.plugin,NewProjectCreationFromTemplatePage,1,0,3,1,36,5,0,1,0.0,0,3
eclipse.pde.ui-20100428-1600,org.eclipse.pde.internal.ui.wizards.plugin,NewProjectCreationOperation,6,0,23,3,414,104,1,0,0.08695652173913043,1,15
eclipse.pde.ui-20100428-1600,org.eclipse.pde.internal.ui.wizards.plugin,NewProjectCreationPage,14,0,14,7,196,30,1,0,0.0,6,3
eclipse.pde.ui-20100428-1600,org.eclipse.pde.internal.ui.wizards.plugin,OpenProjectWizardAction,0,0,3,3,28,5,0,0,-1.0,0,3
eclipse.pde.ui-20100428-1600,org.eclipse.pde.internal.ui.wizards.plugin,PluginClassCodeGenerator,4,0,6,4,158,19,0,0,0.0,1,2
eclipse.pde.ui-20100428-1600,org.eclipse.pde.internal.ui.wizards.plugin,PluginContentFromTemplatePage,1,0,3,1,35,6,0,2,0.0,0,5
eclipse.pde.ui-20100428-1600,org.eclipse.pde.internal.ui.wizards.plugin,PluginContentPage,18,0,19,13,296,38,1,1,0.21052631578947367,1,7
eclipse.pde.ui-20100428-1600,org.eclipse.pde.internal.ui.wizards.plugin,PluginFieldData,6,0,12,12,51,13,1,1,0.5,8,1
eclipse.pde.ui-20100428-1600,org.eclipse.pde.internal.ui.wizards.plugin,TemplateListSelectionPage,3,0,16,13,141,32,0,0,0.1875,2,7
eclipse.pde.ui-20100428-1600,org.eclipse.pde.internal.ui.wizards.plugin,WizardFilter,0,0,1,1,24,7,0,0,-1.0,0,2
eclipse.pde.ui-20100428-1600,org.eclipse.pde.internal.ui.wizards.plugin,TemplateWizardHelper,5,5,5,5,34,7,0,0,1.0,4,1
eclipse.pde.ui-20100428-1600,org.eclipse.pde.internal.ui.wizards.product,BaseManifestOperation,2,0,6,1,42,15,2,0,0.5,0,8
eclipse.pde.ui-20100428-1600,org.eclipse.pde.internal.ui.wizards.product,BaseProductCreationOperation,1,0,11,2,162,41,2,0,0.36363636363636365,0,2
eclipse.pde.ui-20100428-1600,org.eclipse.pde.internal.ui.wizards.product,ISplashHandlerConstants,14,14,0,0,19,0,2,0,-1.0,5,1
eclipse.pde.ui-20100428-1600,org.eclipse.pde.internal.ui.wizards.product,NewProductFileAction,0,0,3,3,21,3,0,0,-1.0,0,3
eclipse.pde.ui-20100428-1600,org.eclipse.pde.internal.ui.wizards.product,NewProductFileWizard,1,0,5,3,35,7,0,0,0.6,1,1
eclipse.pde.ui-20100428-1600,org.eclipse.pde.internal.ui.wizards.product,ProductDefinitionOperation,7,0,35,3,413,87,1,1,0.0,0,15
eclipse.pde.ui-20100428-1600,org.eclipse.pde.internal.ui.wizards.product,ProductDefinitionWizard,5,0,5,5,41,6,0,0,0.0,1,4
eclipse.pde.ui-20100428-1600,org.eclipse.pde.internal.ui.wizards.product,ProductDefinitonWizardPage,7,0,22,12,189,42,0,0,0.18181818181818182,2,7
eclipse.pde.ui-20100428-1600,org.eclipse.pde.internal.ui.wizards.product,ProductFileWizardPage,11,3,11,7,142,29,0,0,0.0,1,3
eclipse.pde.ui-20100428-1600,org.eclipse.pde.internal.ui.wizards.product,ProductFromConfigOperation,1,0,2,1,75,14,0,1,0.0,0,9
eclipse.pde.ui-20100428-1600,org.eclipse.pde.internal.ui.wizards.product,ProductFromExtensionOperation,1,0,3,1,37,10,0,1,0.0,0,3
eclipse.pde.ui-20100428-1600,org.eclipse.pde.internal.ui.wizards.product,ProductIntroOperation,8,0,18,3,258,48,0,1,0.1111111111111111,0,9
eclipse.pde.ui-20100428-1600,org.eclipse.pde.internal.ui.wizards.product,ProductIntroWizard,8,0,6,6,59,10,0,0,0.0,1,5
eclipse.pde.ui-20100428-1600,org.eclipse.pde.internal.ui.wizards.product,ProductIntroWizardPage,5,0,17,10,157,35,0,0,0.23529411764705882,1,6
eclipse.pde.ui-20100428-1600,org.eclipse.pde.internal.ui.wizards.product,RemoveSplashHandlerBindingAction,5,0,13,8,154,29,0,1,0.0,1,3
eclipse.pde.ui-20100428-1600,org.eclipse.pde.internal.ui.wizards.product,SynchronizationOperation,0,0,5,2,32,7,0,2,-1.0,2,5
eclipse.pde.ui-20100428-1600,org.eclipse.pde.internal.ui.wizards.product,TextEditUtilities,0,0,7,2,74,18,0,0,-1.0,1,4
eclipse.pde.ui-20100428-1600,org.eclipse.pde.internal.ui.wizards.product,UpdateSplashHandlerAction,9,0,36,13,432,73,0,1,0.0,4,3
eclipse.pde.ui-20100428-1600,org.eclipse.pde.internal.ui.wizards.product,UpdateSplashProgressOperation,17,8,31,8,448,75,0,0,0.0,1,9
eclipse.pde.ui-20100428-1600,org.eclipse.pde.internal.ui.wizards.site,NewSiteProjectCreationOperation,4,0,9,2,385,18,0,0,0.2222222222222222,1,3
eclipse.pde.ui-20100428-1600,org.eclipse.pde.internal.ui.wizards.site,NewSiteProjectCreationPage,3,0,6,5,76,12,0,0,0.3333333333333333,1,2
eclipse.pde.ui-20100428-1600,org.eclipse.pde.internal.ui.wizards.site,NewSiteProjectWizard,3,1,4,4,40,5,0,0,0.5,1,1
eclipse.pde.ui-20100428-1600,org.eclipse.pde.internal.ui.wizards.site,OpenProjectWizardAction,0,0,3,3,27,4,0,0,-1.0,1,4
eclipse.pde.ui-20100428-1600,org.eclipse.pde.internal.ui.wizards.target,EditTargetDefinitionWizard,1,0,5,5,64,9,0,0,0.4,1,4
eclipse.pde.ui-20100428-1600,org.eclipse.pde.internal.ui.wizards.target,EditTargetNode,2,0,5,5,37,8,0,0,0.4,0,3
eclipse.pde.ui-20100428-1600,org.eclipse.pde.internal.ui.wizards.target,MoveTargetDefinitionPage,2,0,5,2,39,7,0,0,0.8,1,2
eclipse.pde.ui-20100428-1600,org.eclipse.pde.internal.ui.wizards.target,MoveTargetDefinitionWizard,3,0,4,4,30,4,0,0,0.0,0,3
eclipse.pde.ui-20100428-1600,org.eclipse.pde.internal.ui.wizards.target,NewTargetDefinitionWizard,4,0,6,5,60,11,0,0,0.5,0,5
eclipse.pde.ui-20100428-1600,org.eclipse.pde.internal.ui.wizards.target,NewTargetDefinitionWizard2,2,0,6,6,38,6,0,0,0.8333333333333334,0,4
eclipse.pde.ui-20100428-1600,org.eclipse.pde.internal.ui.wizards.target,TargetCreationPage,12,0,14,5,175,30,0,0,0.14285714285714285,2,4
eclipse.pde.ui-20100428-1600,org.eclipse.pde.internal.ui.wizards.target,TargetDefinitionContentPage,25,0,52,30,656,123,0,1,0.19230769230769232,0,5
eclipse.pde.ui-20100428-1600,org.eclipse.pde.internal.ui.wizards.target,ResolutionProgressMonitor,0,0,3,2,14,3,0,0,-1.0,0,0
eclipse.pde.ui-20100428-1600,org.eclipse.pde.internal.ui.wizards.target,TargetDefinitionPage,1,0,4,1,33,4,1,0,0.5,1,2
eclipse.pde.ui-20100428-1600,org.eclipse.pde.internal.ui.wizards.target,TargetDefinitionWizardPage,11,0,7,3,63,13,0,0,0.42857142857142855,1,1
eclipse.pde.ui-20100428-1600,org.eclipse.pde.internal.ui.wizards.templates,ControlStack,3,0,4,4,47,12,0,0,0.0,3,2
eclipse.pde.ui-20100428-1600,org.eclipse.pde.internal.ui.wizards.templates,Entry,1,0,0,0,3,0,0,0,-1.0,0,0
eclipse.pde.ui-20100428-1600,org.eclipse.pde.internal.ui.wizards.templates,NewExtensionTemplateWizard,4,0,8,6,89,13,0,0,0.0,0,1
eclipse.pde.ui-20100428-1600,org.eclipse.pde.internal.ui.wizards.templates,NewPluginTemplateChoiceWizard,2,0,10,7,66,19,0,0,0.3,0,3
eclipse.pde.ui-20100428-1600,org.eclipse.pde.internal.ui.wizards.templates,PreprocessorParser,28,0,26,11,323,84,0,0,0.19230769230769232,2,3
eclipse.pde.ui-20100428-1600,org.eclipse.pde.internal.ui.wizards.templates,Node,0,0,1,0,3,1,2,0,-1.0,3,0
eclipse.pde.ui-20100428-1600,org.eclipse.pde.internal.ui.wizards.templates,LeafNode,1,0,3,2,13,4,0,1,0.0,0,0
eclipse.pde.ui-20100428-1600,org.eclipse.pde.internal.ui.wizards.templates,ExpressionNode,3,0,3,3,54,12,0,1,0.0,0,1
eclipse.pde.ui-20100428-1600,org.eclipse.pde.internal.ui.wizards.templates,RootEntry,1,0,0,0,3,0,0,0,-1.0,0,1
eclipse.pde.ui-20100428-1600,org.eclipse.pde.internal.ui.wizards.templates,TemplateSelectionPage,4,0,18,12,139,30,0,0,0.3888888888888889,1,3
eclipse.pde.ui-20100428-1600,org.eclipse.pde.internal.ui.wizards.templates,TablePart,0,0,3,1,12,4,0,0,-1.0,0,0
eclipse.pde.ui-20100428-1600,org.eclipse.pde.internal.ui.wizards.templates,ListContentProvider,0,0,1,1,5,1,0,0,-1.0,0,0
eclipse.pde.ui-20100428-1600,org.eclipse.pde.internal.ui.wizards.templates,ListLabelProvider,0,0,2,2,11,4,0,0,-1.0,0,1
eclipse.pde.ui-20100428-1600,org.eclipse.pde.internal.ui.wizards.tools,ConvertJarsAction,2,0,4,4,84,15,0,0,0.5,0,3
eclipse.pde.ui-20100428-1600,org.eclipse.pde.internal.ui.wizards.tools,ConvertProjectToPluginOperation,4,0,11,1,182,38,0,0,0.18181818181818182,0,14
eclipse.pde.ui-20100428-1600,org.eclipse.pde.internal.ui.wizards.tools,ConvertProjectsAction,1,0,6,5,56,16,0,0,0.5,0,4
eclipse.pde.ui-20100428-1600,org.eclipse.pde.internal.ui.wizards.tools,ConvertedProjectWizard,3,0,3,3,20,3,0,0,0.0,1,1
eclipse.pde.ui-20100428-1600,org.eclipse.pde.internal.ui.wizards.tools,ConvertedProjectsPage,4,0,9,8,89,13,0,0,0.5555555555555556,1,0
eclipse.pde.ui-20100428-1600,org.eclipse.pde.internal.ui.wizards.tools,ProjectContentProvider,0,0,1,1,6,2,0,0,-1.0,0,0
eclipse.pde.ui-20100428-1600,org.eclipse.pde.internal.ui.wizards.tools,ProjectLabelProvider,0,0,2,2,9,3,0,0,-1.0,0,0
eclipse.pde.ui-20100428-1600,org.eclipse.pde.internal.ui.wizards.tools,TablePart,0,0,2,2,9,2,0,0,-1.0,0,0
eclipse.pde.ui-20100428-1600,org.eclipse.pde.internal.ui.wizards.tools,ExtensionPointMappings,1,0,5,4,32,7,0,0,0.6,1,1
eclipse.pde.ui-20100428-1600,org.eclipse.pde.internal.ui.wizards.tools,IOrganizeManifestsSettings,14,14,0,0,16,0,3,0,-1.0,1,0
eclipse.pde.ui-20100428-1600,org.eclipse.pde.internal.ui.wizards.tools,OrganizeManifest,2,0,20,8,293,123,0,1,0.45,6,13
eclipse.pde.ui-20100428-1600,org.eclipse.pde.internal.ui.wizards.tools,OrganizeManifestsAction,1,0,5,5,40,12,0,0,0.8,1,6
eclipse.pde.ui-20100428-1600,org.eclipse.pde.internal.ui.wizards.tools,OrganizeManifestsProcessor,15,0,26,22,210,72,0,1,0.23076923076923078,3,10
eclipse.pde.ui-20100428-1600,org.eclipse.pde.internal.ui.wizards.tools,OrganizeManifestsWizard,1,0,3,2,19,3,0,0,0.6666666666666666,1,2
eclipse.pde.ui-20100428-1600,org.eclipse.pde.internal.ui.wizards.tools,OrganizeManifestsWizardPage,18,0,20,5,251,40,0,1,0.1,1,3
eclipse.pde.ui-20100428-1600,org.eclipse.pde.internal.ui.wizards.tools,UpdateBuildpathWizard,4,0,4,3,37,6,0,0,0.0,1,3
eclipse.pde.ui-20100428-1600,org.eclipse.pde.internal.ui.wizards.tools,UpdateBuildpathWizardPage,4,0,11,9,70,12,0,0,0.45454545454545453,1,2
eclipse.pde.ui-20100428-1600,org.eclipse.pde.internal.ui.wizards.tools,BuildpathContentProvider,0,0,1,1,6,2,0,0,-1.0,0,0
eclipse.pde.ui-20100428-1600,org.eclipse.pde.internal.ui.wizards.tools,TablePart,0,0,3,2,14,3,0,0,-1.0,0,1
eclipse.pde.ui-20100428-1600,org.eclipse.pde.internal.ui.wizards.tools,UpdateClasspathAction,1,0,5,4,66,15,0,0,0.6,0,6
eclipse.pde.ui-20100428-1600,org.eclipse.pde.internal.ui.wizards.tools,UpdateClasspathJob,2,0,5,4,63,11,0,0,0.4,1,4
eclipse.pde.ui-20100428-1600,org.eclipse.pde.internal.ui.wizards.tools,UpdateClasspathWorkspaceRunnable,1,0,2,2,9,2,0,0,0.0,0,0
eclipse.pde.ui-20100428-1600,org.eclipse.pde.ui,IBasePluginWizard,0,0,0,0,7,0,4,0,-1.0,1,0
eclipse.pde.ui-20100428-1600,org.eclipse.pde.ui,IBundleContentWizard,0,0,1,0,12,1,0,2,-1.0,1,0
eclipse.pde.ui-20100428-1600,org.eclipse.pde.ui,IExtensionEditorWizard,0,0,1,1,14,1,0,1,-1.0,2,1
eclipse.pde.ui-20100428-1600,org.eclipse.pde.ui,IExtensionWizard,0,0,1,1,13,1,0,1,-1.0,2,1
eclipse.pde.ui-20100428-1600,org.eclipse.pde.ui,IFieldData,0,0,10,0,58,10,2,0,-1.0,46,0
eclipse.pde.ui-20100428-1600,org.eclipse.pde.ui,IFragmentFieldData,0,0,3,0,23,3,0,1,-1.0,0,0
eclipse.pde.ui-20100428-1600,org.eclipse.pde.ui,IPluginContentWizard,0,0,4,0,31,4,1,1,-1.0,4,2
eclipse.pde.ui-20100428-1600,org.eclipse.pde.ui,IPluginFieldData,0,0,3,0,23,3,0,1,-1.0,0,0
eclipse.pde.ui-20100428-1600,org.eclipse.pde.ui,IProvisionerWizard,0,0,1,1,12,1,0,1,-1.0,1,0
eclipse.pde.ui-20100428-1600,org.eclipse.pde.ui.launcher,AbstractLaunchShortcut,0,0,9,0,119,15,2,0,-1.0,0,0
eclipse.pde.ui-20100428-1600,org.eclipse.pde.ui.launcher,AbstractLauncherTab,0,0,7,6,44,7,6,0,-1.0,12,0
eclipse.pde.ui-20100428-1600,org.eclipse.pde.ui.launcher,AbstractPDELaunchConfiguration,0,0,0,0,8,0,2,0,-1.0,0,0
eclipse.pde.ui-20100428-1600,org.eclipse.pde.ui.launcher,AbstractPDELaunchConfigurationTabGroup,0,0,4,3,75,17,2,0,-1.0,0,6
eclipse.pde.ui-20100428-1600,org.eclipse.pde.ui.launcher,BundlesTab,5,0,11,11,72,12,1,1,0.45454545454545453,1,5
eclipse.pde.ui-20100428-1600,org.eclipse.pde.ui.launcher,ConfigurationTab,5,0,11,11,84,14,0,1,0.36363636363636365,0,4
eclipse.pde.ui-20100428-1600,org.eclipse.pde.ui.launcher,EclipseApplicationLaunchConfiguration,3,0,10,2,194,38,0,1,0.0,0,7
eclipse.pde.ui-20100428-1600,org.eclipse.pde.ui.launcher,EclipseLaunchShortcut,3,1,14,2,214,50,0,1,0.14285714285714285,7,12
eclipse.pde.ui-20100428-1600,org.eclipse.pde.ui.launcher,EclipseLauncherTabGroup,0,0,2,2,26,4,0,1,-1.0,0,2
eclipse.pde.ui-20100428-1600,org.eclipse.pde.ui.launcher,EquinoxLaunchConfiguration,2,0,7,1,127,26,0,1,0.42857142857142855,0,6
eclipse.pde.ui-20100428-1600,org.eclipse.pde.ui.launcher,EquinoxPluginsTab,0,0,1,1,15,1,0,2,-1.0,0,0
eclipse.pde.ui-20100428-1600,org.eclipse.pde.ui.launcher,EquinoxSettingsTab,0,0,0,0,8,0,0,2,-1.0,0,0
eclipse.pde.ui-20100428-1600,org.eclipse.pde.ui.launcher,IPDELauncherConstants,0,0,0,0,10,0,2,0,-1.0,12,0
eclipse.pde.ui-20100428-1600,org.eclipse.pde.ui.launcher,JUnitLaunchConfigurationDelegate,0,0,0,0,8,0,0,0,-1.0,0,0
eclipse.pde.ui-20100428-1600,org.eclipse.pde.ui.launcher,JUnitTabGroup,0,0,1,1,11,1,0,1,-1.0,0,0
eclipse.pde.ui-20100428-1600,org.eclipse.pde.ui.launcher,JUnitWorkbenchLaunchShortcut,0,0,2,0,40,8,0,0,-1.0,0,7
eclipse.pde.ui-20100428-1600,org.eclipse.pde.ui.launcher,MainTab,4,0,14,11,108,24,1,1,0.2857142857142857,0,6
eclipse.pde.ui-20100428-1600,org.eclipse.pde.ui.launcher,OSGiLaunchConfigurationDelegate,0,0,0,0,8,0,0,0,-1.0,0,0
eclipse.pde.ui-20100428-1600,org.eclipse.pde.ui.launcher,OSGiLaunchConfigurationInitializer,0,0,0,0,8,0,0,0,-1.0,0,0
eclipse.pde.ui-20100428-1600,org.eclipse.pde.ui.launcher,OSGiLaunchShortcut,0,0,5,2,26,5,0,1,-1.0,0,3
eclipse.pde.ui-20100428-1600,org.eclipse.pde.ui.launcher,OSGiLauncherTabGroup,0,0,2,2,20,2,0,0,-1.0,0,2
eclipse.pde.ui-20100428-1600,org.eclipse.pde.ui.launcher,OSGiSettingsTab,4,0,11,11,64,13,1,1,0.36363636363636365,0,3
eclipse.pde.ui-20100428-1600,org.eclipse.pde.ui.launcher,PDESourcePathProvider,0,0,0,0,8,0,0,0,-1.0,3,0
eclipse.pde.ui-20100428-1600,org.eclipse.pde.ui.launcher,PluginJUnitMainTab,0,0,3,2,21,3,0,2,-1.0,0,1
eclipse.pde.ui-20100428-1600,org.eclipse.pde.ui.launcher,PluginsTab,9,0,13,13,150,18,0,1,0.46153846153846156,0,6
eclipse.pde.ui-20100428-1600,org.eclipse.pde.ui.launcher,Listener,0,0,2,2,16,2,0,0,-1.0,1,1
eclipse.pde.ui-20100428-1600,org.eclipse.pde.ui.launcher,TestTab,3,0,22,18,95,22,0,0,0.13636363636363635,0,2
eclipse.pde.ui-20100428-1600,org.eclipse.pde.ui.launcher,TracingTab,2,0,11,11,54,12,0,1,0.36363636363636365,1,2
eclipse.pde.ui-20100428-1600,org.eclipse.pde.ui.templates,AbstractChoiceOption,2,0,12,4,74,13,2,2,0.5,1,1
eclipse.pde.ui-20100428-1600,org.eclipse.pde.ui.templates,AbstractNewPluginTemplateWizard,1,0,12,11,109,19,1,0,0.5,1,4
eclipse.pde.ui-20100428-1600,org.eclipse.pde.ui.templates,AbstractTemplateSection,8,5,31,10,584,109,1,1,0.22580645161290322,0,4
eclipse.pde.ui-20100428-1600,org.eclipse.pde.ui.templates,BaseOptionTemplateSection,1,0,19,9,202,31,1,2,0.2631578947368421,10,8
eclipse.pde.ui-20100428-1600,org.eclipse.pde.ui.templates,BlankField,5,0,4,3,43,4,0,2,0.0,2,2
eclipse.pde.ui-20100428-1600,org.eclipse.pde.ui.templates,BooleanOption,1,0,7,7,67,9,0,2,0.2857142857142857,6,2
eclipse.pde.ui-20100428-1600,org.eclipse.pde.ui.templates,ChoiceOption,4,0,10,6,114,21,0,2,0.0,1,2
eclipse.pde.ui-20100428-1600,org.eclipse.pde.ui.templates,ComboChoiceOption,2,0,7,3,82,19,0,3,0.2857142857142857,2,2
eclipse.pde.ui-20100428-1600,org.eclipse.pde.ui.templates,ITemplateSection,0,0,13,13,76,13,1,0,-1.0,9,1
eclipse.pde.ui-20100428-1600,org.eclipse.pde.ui.templates,IVariableProvider,0,0,1,1,13,1,1,0,-1.0,2,0
eclipse.pde.ui-20100428-1600,org.eclipse.pde.ui.templates,NewPluginProjectFromTemplateWizard,9,3,10,8,126,23,0,0,0.0,0,6
eclipse.pde.ui-20100428-1600,org.eclipse.pde.ui.templates,NewPluginTemplateWizard,1,0,4,3,33,5,0,1,0.0,0,1
eclipse.pde.ui-20100428-1600,org.eclipse.pde.ui.templates,OptionTemplateSection,3,0,21,15,216,39,0,3,0.14285714285714285,0,3
eclipse.pde.ui-20100428-1600,org.eclipse.pde.ui.templates,TemplatePage,2,0,1,1,7,1,0,0,0.0,1,0
eclipse.pde.ui-20100428-1600,org.eclipse.pde.ui.templates,OptionTemplateWizardPage,3,0,3,3,54,7,0,0,0.0,0,3
eclipse.pde.ui-20100428-1600,org.eclipse.pde.ui.templates,PluginReference,3,0,8,8,50,12,0,0,0.0,1,2
eclipse.pde.ui-20100428-1600,org.eclipse.pde.ui.templates,RadioChoiceOption,2,0,7,3,81,18,0,3,0.42857142857142855,1,2
eclipse.pde.ui-20100428-1600,org.eclipse.pde.ui.templates,StringOption,5,0,9,9,104,16,0,2,0.2222222222222222,2,2
eclipse.pde.ui-20100428-1600,org.eclipse.pde.ui.templates,TemplateField,2,0,6,5,55,6,1,0,0.3333333333333333,0,1
eclipse.pde.ui-20100428-1600,org.eclipse.pde.ui.templates,TemplateOption,4,0,11,11,102,15,5,1,0.5454545454545454,7,1
eclipse.pde.ui-20100428-1600,org.eclipse.pde.internal.ui.samples,ProjectNamesPage,2,0,8,5,123,22,0,0,0.0,1,2
eclipse.pde.ui-20100428-1600,org.eclipse.pde.internal.ui.samples,ReviewPage,2,0,4,3,51,7,0,0,0.0,1,3
eclipse.pde.ui-20100428-1600,org.eclipse.pde.internal.ui.samples,SampleEditor,6,0,18,16,186,33,0,0,0.4444444444444444,1,1
eclipse.pde.ui-20100428-1600,org.eclipse.pde.internal.ui.samples,InputFileListener,0,0,2,2,24,6,0,0,-1.0,0,0
eclipse.pde.ui-20100428-1600,org.eclipse.pde.internal.ui.samples,SampleOperation,8,0,12,5,162,32,0,0,0.0,1,0
eclipse.pde.ui-20100428-1600,org.eclipse.pde.internal.ui.samples,SampleStandbyContent,11,0,18,12,201,51,0,0,0.2222222222222222,0,0
eclipse.pde.ui-20100428-1600,org.eclipse.pde.internal.ui.samples,SampleWizard,8,0,22,21,192,32,0,0,0.22727272727272727,4,3
eclipse.pde.ui-20100428-1600,org.eclipse.pde.internal.ui.samples,ImportOverwriteQuery,0,0,3,2,21,3,0,0,-1.0,0,0
eclipse.pde.ui-20100428-1600,org.eclipse.pde.internal.ui.samples,SelectionPage,4,0,12,7,92,16,0,0,0.4166666666666667,0,2
eclipse.pde.ui-20100428-1600,org.eclipse.pde.internal.ui.samples,SelectionPart,0,0,4,1,13,5,0,0,-1.0,0,0
eclipse.pde.ui-20100428-1600,org.eclipse.pde.internal.ui.samples,SampleProvider,0,0,1,1,5,1,0,0,-1.0,0,0
eclipse.pde.ui-20100428-1600,org.eclipse.pde.internal.ui.samples,SampleLabelProvider,1,0,3,3,13,3,0,0,0.6666666666666666,0,0
eclipse.pde.ui-20100428-1600,org.eclipse.pde.internal.ui.samples,ShowSampleAction,5,0,15,4,177,33,0,0,0.0,0,1
eclipse.pde.ui-20100428-1600,org.eclipse.pde.internal.ui.samples,ShowTargetPlatformAction,0,0,2,2,17,2,0,0,-1.0,0,0
eclipse.pde.ui-20100428-1600,org.eclipse.ui.internal.views.log,AbstractEntry,2,0,11,11,81,12,2,0,0.36363636363636365,4,1
eclipse.pde.ui-20100428-1600,org.eclipse.ui.internal.views.log,Activator,2,1,6,4,52,6,0,0,0.5,6,2
eclipse.pde.ui-20100428-1600,org.eclipse.ui.internal.views.log,EventDetailsDialog,31,2,49,18,677,105,0,0,0.16326530612244897,2,9
eclipse.pde.ui-20100428-1600,org.eclipse.ui.internal.views.log,EventDetailsDialogAction,5,0,6,6,59,14,0,0,0.0,0,2
eclipse.pde.ui-20100428-1600,org.eclipse.ui.internal.views.log,FilterDialog,13,0,20,9,228,32,0,0,0.2,2,5
eclipse.pde.ui-20100428-1600,org.eclipse.ui.internal.views.log,Group,1,0,3,3,20,4,1,1,0.6666666666666666,2,1
eclipse.pde.ui-20100428-1600,org.eclipse.ui.internal.views.log,IHelpContextIds,4,4,0,0,6,0,0,0,-1.0,3,0
eclipse.pde.ui-20100428-1600,org.eclipse.ui.internal.views.log,ILogFileProvider,0,0,1,0,11,1,0,0,-1.0,2,0
eclipse.pde.ui-20100428-1600,org.eclipse.ui.internal.views.log,ImportLogAction,7,0,13,9,157,30,0,0,0.0,0,4
eclipse.pde.ui-20100428-1600,org.eclipse.ui.internal.views.log,ImportConfigurationLogAction,2,0,4,3,29,6,0,0,0.0,2,2
eclipse.pde.ui-20100428-1600,org.eclipse.ui.internal.views.log,LogEntry,12,2,22,17,330,50,0,1,0.09090909090909091,5,2
eclipse.pde.ui-20100428-1600,org.eclipse.ui.internal.views.log,LogFilesManager,1,0,3,2,33,5,0,0,0.0,3,1
eclipse.pde.ui-20100428-1600,org.eclipse.ui.internal.views.log,LogReader,8,1,6,2,203,46,0,0,0.0,3,4
eclipse.pde.ui-20100428-1600,org.eclipse.ui.internal.views.log,LogSession,3,1,7,6,48,9,0,2,0.42857142857142855,5,1
eclipse.pde.ui-20100428-1600,org.eclipse.ui.internal.views.log,LogView,56,21,122,53,1462,314,0,0,0.06557377049180328,11,15
eclipse.pde.ui-20100428-1600,org.eclipse.ui.internal.views.log,GroupByAction,1,0,2,2,19,4,0,0,0.0,0,1
eclipse.pde.ui-20100428-1600,org.eclipse.ui.internal.views.log,LogViewContentProvider,1,0,8,8,28,9,0,0,0.875,0,1
eclipse.pde.ui-20100428-1600,org.eclipse.ui.internal.views.log,LogViewLabelProvider,10,0,7,7,91,26,0,0,0.42857142857142855,2,5
eclipse.pde.ui-20100428-1600,org.eclipse.ui.internal.views.log,Messages,81,80,0,0,86,0,0,0,-1.0,9,0
eclipse.pde.ui-20100428-1600,org.eclipse.ui.internal.views.log,OpenIDELogFileAction,1,0,2,2,19,3,0,0,0.0,0,2
eclipse.pde.ui-20100428-1600,org.eclipse.ui.internal.views.log,OpenLogDialog,6,0,17,4,177,29,0,0,0.17647058823529413,1,4
eclipse.pde.ui-20100428-1600,org.eclipse.ui.internal.views.log,SharedImages,29,25,3,2,39,3,0,0,1.0,4,1
eclipse.pde.ui-20100428-1600,org.eclipse.ui.internal.views.log,TailInputStream,2,0,6,5,36,9,0,0,0.0,0,0
